#N future years
#SSP585
79
#2018-2100
1.252433
1.095562
1.097663
0.2074262
0.8365922
-0.02472719
0.7080778
-0.03604734
-0.1206712
0.154702
-0.04589547
0.4834823
-0.1692851
-0.4994727
0.3718022
0.1938047
-0.02299446
1.283228
1.157523
0.6785745
0.373395
0.4236789
0.4142671
0.4736218
1.074075
-0.2739493
0.01602064
0.7719797
1.528029
1.683476
0.8582549
1.369392
1.210053
0.3084225
0.002238846
0.3640167
0.9369195
0.2368465
0.4534533
0.9780316
0.852941
0.8681091
1.457786
1.209316
1.819574
1.31304
0.9293387
0.8282637
1.829124
1.626587
1.469158
0.8340578
1.321867
1.419593
1.563357
1.316212
1.690225
1.966231
1.726163
1.746566
1.384321
1.643536
2.07386
1.25217
1.336912
1.73026
1.290659
1.778884
2.017787
1.251134
1.756374
1.962932
2.021702
1.762965
1.90173
1.892672
1.796166
1.975114
2.104563