#N future years SSP126
#83
79
#2018-2100
-0.121584
-0.3123921
-0.723738
0.7196092
1.050548
0.5804217
0.08635242
0.9285902
1.383096
0.07714867
0.1146337
-0.3164645
0.6173358
0.9396991
-0.1469899
0.224601
0.2534754
0.4769125
0.08528356
-0.4672012
-1.295557
-0.08110171
0.569887
0.1331667
0.3817245
0.4572124
0.6770516
0.1184414
0.03527665
0.8191436
0.9123471
0.6114386
-0.06497141
0.3049931
0.6168675
0.5128418
0.8613348
1.521769
1.099028
0.8153549
0.7296114
1.256741
0.9160713
0.2833633
-1.026499
-0.2921337
1.136021
0.3999952
0.728416
0.1002325
0.7477426
-0.009028031
0.7840097
0.8229563
1.257482
-0.01869616
-0.02238035
1.084761
1.217733
0.271182
0.2931937
0.9914269
0.3867473
0.05030631
-0.2617048
-0.1764023
-0.06327862
0.09281563
-0.4596532
0.57512
0.7764345
0.141414
-0.3998598
0.4843075
0.5204784
0.008627993
1.042471
0.7760888
0.1072407