#	yellowfin sole	model datafile	w/	growth	data	included.	
#	includes	temp_q	analysis	data																																																				
# This datafile  includes the changes to the fishery wt at age from 2008-2016 (also used for 2017 and 2018). 
#Also updated survey weights at age (and wt_pop_f and wt_pop_m since they are the same)
# #	styr																																																												
1954																																																													
#	endyr																																																												
2021																																																													
#	nages																																																												
20																																																													
#	"a,"	"b,"	Females																																																										
#	female	l-w	relationship	wt(g)=0.0059*L(cm)^3.205		  #updated 2021  																																																						
0.0059	3.205																																																												
#	male	l-w	relationship	wt(g)=0.0091*L(cm)^3.068		   #updated 2021 																																																						
#	"a,"	"b,"	Males																																																										
#																																																													
0.0091	3.068																																																												
#	nfsh	(number of fisheries)																																																											
1																																																													
#obs_catch	1954	1955	1956	1957	1958	1959	1960	1961	1962	1963	1964	1965	1966	1967	1968	1969	1970	1971	1972	1973	1974	1975	1976	1977	1978	1979	1980	1981	1982	1983	1984	1985	1986	1987	1988	1989	1990	1991	1992	1993	1994	1995	1996	1997	1998	1999	2000	2001	2002	2003	2004	2005	2006	2007	2008	2009	2010	2011	2012	2013	2014 2015 2016  2017 2018 2019 2020 2021
	12.562	14.690	24.697	24.145	44.153	185.321	456.103	553.742	420.703	85.810	111.777	53.810	102.353	162.228	84.189	167.134	133.079	160.399	47.856	78.240	42.235	64.690	56.221	58.373	138.433	99.019	87.391	97.301	95.712	108.385	159.526	227.107	208.597	181.428	223.156	153.165	83.970	117.303	145.386	105.810	140.050	124.752	129.660	182.814	101.155	69.234	84.070	63.578	74.986	79.806	75.511	94.385	99.160	120.964	148.894	107.513	118.624	151.158	147.187	164.944	156.772	126.937	135.348	132.265	131.541	128.061	133.789 95.195
#	nyrs_fsh_c (combined	sex	age)																																																										
11																																																													
#	nyrs_fsh_split	sex	age																																																										
46																																																													
#	yrs_fsh_age_combined																																																												
1964	1965	1966	1967	1968	1969	1970	1971	1972	1973	1974																																																			
#	yrs_fsh_age_split #males and females together sum to 1																																																												
1975	1976	1977	1978	1979	1980	1981	1982	1983	1984	1985	1986	1987	1988	1989	1990	1991	1992	1993	1994	1995	1996	1997	1998	1999	2000	2001	2002	2003	2004	2005	2006	2007	2008	2009	2010	2011	2012	2013	2014 2015  2016 2017 2018 2019 2020
#	Year	Sex	oac_fsh	(1	nfsh	1	nyrs_fsh_age	1	nages)	females	first	for	split-sex	years	(after	the	11th	record)
0	0	0	0.164	0.278	0.071	0.1881	0.3293	0.0783	0.0888	0.0944	0.0652	0.0207	0.0084	0.0016	0.0003	0	0	0	0
0	0	0	0	0.0004	0.0063	0.0225	0.1768	0.3541	0.0882	0.1122	0.124	0.08	0.0246	0.0085	0.0012	0.001	0	0	0
0	0	0	0	0	0.0018	0.032	0.0963	0.2171	0.343	0.0776	0.0809	0.0848	0.0492	0.0148	0.0013	0.0012	0	0	0
0	0	0	0.0001	0.0001	0.0178	0.049	0.1279	0.1894	0.2082	0.2708	0.0375	0.0314	0.0317	0.0253	0.0093	0.0015	0	0	0
0	0	0	0	0.0006	0.0033	0.071	0.0748	0.1691	0.1893	0.1898	0.1643	0.0492	0.028	0.0242	0.0164	0.0094	0.0062	0.0044	0
0	0	0	0	0.0013	0.0101	0.0084	0.1176	0.1158	0.2109	0.1972	0.18	0.0938	0.0305	0.0112	0.0073	0.0097	0.0022	0.0039	0
0	0	0	0	0.0005	0.0247	0.1205	0.1767	0.2044	0.0588	0.0961	0.1327	0.0817	0.0935	0.0061	0.0041	0	0	0	0
0	0	0	0	0.0003	0.0368	0.2384	0.1494	0.1477	0.1514	0.039	0.0707	0.0642	0.0708	0.0291	0.0023	0	0	0	0
0	0	0	0.0002	0.0076	0.0648	0.1315	0.2045	0.0754	0.0495	0.3996	0.0274	0.0214	0.0139	0	0.0024	0	0	0.0018	0
0	0	0	0	0.0064	0.0336	0.2127	0.2054	0.14	0.0911	0.094	0.0887	0.0672	0.0323	0.0164	0.0032	0.0077	0	0.0013	0
0	0	0	0.010458912	0.073852831	0.117351531	0.28440054	0.25359263	0.066969145	0.057799778	0.035120983	0.038318204	0.030029409	0.016186419	0.004535759	0.007159379	0.004224479	0	0	0
0	0	0	0	0.006663558	0.012908976	0.047128973	0.13982104	0.093992835	0.054729336	0.022274403	0.021856566	0.019830972	0.003013725	0.006833278	0.003258382	0.002064754	0	0	0.000311381	0	0	0	0	0.005666247	0.046995302	0.094263552	0.237398488	0.123943237	0.019854077	0.009104001	0.005182543	0.016853137	0.001520213	0.002665308	0.001710239	0.000155476	0	0	0
0	0	4.37E-05	8.74E-05	0.010047178	0.041252715	0.036693191	0.066862523	0.172108557	0.10010206	0.066631512	0.012704376	0.005451062	0.003387334	0.008449614	0.003674397	0.00121315	0.00108834	0.0002621	0.000606575	0	0	0	0	0.007249361	0.020894651	0.054988794	0.044517527	0.139599611	0.114664165	0.035227736	0.020597686	0.020662725	0.00249966	0.006884987	0.000708642	0.000436834	0.000227154	0.000174734	0
0	0.000842689	0.001879418	0.029733006	0.044646381	0.084292203	0.066311306	0.16019877	0.106404975	0.023837194	0.00925893	0.006906814	0.001644383	0.000608572	0.000571561	0.000303226	0.000301714	7.61E-05	6.22E-05	0	0	0	0	0.000694981	0.001833086	0.01018711	0.034440124	0.081694642	0.074428986	0.115934553	0.090399214	0.03569083	0.007391691	0.003737232	0.004386424	0.000853777	0.00014553	0.00017955	2.27E-05	0.00010017																						
0	0	0.00E+00	0.001455576	0.01380059	0.012416949	0.054231415	0.125301678	0.119456021	0.093487381	0.094117214	0.032164231	0.01464841	0.00702123	0.003496128	0.001745764	0.000817626	0.000758188	9.25E-05	0.000912441	0	0	1.71E-05	0.001048476	0.006776906	0.009810846	0.05223418	0.086607457	0.066464633	0.067902952	0.074560352	0.027950353	0.017659772	0.00928024	0.002122633	0.001381833	0.000193694	6.09E-05	0	4.27E-06																						
0	0	0.00E+00	0.000429591	0.009259214	0.03580484	0.025434531	0.068634876	0.117791681	0.122296837	0.077766897	0.06145801	0.029938768	0.011472102	0.006293076	0.002560108	0.00250384	0.000992888	0.000308966	0.000197112	0	0	8.07E-06	0.000415004	0.006565836	0.025459876	0.030192786	0.059670426	0.113372185	0.070538066	0.062147948	0.036365431	0.016507729	0.002936711	0.001615995	0.000825781	0.000226746	8.07E-06	0	0																						
0	0	0	0.001269365	0.007377199	0.044959875	0.06345837	0.038426257	0.06147228	0.107321343	0.102171866	0.068787333	0.071292579	0.043345856	0.021386214	0.013151866	0.007836574	0.006090403	0.005410954	0.011306048	0	0	0	0.000214682	0.006830753	0.02166629	0.03562016	0.020195302	0.028340867	0.04694893	0.053142948	0.046034502	0.032353501	0.013816343	0.005494835	0.00689967	0.003424291	0.001738936	0.001029555	0.001184051																						
0	0	0	0.004736452	0.013484104	0.010162991	0.0568331	0.064694479	0.034989533	0.052426387	0.094408184	0.106309642	0.072017046	0.049398683	0.015657049	0.008914188	0.002482118	0.002085588	0.001020221	0.000973525	0	0	0	0.007287473	0.014014456	0.014669259	0.043433639	0.037121315	0.032396126	0.046851956	0.071159282	0.05913464	0.044864571	0.023456674	0.010513007	0.00201491	0.00217065	0.000250122	6.86E-05	0																						
0	0	0.000151085	0.001877308	0.008104014	0.022764771	0.026904292	0.073798309	0.055269009	0.048521488	0.092492872	0.09090571	0.052101221	0.028231065	0.016369387	0.006074137	0.000726219	0.000689738	0	0.000212047	0	0	0.000185018	0.002980128	0.010523241	0.039608816	0.03870135	0.060940475	0.049205223	0.050252904	0.071696918	0.072425437	0.043421887	0.022442399	0.009186536	0.001659105	0.00043606	0.000666437	0.000296442	0.000178952																						
0	0	0	0.001862779	0.006245244	0.014449065	0.065723759	0.046927952	0.078205497	0.044730715	0.047831798	0.074556224	0.064567702	0.05207512	0.029978397	0.015676065	0.005316047	0.004423537	0.002309818	0.000593102	0	0.000124542	0.000351648	0.002804289	0.003711486	0.017469394	0.061166546	0.029882773	0.060446721	0.047671591	0.038798218	0.056104937	0.049663697	0.033109761	0.023638438	0.011370892	0.0060584	0.000978021	0	0.001175823																						
0	0	0	0	0.001636766	0.008214961	0.028577919	0.037666209	0.051106295	0.094122008	0.041482469	0.061743653	0.048294833	0.059983153	0.02637135	0.012017944	0.001580304	0.012150169	0.002753833	0.000418929	0	0	0	0.000284633	0.001901943	0.010909022	0.013672886	0.062919582	0.035558387	0.080108223	0.036954566	0.049032228	0.054132867	0.097045491	0.042035909	0.01665996	0.008513318	0.000913747	0.001236442	0																						
0	0	8.04E-06	0.000655611	0.004342212	0.010930887	0.016108153	0.023427026	0.058415035	0.05275289	0.067807918	0.060069822	0.054765469	0.063157654	0.04547239	0.01463658	0.007529663	0.003264246	0.001313767	0	0	0	0.000146237	0.000303053	0.005187083	0.007341377	0.021709067	0.030640566	0.057096301	0.063697878	0.074950103	0.061946357	0.069527221	0.055657676	0.030764553	0.02018162	0.011159131	0.004252941	0.000399928	0.000381547																						
0	0	0.000186903	0.000168552	0.002987965	0.006988964	0.03239234	0.031434561	0.039589452	0.091977179	0.067246701	0.060745202	0.043814901	0.031132498	0.037510379	0.028089643	0.018532746	0.021805957	0.013923275	0.007579117	0	0	0	0.00085638	0.001659012	0.009734566	0.034239134	0.024020215	0.052355045	0.059750929	0.044742877	0.0404437	0.043088337	0.023149168	0.039188906	0.042009883	0.020392757	0.008660554	0.012187656	0.007414546																						
0	0	0.000543501	0.001595644	0.003087538	0.006678527	0.011831834	0.029185973	0.018597598	0.037601577	0.049560891	0.054721081	0.060553559	0.047613803	0.026674185	0.029187341	0.024169888	0.028402544	0.019070815	0.013967823	0	0	0.00043277	0.001321669	0.00372055	0.003686114	0.016133611	0.051985951	0.035455039	0.045661896	0.0439795	0.050565026	0.057774691	0.04414646	0.016414512	0.031172894	0.038996037	0.022381838	0.028111685	0.045015634																						
0	0	7.87E-05	0.001254985	0.005270232	0.000625339	0.018276857	0.028127713	0.068615907	0.021382247	0.038349561	0.054608543	0.036769465	0.062715659	0.052945456	0.023017423	0.024036788	0.03476809	0.020669994	0.044560004	0	0	0	0.002508418	0.00553685	0.000774255	0.025549571	0.035171837	0.085532446	0.023947137	0.037309936	0.042738601	0.02357143	0.049746664	0.035582059	0.013349865	0.015611357	0.014275736	0.016793605	0.035927253																						
0	0	0	0	0	0.002494132	0.002743236	0.038720919	0.050092286	0.049074224	0.032124673	0.034102973	0.054785524	0.024896712	0.050010573	0.049125314	0.025939728	0.026972968	0.026474428	0.066576584	0	0	0	0	0	0.001842299	0.002399294	0.044932614	0.03834613	0.058386194	0.018081103	0.02057474	0.036817157	0.029474262	0.028645031	0.030803489	0.018747513	0.020696787	0.043857885	0.07226123																						
0	0	0	0	0	0	0.022466564	0.008155395	0.125012416	0.034147172	0.055307493	0.033337959	0.016606543	0.013678586	0.00796562	0.083584785	0	0.009957025	0.00796562	0.069610446	0	0	0	0	0	0.002471001	0.046329644	0.008237212	0.176854585	0.024827058	0.050358839	0.021346523	0.026613657	0.039713214	0.002994463	0.04123483	0.017552236	0.005988926	0.011758389	0.035923803																						
0	0	0	0	0	0	0.012570439	0.065480623	0.010140431	0.109813897	0.043502221	0.036528229	0.009800606	0.033594822	0.041576683	0.023566858	0.019781092	0.024374796	0.007465126	0.035690298	0	0	0	0	0	0	0.01264928	0.094526823	0.006527527	0.188588071	0.030249314	0.063053384	0.008988082	0.013622907	0.023676929	0.017492241	0.02402207	0.008119237	0.002357195	0.032240818																						
0	0	0	0.001362825	0.004460315	0.006861947	0.006418699	0.023683005	0.089271821	0.021296991	0.14309717	0.044382433	0.03652715	0.013850851	0.028135976	0.019319904	0.018106423	0.02221104	0.015690491	0.062712875	0	0	0	0.001904151	0.003073563	0.005854456	0.007198631	0.031716511	0.102235099	0.030355716	0.13837358	0.023769335	0.020549405	0.016631399	0.006465424	0.009825638	0.008562762	0.009446182	0.004629327	0.022018904																						
0	0	0	0	0.012995901	0.008954164	0.017308229	0.012158417	0.018250794	0.091740614	0.007788212	0.116645202	0.02950671	0.033944931	0.020632579	0.029217152	0.017210351	0.029780408	0.028143849	0.102950848	0	0	0	0	0.011129597	0.01290983	0.017710195	0.011341799	0.014292425	0.078709587	0.014053484	0.103982236	0.018093747	0.024944982	0.008176694	0.015073753	0.021783369	0.004964629	0.013982842	0.051622467																						
0	0	8.93E-05	0.000298723	0.002756375	0.005925336	0.021307302	0.032069092	0.028885138	0.033787209	0.156904612	0.001219376	0.099504703	0.010189729	0.042766771	0.021357219	0.00983987	0.024277641	0.021443909	0.073187264	0	3.66E-05	0.000102526	0.000302556	0.001672562	0.00795098	0.022780203	0.037778908	0.026647292	0.021913465	0.107449751	0.005448976	0.088725865	0.009916478	0.027511745	0.007135545	0.007731826	0.005989662	0.008777829	0.026317693																						
0	0	0	0	0	0	0.038409845	0.057604314	0.02461153	0.01451953	0.017809967	0.103742632	0.002322775	0.155149136	0.014334673	0.026705365	0.019055417	0.016003457	0.015216438	0.071019336	0	0	0	0	0.001504022	0.005975864	0.029508051	0.055885457	0.026901803	0.012927684	0.015769727	0.100365094	0.001977068	0.09953078	0.009551223	0.014669692	0.005742608	0.007875938	0.003521158	0.031789416																						
0	0	0	0.002858089	0.018102146	0.004557102	0.013788924	0.037017449	0.060425634	0.022611566	0.028500448	0.031202961	0.071008533	0.008091188	0.10679718	0.011795037	0.017215158	0.014242757	0.007998924	0.065599062	0	0	0.001502407	0.003000118	0.022599331	0.008583017	0.01640336	0.057796734	0.040637819	0.022154029	0.007292153	0.028485028	0.100305243	0.024839725	0.067214275	0.012719647	0.014406491	0.003172255	0.008766201	0.038310008																						
0	0	0.000149497	0.003330004	0.007248535	0.018191432	0.01838836	0.023396364	0.061305917	0.030603385	0.017273435	0.029932777	0.031429899	0.097223607	0.00860991	0.058615577	0.014157076	0.019281848	0.01275968	0.057172613	0	0	0.000267113	0.002890374	0.00796221	0.016417102	0.015065948	0.019712885	0.047684338	0.038173212	0.029576192	0.035928563	0.019569913	0.099138061	0.015877515	0.050180168	0.006661662	0.025570807	0.016147707	0.044106316																						
0	0	0.000183667	0.004091137	0.008905319	0.022349415	0.022591355	0.028744029	0.075318502	0.037598346	0.021221594	0.036774458	0.038613776	0.119445834	0.010577862	0.072013236	0.017392934	0.023689065	0.015676137	0.070240455	0	0	0	0	0	0.002795983	0.016816069	0.02383179	0.023562735	0.051194756	0.040458047	0.029885895	0.008566777	0.018843047	0.031478992	0.010079694	0.030346609	0.016245061	0.014332128	0.056135295																						
0	0	0	0	0	0.003358517	0.010129721	0.017926938	0.026496589	0.024101676	0.084164004	0.048265887	0.027590354	0.038109522	0.044817683	0.065256195	0.058970948	0.051718496	0.025370564	0.09678923	0	0	0	0	0.000238944	0.002180361	0.004276097	0.01830747	0.010926172	0.015337232	0.042869664	0.048815877	0.025855495	0.022474786	0.031531247	0.039396958	0.023426162	0.033681989	0.015830575	0.041784648																						
0	0	0	0	0.003603132	0.001929692	0.003761637	0.014159857	0.05355631	0.029880344	0.025841854	0.067159726	0.078461238	0.047885516	0.015785681	0.036658774	0.056175904	0.027935733	0.036694786	0.094283062	0	0	0	0	0	0.001472776	0.001472776	0.017515349	0.047744763	0.01322074	0.021985951	0.053056716	0.025639244	0.030157985	0.02069787	0.045644313	0.031444501	0.022128567	0.027135865	0.046909341																						
0	0	0	0	0.002446629	0.01507767	0.014311184	0.023732296	0.047206618	0.077913181	0.049365079	0.044661868	0.073020352	0.051130449	0.037696403	0.020420662	0.031571982	0.036793485	0.014349536	0.081917237	0	0	0	0	0	0	0.005772031	0.016705814	0.013007243	0.032664087	0.029494091	0.014859333	0.024516977	0.029163524	0.034744864	0.018239675	0.016195725	0.054401727	0.025244345	0.063375929																						
0	0	0.00E+00	0	0	0.000992841	0.009038001	0.021402702	0.032450588	0.036728496	0.062613608	0.042700247	0.033184636	0.043046472	0.047150929	0.021352921	0.024735419	0.023763753	0.038448101	0.124244494	0	0	9.47E-05	0.000402665	0	0	0.004473528	0.023924312	0.025449207	0.0416594	0.085113985	0.026387658	0.017161163	0.045881956	0.014485931	0.014349322	0.009294688	0.022398279	0.038329023	0.068740929																						
0	0	0	0	0	0.01098155	0.004317724	0.045559479	0.044977716	0.02518082	0.043175864	0.082055362	0.0349546	0.021664596	0.019041295	0.027472073	0.020244221	0.018604902	0.014858063	0.135399428	0	0	0	0	0.001852663	0	0.006698814	0.075046312	0.041918937	0.026176448	0.023752583	0.041612161	0.01744968	0.018462245	0.02799402	0.023607741	0.019848002	0.013926156	0.023681569	0.089484977																						
0	0	0	0	0.002760478	0.007346518	0.014727576	0.010094094	0.100390538	0.045050915	0.03108094	0.022628239	0.048055717	0.019336186	0.013653124	0.045498441	0.026511911	0.023155492	0.010344469	0.127315086	0	0	0	0	0	0.007236882	0.007147023	0.019190999	0.092105148	0.018459158	0.016283358	0.020434931	0.034753661	0.013630891	0.00922765	0.019059927	0.031743871	0.014339039	0.013346155	0.135091581																						
0	0	0	0	0.008388609	0.014312866	0.017844699	0.026575787	0.030091053	0.078836834	0.029256453	0.033296178	0.035417411	0.055248274	0.029344097	0.006401233	0.010693394	0.031458072	0.016876714	0.128501366	0	0	0	0.001765987	0.000862925	0.015895221	0.010515858	0.042059968	0.024371985	0.078537125	0.021628142	0.020873045	0.027013911	0.03679732	0.015755366	0.007315039	0.015246735	0.017826257	0.009673791	0.101318285																						
0	0	0	0	0.010030189	0.026033677	0.067093726	0.054286361	0.034979789	0.037551779	0.137637283	0.022690545	0.00377981	0.012612997	0.032668725	0.013468522	0.008427972	0.013175819	0.016323607	0.061661241	0	0	0	0.001203009	0	0.007157902	0.062658386	0.053220076	0.033527178	0.050533263	0.055303783	0.023857719	0.012281009	0.021422267	0.02918475	0.010061495	0.021049933	0.015021522	0.012858991	0.038236679																						
0	0	0	0	0.002064668	0.019006361	0.012351963	0.042653002	0.032725433	0.021503107	0.040472471	0.080228843	0.029930368	0.029810918	0.026506784	0.032684027	0.012632588	0.015318011	0.020521253	0.115966975	0	0	0	0.000702545	0.004999777	0.013042241	0.016122565	0.066359209	0.02860531	0.026678593	0.049929166	0.057652602	0.02224715	0.016184144	0.030373189	0.016816172	0.014853433	0.018666119	0.015389621	0.067001392																						
0	0	0	0	0.005899027	0.011854343	0.017203942	0.044925019	0.044457915	0.051869963	0.027554974	0.030354663	0.069241648	0.037371755	0.020555549	0.025763972	0.034512769	0.017460158	0.01812913	0.104337469	0	0	0	0	0.004907793	0.011479999	0.022858985	0.029850688	0.061487721	0.021196674	0.032805249	0.016702857	0.074387621	0.01442497	0.022624903	0.015767261	0.02139702	0.014467312	0.014183245	0.059965403																						
0	0	0	0	0	0.007567565	0.023320873	0.033918169	0.061910011	0.064377854	0.034995357	0.052381627	0.036273301	0.047454325	0.031621281	0.025208331	0.01784485	0.028199838	0.022066274	0.102029225	0	0	0	0	5.90E-05	0.010484301	0.012991727	0.035537591	0.027934102	0.047826031	0.026852276	0.014395759	0.023433778	0.042662051	0.015800333	0.021168461	0.021407788	0.02036064	0.018688711	0.07122853																						
0	0	0	0	0	0.008440037	0.036139452	0.029768181	0.043619384	0.042300834	0.039865154	0.031995222	0.039673711	0.040785856	0.055319308	0.027522991	0.02333846	0.025571017	0.020674807	0.102642241	0	0	0	0	0.000410891	0	0.063250676	0.029350135	0.055954157	0.021365352	0.047089327	0.042965408	0.021958586	0.012825726	0.024110302	0.01009505	0.008097962	0.015967213	0.013659852	0.065242709																						
0	0	0	0	0	0.004824296	0.022164676	0.049459161	0.037942432	0.048561395	0.038979152	0.060358606	0.030675937	0.028536705	0.029268967	0.039775312	0.019493851	0.022360805	0.025858955	0.091548652	0	0	0	0	0.00061283	0.011139402	0.016055995	0.069387545	0.034782715	0.032447948	0.032999038	0.041315504	0.014718041	0.012872785	0.013040611	0.034039102	0.024326598	0.007804172	0.016664338	0.087984474																						
0	0	0	0	0	0.006984487	0.024589315	0.032814169	0.049953646	0.043480974	0.047743168	0.015987036	0.049402904	0.021055458	0.008163302	0.023387842	0.02876675	0.011013957	0.01364667	0.103623151	0	0	0	0	0.006662545	0.00349861	0.024969144	0.035604018	0.081523495	0.040097045	0.030570431	0.029580607	0.040435345	0.036768039	0.009801209	0.015053987	0.048503467	0.016406915	0.017519398	0.082392916																						
0	0	0	0	0	0.001070293	0.005033985	0.020617516	0.036969158	0.065690557	0.061573207	0.068784314	0.05236077	0.037165378	0.019629787	0.03127094	0.025667427	0.024698828	0.014205192	0.073331473	0	0	0	0	0	0.001831568	0.020061331	0.004859489	0.033734108	0.08463853	0.047656742	0.058799144	0.043857232	0.036636696	0.025688026	0.013499906	0.016097728	0.020354818	0.008710533	0.045505326																						
0	0	0	0	0	0.002071374	0.008230036	0.021996505	0.040744229	0.045118629	0.045717723	0.064711726	0.036631631	0.031889027	0.042437295	0.025692115	0.011864411	0.020237903	0.027703521	0.115771879	0	0	0	0	0.000420513	0.000342418	0.016813705	0.039278097	0.026301848	0.03525123	0.058366996	0.023851713	0.035061505	0.040526961	0.037168153	0.011056567	0.00914443	0.011855079	0.02699635	0.086746429
0	0	0	0	0	0.003392229	0.009346415	0.019804853	0.02373361	0.039519126	0.029385657	0.080510803	0.037829328	0.043681275	0.034661965	0.039559198	0.019307445	0.013467975	0.015815386	0.133376049	0	0	0	0	0	0.0026169	0.006006159	0.026773868	0.041523738	0.023968905	0.017956198	0.048098926	0.024564777	0.046949818	0.021561907	0.039233024	0.010778012	0.007703815	0.014628994	0.124243646
0	0	0	0	0	0	0.0169526	0.037787616	0.041769288	0.034444612	0.039838113	0.031146989	0.060365388	0.027653278	0.021513201	0.012562604	0.030104631	0.024459562	0.010435954	0.142610991	0	0	0	0	0	0	0.022564761	0.026733745	0.032371931	0.045274766	0.041638198	0.017173946	0.04860797	0.028171509	0.023111797	0.0120528	0.026770488	0.017538249	0.009502407	0.116842605
0	0	0	0.001678348	0.002295427	0.002675781	0.010480291	0.082352234	0.059205197	0.045603147	0.060307071	0.026056965	0.012290481	0.035923524	0.022857458	0.020907723	0.009143179	0.013733121	0.007384396	0.054755602	0	0	0	0	0	0.001287061	0.009296548	0.043985769	0.03939156	0.023994622	0.02323534	0.017040591	0.014376641	0.057784484	0.025548767	0.026372565	0.024716004	0.031437038	0.005939149	0.187943918
0	0	0	0	0	0.008543733	0.007119495	0.016511182	0.070138083	0.067565943	0.040094101	0.027839415	0.035557982	0.039414066	0.03972461	0.021922487	0.025419883	0.023050628	0.020827251	0.113411661	0	0	0	0	0.001840725	0.00368145	0.004369991	0.01565022	0.088546796	0.046530815	0.044426865	0.045232076	0.009587883	0.02262252	0.023478503	0.016928102	0.017045553	0.012340687	0.010154392	0.080422902
0	0	0	0.003185415	0.007168781	0.004798607	0.014048061	0.006876702	0.031962205	0.081327137	0.066675037	0.044557968	0.030703589	0.039066701	0.029124729	0.031421899	0.021247079	0.025315751	0.018623164	0.115189165	0	0	0	0	0.003378555	0.004698571	0.016578962	0.006938558	0.036857548	0.070313721	0.047017598	0.023936752	0.026138574	0.021324453	0.016006284	0.033818448	0.015511881	0.009594635	0.009236608	0.087356862
0	0	0	0	0.006663112 0.022246351 0.030903639 0.024040601 0.010234586 0.047453470 0.090696601 0.057800285 0.032139821 0.024503911 0.030346408 0.032085936 0.027656602 0.022459362 0.023860256 0.095057630 0.000000000 0.000000000 0.000000000 0.000000000 0.013417150 0.014691654 0.017553262 0.024212819 0.017961114 0.043895468 0.077601681 0.035360651 0.028776766 0.010148775 0.011897334 0.016187176 0.014957309 0.010619511 0.007886574 0.076684185

#wt_fsh_in	Female	Female	Female	Female	Female	Female	Female	Female	Female	Female	Female	Female	Female	Female	Female	Female	Female	Female	Female	Male	Male	Male	Male	Male	Male	Male	Male	Male	Male	Male	Male	Male	Male	Male	Male	Male	Male	Male	Male																					
#	1 2	3	4	5	6	7	8	9	10	11	12	13	14	15	16	17	18	19	20	1	2	3	4	5	6	7	8	9	10	11	12	13	14	15	16	17	18	19	20
0	4	15	34	60	91	125	160	195	230	263	294	322	348	372	393	412	429	444	481	0	4	15	34	60	91	125	160	195	230	263	294	322	348	372	393	412	429	444	481																												
0	4	15	34	60	91	125	160	195	230	263	294	322	348	372	393	412	429	444	481	0	4	15	34	60	91	125	160	195	230	263	294	322	348	372	393	412	429	444	481																												
0	4	15	34	60	91	125	160	195	230	263	294	322	348	372	393	412	429	444	481	0	4	15	34	60	91	125	160	195	230	263	294	322	348	372	393	412	429	444	481																												
0	4	15	34	60	91	125	160	195	230	263	294	322	348	372	393	412	429	444	481	0	4	15	34	60	91	125	160	195	230	263	294	322	348	372	393	412	429	444	481																												
0	4	15	34	60	91	125	160	195	230	263	294	322	348	372	393	412	429	444	481	0	4	15	34	60	91	125	160	195	230	263	294	322	348	372	393	412	429	444	481																												
0	4	15	34	60	91	125	160	195	230	263	294	322	348	372	393	412	429	444	481	0	4	15	34	60	91	125	160	195	230	263	294	322	348	372	393	412	429	444	481																												
0	4	15	34	60	91	125	160	195	230	263	294	322	348	372	393	412	429	444	481	0	4	15	34	60	91	125	160	195	230	263	294	322	348	372	393	412	429	444	481																												
0	4	15	34	60	91	125	160	195	230	263	294	322	348	372	393	412	429	444	481	0	4	15	34	60	91	125	160	195	230	263	294	322	348	372	393	412	429	444	481																												
0	4	15	34	60	91	125	160	195	230	263	294	322	348	372	393	412	429	444	481	0	4	15	34	60	91	125	160	195	230	263	294	322	348	372	393	412	429	444	481																												
0	4	15	34	60	91	125	160	195	230	263	294	322	348	372	393	412	429	444	481	0	4	15	34	60	91	125	160	195	230	263	294	322	348	372	393	412	429	444	481																												
0	4	15	34	60	91	125	160	195	230	263	294	322	348	372	393	412	429	444	481	0	4	15	34	60	91	125	160	195	230	263	294	322	348	372	393	412	429	444	481																												
0	4	15	34	60	91	125	160	195	230	263	294	322	348	372	393	412	429	444	481	0	4	15	34	60	91	125	160	195	230	263	294	322	348	372	393	412	429	444	481																												
0	4	15	34	60	91	125	160	195	230	263	294	322	348	372	393	412	429	444	481	0	4	15	34	60	91	125	160	195	230	263	294	322	348	372	393	412	429	444	481																												
0	4	15	34	60	91	125	160	195	230	263	294	322	348	372	393	412	429	444	481	0	4	15	34	60	91	125	160	195	230	263	294	322	348	372	393	412	429	444	481																												
0	4	15	34	60	91	125	160	195	230	263	294	322	348	372	393	412	429	444	481	0	4	15	34	60	91	125	160	195	230	263	294	322	348	372	393	412	429	444	481																												
0	4	15	34	60	91	125	160	195	230	263	294	322	348	372	393	412	429	444	481	0	4	15	34	60	91	125	160	195	230	263	294	322	348	372	393	412	429	444	481																												
0	4	15	34	60	91	125	160	195	230	263	294	322	348	372	393	412	429	444	481	0	4	15	34	60	91	125	160	195	230	263	294	322	348	372	393	412	429	444	481																												
0	4	15	34	60	91	125	160	195	230	263	294	322	348	372	393	412	429	444	481	0	4	15	34	60	91	125	160	195	230	263	294	322	348	372	393	412	429	444	481																												
0	4	15	34	60	91	125	160	195	230	263	294	322	348	372	393	412	429	444	481	0	4	15	34	60	91	125	160	195	230	263	294	322	348	372	393	412	429	444	481																												
0	4	15	34	60	91	125	160	195	230	263	294	322	348	372	393	412	429	444	481	0	4	15	34	60	91	125	160	195	230	263	294	322	348	372	393	412	429	444	481																												
0	4	15	34	60	91	125	160	195	230	263	294	322	348	372	393	412	429	444	481	0	4	15	34	60	91	125	160	195	230	263	294	322	348	372	393	412	429	444	481																												
6	8	20	31	55	84	124	165	217	266	301	341	374	407	428	443	480	483	499	590	4	14	18	32	54	85	120	156	193	225	253	280	303	324	330	344	355	366	390	423																												
6	8	20	31	55	84	124	165	217	266	301	341	374	407	428	443	480	483	499	590	4	14	18	32	54	85	120	156	193	225	253	280	303	324	330	344	355	366	390	423																												
6	8	20	31	55	84	124	165	217	266	301	341	374	407	428	443	480	483	499	590	4	14	18	32	54	85	120	156	193	225	253	280	303	324	330	344	355	366	390	423																												
6	8	20	31	55	84	124	165	217	266	301	341	374	407	428	443	480	483	499	590	4	14	18	32	54	85	120	156	193	225	253	280	303	324	330	344	355	366	390	423																												
6	8	20	31	55	84	124	165	217	266	301	341	374	407	428	443	480	483	499	590	4	14	18	32	54	85	120	156	193	225	253	280	303	324	330	344	355	366	390	423																												
6	8	20	31	55	84	124	165	217	266	301	341	374	407	428	443	480	483	499	590	4	14	18	32	54	85	120	156	193	225	253	280	303	324	330	344	355	366	390	423																												
6	8	20	31	55	84	124	165	217	266	301	341	374	407	428	443	480	483	499	590	4	14	18	32	54	85	120	156	193	225	253	280	303	324	330	344	355	366	390	423																												
6	8	20	31	55	84	124	165	217	266	301	341	374	407	428	443	480	483	499	590	4	14	18	32	54	85	120	156	193	225	253	280	303	324	330	344	355	366	390	423																												
6	8	20	31	55	84	124	165	217	266	301	341	374	407	428	443	480	483	499	590	4	14	18	32	54	85	120	156	193	225	253	280	303	324	330	344	355	366	390	423																												
6	8	20	31	55	84	124	165	217	266	301	341	374	407	428	443	480	483	499	590	4	14	18	32	54	85	120	156	193	225	253	280	303	324	330	344	355	366	390	423																												
6	8	20	31	55	84	124	165	217	266	301	341	374	407	428	443	480	483	499	590	4	14	18	32	54	85	120	156	193	225	253	280	303	324	330	344	355	366	390	423																												
6	8	20	31	55	84	124	165	217	266	301	341	374	407	428	443	480	483	499	590	4	14	18	32	54	85	120	156	193	225	253	280	303	324	330	344	355	366	390	423																												
6	8	20	31	55	84	124	165	217	266	301	341	374	407	428	443	480	483	499	590	4	14	18	32	54	85	120	156	193	225	253	280	303	324	330	344	355	366	390	423																												
6	8	20	31	55	84	124	165	217	266	301	341	374	407	428	443	480	483	499	590	4	14	18	32	54	85	120	156	193	225	253	280	303	324	330	344	355	366	390	423																												
6	8	20	31	55	84	124	165	217	266	301	341	374	407	428	443	480	483	499	590	4	14	18	32	54	85	120	156	193	225	253	280	303	324	330	344	355	366	390	423																												
6	8	20	31	55	84	124	165	217	266	301	341	374	407	428	443	480	483	499	590	4	14	18	32	54	85	120	156	193	225	253	280	303	324	330	344	355	366	390	423																												
6	8	20	31	55	84	171	241	316	315	346	404	409	458	430	457	584	524	481	549	4	14	18	32	54	85	160	210	216	264	279	321	321	339	341	360	377	474	386	383																												
6	8	20	31	55	84	156	170	237	248	317	386	417	411	480	468	451	543	491	544	4	14	18	32	54	85	104	175	200	261	285	327	360	343	391	397	387	421	397	455																												
6	8	20	31	55	84	176	205	234	279	323	343	348	417	431	437	460	440	472	510	4	14	18	32	54	85	147	194	191	242	292	281	310	345	330	396	362	396	365	405																												
6	8	20	31	55	84	206	214	241	283	302	250	344	417	354	470	440	454	442	479	4	14	18	32	54	85	145	176	237	266	263	258	284	301	315	348	349	353	374	383																												
6	8	20	31	55	84	123	182	222	210	316	292	271	373	412	426	438	478	459	509	4	14	18	32	54	85	126	152	197	197	293	267	290	310	363	334	346	368	454	375																												
6	8	20	31	55	84	118	178	226	261	359	348	406	390	414	470	469	682	524	520	4	14	18	32	54	85	204	174	211	288	180	302	316	360	366	467	433	453	451	427																												
6	8	20	31	55	84	141	142	214	260	270	281	374	368	357	410	443	467	563	502	4	14	18	32	54	85	134	155	202	202	249	245	303	325	358	331	419	404	402	399																												
6	8	20	31	55	84	133	176	220	242	285	259	283	290	355	393	407	394	405	453	4	14	18	32	54	85	104	148	175	200	238	218	227	295	304	359	303	363	353	378																												
6	8	20	31	55	84	173	216	213	264	305	307	329	333	371	398	418	448	403	480	4	14	18	32	54	85	129	194	168	226	257	271	284	277	309	331	344	342	340	412																												
6	8	20	31	55	84	188	194	209	225	257	320	347	383	382	427	408	389	465	474	4	14	18	32	54	85	117	168	193	231	256	239	296	278	329	306	327	339	336	386																												
6	8	20	31	55	84	206	215	253	274	316	320	344	379	397	354	394	410	460	454	4	14	18	32	54	85	199	200	210	221	255	252	289	288	291	273	318	357	369	337																												
6	8	20	31	55	84	114	188	257	256	296	319	355	370	392	428	457	424	432	484	4	14	18	32	54	85	142	195	240	228	248	323	334	332	312	320	351	303	372	388																												
6	8	20	31	55	84	174	181	267	292	363	370	405	453	465	459	501	511	485	542	4	14	18	32	54	85	153	176	214	249	301	319	327	347	354	361	361	421	381	429																												
6	8	20	31	55	84	224	278	251	304	399	424	398	390	442	492	518	494	479	594	4	14	18	32	54	85	162	172	230	257	300	298	349	351	368	374	358	378	341	425																												
6	8	20	31	55	84	193	296	281	280	331	390	439	449	495	528	497	493	503	628	4	14	18	32	54	85	183	199	238	254	313	303	367	358	328	370	419	395	370	448																												
6	8	20	31	55	84	203	233	266	275	336	384	463	442	472	461	511	544	543	569	4	14	18	32	54	85	165	192	259	242	307	257	313	293	347	355	351	376	390	437																												
6	8	20	31	55	84	217	197	268	277	331	328	394	427	466	522	471	563	576	590	4	14	18	32	54	85	201	218	228	273	287	286	313	322	359	372	374	404	403	434																												
6	8	20	31	55	133	181	221	260	282	344	340	354	393	449	433	442	406	511	483	0	4	15	34	60	134	207	214	219	264	288	323	305	309	321	375	368	365	397	403																												
6	8	20	31	55	133	195	313	397	382	373	379	453	420	417	470	454	562	475	638	0	4	15	34	60	134	160	193	247	253	260	312	335	337	339	368	354	414	364	404																												
6	8	20	31	55	133	191	249	286	320	346	405	395	391	446	470	505	492	525	535	0	4	15	34	60	134	172	236	251	295	283	306	340	334	361	352	371	383	424	418																												
6	8	20	31	55	133	226	223	274	336	374	391	439	431	418	461	456	441	475	551	0	4	15	34	60	134	200	206	250	278	282	330	341	396	351	376	363	398	396	410																												
6	8	20	31	55	133	169	260	288	310	345	357	382	462	449	441	483	514	478	521	0	4	15	34	60	134	164	221	252	297	329	332	333	348	420	355	369	396	358	423																												
6	8	20	31	55	133	200	316	273	329	376	377	396	423	463	488	536	485	515	569	0	4	15	34	60	134	172	213	254	289	308	310	363	390	328	404	372	384	386	450																												
6	8	20	31	55	133	177	251	300	321	366	388	422	426	479	462	489	461	505	550	0	4	15	34	60	134	182	236	267	263	354	318	335	356	377	383	372	414	408	416																												
6	8	20	31	55	133	194	275	287	355	412	413	448	465	466	500	481	490	542	562	0	4	15	34	60	134	169	249	266	317	353	359	350	362	384	393	378	504	403	422																												
6	8	20	31	55	133	208	252	295	328	396	439	428	407	449	477	436	489	535	536	0	4	15	34	60	134	156	223	247	288	306	343	363	377	369	361	399	418	368	412																												
6	8	20	31	55	133	170	217	277	362	368	450	470	461	437	472	530	529	574	545	0	4	15	34	60	134	178	210	246	307	343	358	365	376	380	395	417	429	414	429																												
6	8	20	31	55	133	252	235	250	353	405	471	438	448	519	489	497	582	533	569	0	4	15	34	60	134	222	185	243	271	341	339	371	411	418	441	415	455	477	442																												
6	8	20	31	55	133	216	266	286	317	371	425	432	487	539	512	518	543	552	566	0	4	15	34	60	134	190	213	221	277	286	324	401	364	468	403	415	427	419	432																												
6	8	20	31	55	133	208	249	279	343	390	440	443	454	482	490	492	527	547	555	0	4	15	34	60	134	191	241	257	293	312	328	341	358	360	368	376	410	383	413			
6	8	19	35	192	220	278	286	317	378	395	425	449	484	525	501	531	561	607	606	0	8	20	35	186	218	252	236	292	310	327	357	374	396	371	408	370	428	503	473  #2020
#	nsmpl_fsh_age(1	nfsh	1	nyrs_fish_age)	
200	200	200	200	200	200	200	200	200	200	200	200	200	200	200	200	200	200	200	200	200	200	200	200	200	200	200	200	200	200	200	200	200	200	200	200	200	200	200	200	200	200	200	200	200	200	200	200	200	200 200  200   200 200  200 200 200 
#100	100	100	100	100	100	100	100	100	100	100	100	100	100	100	100	100	100	100	100	100	100	100	100	100	100	100	100	100	100	100	100	100	100	100	100	100	100	100	100	100	100	100	100																		
#	nsrv																																																												
1																																																													
#	nyrs_srv	(1	nsrv)																																																										
39																																																													
#	yrs_srv	(1	nsrv	1	nyrs_srv)																																																								
1982	1983	1984	1985	1986	1987	1988	1989	1990	1991	1992	1993	1994	1995	1996	1997	1998	1999	2000	2001	2002	2003	2004	2005	2006	2007	2008	2009	2010	2011	2012	2013	2014   2015  2016  2017  2018  2019 2021
#	mo_srv	(1	nsrv)																																																										
7																																																													
#	obs_srv	(1	nsrv	1	nyrs_srv)																																																								
#3377.838	3535.646	3141.188	2443.666	1909.866	2613.067	2418.489	2316.249	2179.429	2393.268	2294.775	2465.443	2610.474	2009.879	2298.56	2163.336	2332.068	1306.498	1581.907	1867.689	2015.345	2239.643	2530.609	2818.58	2133.074	2152.738	2099.52	1739.238	2367.83	2403.021	1951.4																															
#3381.305	3542.74	3141.188	2443.667	1909.917	2613.0632	2407.169	2313.524	2179.499	2391.854	2294.7751	2468.405	2610.47	2012.359	2301.912	2161.064	2332.558	1306.917	1589.63	1867.689	2015.346	2248.41	2539.824	2820.661	2132.979	2152.738	2099.521	1739.321	2368.25	2403.198	1951.354	2279.004	2512.246																													
#no fpc applied time-series
3509.12664	3672.42188	3341.31561	2398.08062	2031.59972	2511.83922	2180.75446	2313.62485	2179.61345	2391.85689	2201.52076	2468.43426	2597.18791	2012.39533	2216.50148	2161.39523	2210.17689	1257.18105	1589.78243	1679.52306	1910.06891	2158.12969	2542.07344	2820.83913	2132.47787	2153.0873	2099.67137	1739.43208	2368.26279	2403.22073	1951.40522	2279.02436	2512.25618	1932.3471   2859.811  2787.523  1892.925  2006.505	1622.91331
#	obs_se_srv	(1	nsrv	1	nyrs_srv)																																																								
# actual survey data
291.2253957	206.261588	186.9012491	157.388452	153.9407459	194.991844	208.6702099	173.0322296	150.7918538	139.9756655	196.4092186	158.6029648	172.4783367	144.1871521	194.4174677	129.0260105	140.5688543	91.35096931	101.3184883	121.9406737	131.157326	207.5783461	193.9689685	364.316669	159.0184896	192.64302	255.3660048	152.0269659	280.1707548	243.2116454	139.1001636	174.1769138	231.7512255	145.6079308   165.459  182.226  115.322  210.761 108.6054912
# survey data + 10% for retrospective run
#320.3479353	226.8877468	205.591374	173.1272972	169.3348205	214.4910284	229.5372309	190.3354526	165.8710392	153.9732321	216.0501405	174.4632613	189.7261704	158.6058673	213.8592145	141.9286116	154.6257397	100.4860662	111.4503371	134.1347411	144.2730586	228.3361807	213.3658654	400.7483359	174.9203386	211.907322	280.9026053	167.2296625	308.1878303	267.5328099	153.01018	191.5946052	254.9263481	160.1687239	182.0049
#survey data + 20% for retrospective run
#349.4704748	247.5139056	224.2814989	188.8661424	184.7288951	233.9902128	250.4042519	207.6386755	180.9502246	167.9707986	235.6910623	190.3235578	206.974004	173.0245825	233.3009612	154.8312126	168.6826252	109.6211632	121.582186	146.3288084	157.3887912	249.0940153	232.7627622	437.1800028	190.8221875	231.171624	306.4392058	182.4323591	336.2049058	291.8539745	166.9201963	209.0122966	278.1014706	174.729517	198.5508
#survey data + 30% for retrospective run
#378.5930144	268.1400644	242.9716238	204.6049876	200.1229697	253.4893972	271.2712729	224.9418985	196.0294099	181.9683652	255.3319842	206.1838542	224.2218377	187.4432977	252.742708	167.7338137	182.7395106	118.7562601	1x31.7140348	158.5228758	170.5045238	269.8518499	252.1596591	473.6116697	206.7240365	250.435926	331.9758062	197.6350557	364.2219812	316.175139	180.8302127	226.4299879	301.2765932	189.29031	215.0967
#	nyrs_srv_age	Combined	and	split	sex																																																								
0																																																													
41																																																													
#	yrs_srv_age	(1	nsrv	1	nyrs_srv_ages)																																																								
1979	1980	1981	1982	1983	1984	1985	1986	1987	1988	1989	1990	1991	1992	1993	1994	1995	1996	1997	1998	1999	2000	2001	2002	2003	2004	2005	2006	2007	2008	2009	2010	2011	2012	2013  2014  2015  2016  2017  2018 2019
#
#	nsmpl_srv	(1	nsrv	1	nyrs_srv_age)	
200	200	200	200	200	200	200	200	200	200	200	200	200	200	200	200	200	200	200	200	200	200	200	200	200	200	200	200	200	200	200	200	200	200	200	200	200  200   200  200 200
#100	100	100	100	100	100	100	100	100	100	100	100	100	100	100	100	100	100	100	100	100	100	100	100	100	100	100	100	100     100     100     100     100     100     100     100     100
#  upweighting survey age comp fits to run with downweighted survey SE for retrospective runs
#500	500	500	500	500	500	500	500	500	500	500	500	500	500	500	500	500	500	500	500	500	500	500	500	500	500	500	500	500	500	500	500	500	500	500	500	500
#
#_oac_srv	1	2	3	4	5	6	7	8	9	10	11	12	13	14	15	16	17	18	19	20	1	2	3	4	5	6	7	8	9	10	11	12	13	14	15	16	17	18	19	20																					
#	females	"first,"	then	males																																																									
0	0.002227195	0.011903891	0.015835987	0.046801789	0.065195247	0.040843018	0.058706145	0.084684536	0.066230803	0.055874242	0.02321114	0.028960466	0.006231828	0.00375282	0.003115671	0.000489755	0.000946578	0.00014186	0	0	0.002199532	0.012177179	0.015083978	0.04128994	0.040314757	0.032032279	0.061686963	0.089600493	0.063867629	0.042961411	0.036905334	0.026105143	0.0057294	0.008054227	0.003027831	0.003703313	0.000107619	0	0																						
0	7.21E-05	0.007066709	0.026399804	0.03993626	0.061700566	0.081419774	0.031891123	0.051020684	0.067890437	0.05020204	0.059068253	0.021981794	0.008724487	0.002535177	0.001745237	0.000428658	0.000977318	0.000166583	0.000173349	0	0.001547396	0.006041786	0.023595834	0.048807336	0.065824063	0.094244592	0.035295813	0.043055172	0.047501715	0.043828952	0.034280181	0.028561094	0.01136547	0.001418005	0.000631852	0.000513693	0	1.45E-05	7.22E-05																						
0	0	0.001486987	0.014700352	0.063389633	0.05226401	0.099843034	0.087291346	0.019692367	0.036023776	0.056211012	0.039804015	0.023488525	0.01270916	0.004131819	0.001748324	0.001139983	0.000896568	0.0007097	0.000676265	0	0	0.003756293	0.015127653	0.079098018	0.048361577	0.096737038	0.064855808	0.02978298	0.028075913	0.041276873	0.040341876	0.020122462	0.005000573	0.006248256	0.004135402	0.000492028	0	0	0.000380374																						
0	0.001817766	0.008885077	0.016876496	0.058653756	0.071905668	0.068953461	0.078423414	0.040844207	0.040129221	0.040269963	0.034088788	0.019810583	0.01191834	0.00771405	0.002466566	0.001635142	0.001246697	0.001098788	8.15E-05	0.000245943	0.004305313	0.009363481	0.020732773	0.086186894	0.086240188	0.051285703	0.080992931	0.031164653	0.037497179	0.022443792	0.022815299	0.023350416	0.014646998	0.00038593	0.001143078	0.000348727	0	3.12E-05	0																						
0	0	0.000281981	0.003477333	0.009113627	0.044424265	0.083634889	0.049905512	0.063029748	0.055382717	0.044597572	0.068356264	0.051277615	0.017438844	0.009470536	0.003572406	0.001619209	0.001296098	0	0.000277689	0	0	3.09E-05	0.003862997	0.010840704	0.04286083	0.102369978	0.047837438	0.062066648	0.040032991	0.041397808	0.042749592	0.033482923	0.02516755	0.032545681	0.004553786	0.002688713	0.000355137	0	0																						
0	0	0.003730059	0.019570299	0.018620552	0.03011027	0.052497037	0.059279841	0.078324546	0.076078364	0.06632995	0.038152495	0.041110449	0.033849899	0.016848077	0.012257135	0.005340968	0.002862218	0.000231216	9.64E-04	0	0	0.004758128	0.017367904	0.02277128	0.035013466	0.051761763	0.058475973	0.043155097	0.055512408	0.050631081	0.025224701	0.026702568	0.014172158	0.022241713	0.008581673	0.00392682	0.000597985	0.001751845	0.001195821																						
0	0	0.000307687	0.009950987	0.04175888	0.055412097	0.03835321	0.059622239	0.086414035	0.041639418	0.048922717	0.051478419	0.03626592	0.028109272	0.030307416	0.019362493	0.00743553	0.002942956	0.00046146	0.001101828	0	0	0.003904264	0.016252593	0.039564067	0.052759995	0.024809351	0.061515513	0.049793047	0.037862752	0.042539597	0.033993571	0.021102302	0.024545761	0.014805588	0.010554312	0.001592646	0.002458629	0.000121661	0.001977788																						
0	0	0.00097044	0.003001707	0.027551735	0.043990512	0.083991454	0.035135427	0.072301154	0.065473934	0.047532211	0.0357427	0.040046195	0.024700221	0.031558786	0.017171341	0.019339199	0.007509786	0.003319565	0.002501537	0	0	0.001585611	0.00597259	0.013651488	0.047072146	0.082121595	0.032995866	0.041159149	0.035788281	0.042248908	0.026606938	0.025821019	0.014503724	0.026522674	0.010289426	0.017162577	0.007125829	0.005552075	0.0019822																						
0	0	0	0.006745077	0.011591409	0.077578335	0.044209522	0.081475356	0.025062866	0.036362217	0.057910243	0.034372119	0.043339073	0.023437564	0.026088504	0.023883458	0.01739899	0.0164139	0.018520494	0.014127444	0	0	0.000453446	0.003938389	0.010289716	0.080979952	0.045113118	0.065033078	0.042980341	0.031655446	0.026729788	0.020323932	0.014244493	0.010263089	0.0137067	0.017832891	0.021240427	0.016832043	0.012008629	0.007857952																						
0	0	0	0.000667702	0.036786168	0.007058953	0.148529444	0.055639113	0.055369869	0.018328136	0.02374762	0.034869627	0.020672825	0.035820845	0.027118028	0.021723881	0.016730167	0.011721497	0.015197511	0.044432471	0	0	0.000161117	0.001020139	0.043222148	0.004849855	0.115565008	0.054949134	0.044039314	0.008423037	0.018588762	0.002745126	0.01759932	0.03337523	0.018807958	0.002745126	0.011502263	0.009741101	0.009816669	0.028434836																						
0	0	0	0.001499201	0.010182594	0.074581994	0.024320004	0.138835067	0.06157311	0.046341867	0.007721488	0.018602848	0.031979652	0.024343183	0.024749804	0.019052737	0.008560792	0.004924686	0.01782993	0.027346944	0	0	0.000218193	0.00243401	0.018797986	0.081866322	0.018349386	0.135580324	0.053218739	0.037063781	0.013988066	0.005170773	0.010745395	0.00556219	0.021195295	0.003682786	0.003977075	0.004028236	0.007585168	0.034090373																						
0	0	0	0.00769956	0.011244109	0.035920164	0.11795274	0.021284237	0.139142219	0.045184756	0.053328114	0.011209721	0.007949544	0.011878726	0.00864435	0.025536927	0.014020973	0.004983502	0.007382131	0.040546292	0	0	0.001162197	0.005240963	0.013346982	0.035022951	0.098287459	0.021557042	0.126592206	0.03515533	0.029114855	0.004385316	0.007173208	0.007367191	0.002646653	0.006031837	0.008040873	0.01079611	0.006797662	0.017373098																						
0	0	0.001006205	0.013293093	0.025987921	0.012861888	0.042487865	0.094034271	0.01580278	0.132501701	0.022316058	0.055031299	0.006572599	0.013428415	0.009098771	0.012895991	0.017167923	0.014524866	0.00567916	0.047272863	0	0	0	0.010763958	0.03715189	0.014614756	0.028902307	0.109691621	0.007101706	0.119309478	0.034459245	0.025621094	0.007798115	0.006736507	0.006315446	0.005536555	0.00956126	0.00193885	0.000377925	0.032155617																						
0	0	0.001984619	0.025385112	0.049786269	0.053443896	0.021826917	0.029392123	0.096342063	0.009699324	0.084712791	0.007743749	0.031699801	0.013273832	0.014031821	0.017411198	0.011106826	0.010452455	0.011428111	0.040453713	0	0	0	0.014945655	0.045653449	0.058131691	0.026923674	0.023176599	0.083344157	0.011721236	0.093195836	0.019788303	0.021878116	0.001205965	0.001280861	0.006282022	0.003997717	0.011139306	0.002285265	0.04487553																						
0	0	0.002449318	0.010181168	0.0364506	0.064662218	0.044260326	0.027377211	0.022888713	0.134002493	0.007951662	0.088310939	0.015967091	0.016842137	0.006997252	0.006888956	0.009282062	0.01160774	0.006004624	0.041875421	0	0	0.002053909	0.005330944	0.023797069	0.065869011	0.040054245	0.028397827	0.025136382	0.111755774	0.007084976	0.085847182	0.005355668	0.005404582	0.005140941	0	0.004918311	0.008076409	0	0.021776838																						
0	0	0.00502489	0.008899199	0.020927158	0.048628298	0.084975757	0.052105578	0.045217633	0.026712247	0.109886165	0.048468766	0.004122835	0.025705175	0.013374299	0.003927591	0.007548069	0.015242684	0.00648434	0.025946648	0	0.00039776	0.002036686	0.006668276	0.01558845	0.040082024	0.089451978	0.061602892	0.028880649	0.017925195	0.077198487	0.002415189	0.058387986	0.004298063	0.012393177	0.001039317	0.003454507	0.002274733	0.008351637	0.014355659																						
0	0	0.002297216	0.01857359	0.035045284	0.022049991	0.108009979	0.076213562	0.033362721	0.016411213	0.003029691	0.077031111	0.002492639	0.068152271	0.01264591	0.009738414	0.011772278	0.003602609	0.006658267	0.040236269	0	0	0	0.020522293	0.014569913	0.032813597	0.081060471	0.068680838	0.011453584	0.021811011	0.009112148	0.058041039	0.001628571	0.073262898	0.005976194	0.002970451	0.009366288	0.003160936	0.006700657	0.031546096																						
0	0	0.001690401	0.016345942	0.085960213	0.03061469	0.029628481	0.046129105	0.054884204	0.021859062	0.015468291	0.016082138	0.063939051	0.012365959	0.067684946	0.004944567	0.003191899	0.010286621	0.005068627	0.047246416	0	0	0.008120846	0.010072432	0.088978869	0.025895146	0.024107973	0.045147497	0.036585186	0.035126384	0.01502099	0.014794325	0.042433707	0.006447966	0.047747821	0.013330169	0.010134347	0.00177915	0.008118958	0.032767622																						
0	0	0.001994195	0.036151838	0.056097796	0.080973246	0.028585373	0.02669892	0.056485734	0.025510382	0.012684123	0.019691591	0.020529431	0.055786696	0.004909906	0.035081231	0.008421943	0.011000231	0.007267587	0.032857704	0	0	0.001069625	0.023929174	0.047487735	0.089061719	0.020205646	0.020496096	0.049801734	0.027368703	0.021692052	0.023899839	0.012113499	0.057440974	0.008796215	0.029495305	0.003455828	0.013424772	0.008760528	0.020772629																						
0	0	0.001065035	0.008473628	0.048595573	0.042649117	0.091421843	0.026384185	0.020665754	0.037615033	0.041944082	0.037486069	0.017248604	0.017881624	0.026887882	0.006765634	0.042574045	0.02255936	0.011140055	0.042286783	0	0	0.004918671	0.00708797	0.035620165	0.057834576	0.084501084	0.016139435	0.022989684	0.020689724	0.027645902	0.035118358	0.014230275	0.015992818	0.019404165	0.011507611	0.0270874	0.01595225	0.009064633	0.030570977																						
0	0	0.000557093	0.011281407	0.034285894	0.03030424	0.032094933	0.125948824	0.017988379	0.018550206	0.042520508	0.032919203	0.032273107	0.012536997	0.017717651	0.03040462	0.018220929	0.021635851	0.010941789	0.022885639	0	0	0.000943588	0.017410956	0.024656843	0.038949498	0.042115424	0.099715329	0.025322546	0.016313499	0.053464307	0.046615591	0.012939643	0.009250237	0.004896904	0.020619319	0.006076364	0.022300019	0.015742405	0.029600258																						
0	0	0.001716417	0.008268653	0.037613012	0.031551156	0.046221349	0.0674155	0.081633762	0.02879657	0.030022902	0.036021434	0.033294394	0.009891544	0.017760356	0.022031126	0.016616297	0.013480765	0.026563771	0.03022868	0	0	0	0.005395034	0.033232735	0.039307472	0.021740807	0.0773367	0.088557914	0.011877783	0.032601918	0.020194724	0.011635215	0.013993177	0.011833662	0.010042951	0.023162408	0.019912719	0.015993952	0.02405314																						
0	0	0.000174987	0.008882154	0.029986452	0.065562719	0.031130696	0.050574945	0.052111114	0.082074083	0.04689861	0.010388496	0.024037742	0.019306471	0.015975068	0.023699009	0.013927451	0.019574714	0.00561807	0.038327014	0	0	0	0.010889204	0.017648687	0.081876387	0.042852981	0.047144591	0.04477832	0.070526871	0.026077298	0.010953481	0.019844503	0.00822121	0.009149326	0.017549497	0.007567689	0.009640952	0.003751777	0.033277428																						
0	0	0.001919472	0.014608636	0.020242109	0.030399158	0.092570529	0.041215076	0.034497965	0.027273924	0.054428605	0.02635518	0.010781748	0.036568221	0.01379988	0.018119463	0.017297015	0.009850533	0.017694388	0.050959977	0	0	0.006868182	0.008622075	0.018826091	0.036735982	0.090222155	0.03788566	0.039578052	0.031137217	0.052628171	0.023075933	0.014325619	0.026188683	0.019171802	0.015823222	0.002512615	0.010000371	0.011539389	0.036276901																						
0	0	0.001776707	0.013737458	0.028724818	0.029856256	0.034131096	0.136086896	0.026796866	0.033176386	0.034043486	0.029860468	0.012202967	0.013677455	0.02019599	0.019941003	0.010256085	0.010293969	0.01119682	0.080424744	0	0	0.002848183	0.011287905	0.021192706	0.030719311	0.029884945	0.127817833	0.028327038	0.043256296	0.006323732	0.033776613	0.020568552	0.001197788	0.008477145	0.006789846	0.012752477	0.006789846	0.007776328	0.053833986																						
0	0.001071852	0.0035239	0.020551977	0.046074055	0.060029522	0.047254709	0.023268342	0.103528332	0.023641788	0.022740625	0.023398904	0.023481579	0.011354416	0.002136216	0.017931347	0.019565999	0.011170738	0.010571454	0.067925652	0	0.000439227	0.00673372	0.012237509	0.050192123	0.04791097	0.02133877	0.042308358	0.106327645	0.02821018	0.008723462	0.020936881	0.023893164	0.01098958	0.005081281	0.02665625	0.011044519	0.007194978	0.002918313	0.027641663																						
0	0	0.005497174	0.017350761	0.020209472	0.062561617	0.044980099	0.022177088	0.050669574	0.086744699	0.020369081	0.014945383	0.019879421	0.033685228	0.017706934	0.005522547	0.019161157	0.022413001	0.010552619	0.08643888	0	0	0.005049396	0.017309834	0.0193963	0.049306043	0.049550394	0.021195098	0.0299185	0.101096813	0.012796275	0.01475944	0.012619177	0.013787233	0.007197039	0.009655658	0.013253466	0.009307957	0.007100227	0.045836415																						
0	0	0.008036938	0.036075453	0.044895308	0.033020548	0.075783138	0.056181922	0.02105801	0.038874571	0.088154013	0.015889599	0.015869655	0.008443228	0.018662075	0.020968574	0.000236163	0.010748228	0.00840734	0.042011291	0	0	0.012056274	0.020668964	0.041585328	0.039625614	0.06030045	0.046990353	0.034380811	0.035615986	0.045872445	0.013908267	0.01850059	0.010688517	0.004643971	0.00137418	0.006539546	0.009839964	0.020424636	0.03366805																						
0	0	0	0	0.002064668	0.019006361	0.012351963	0.042653002	0.032725433	0.019826299	0.040472471	0.080228843	0.029930368	0.029810918	0.026506784	0.032684027	0.012632588	0.015318011	0.020521253	0.117643783	0	0	0	0.000702545	0.004999777	0.013042241	0.016122565	0.064873917	0.02860531	0.026771424	0.049929166	0.056340343	0.02224715	0.016184144	0.030651681	0.016816172	0.014946264	0.018944611	0.015575283	0.068870636																						
0	0	0.002660742	0.012915848	0.082953202	0.069960567	0.061549954	0.040480124	0.040031526	0.022340171	0.01316476	0.029243172	0.039404912	0.017212495	0.00891318	0.009611664	0.01339366	0.008721649	0.008362141	0.05207863	0	0	0.001163427	0.011205359	0.074613905	0.052113114	0.054459343	0.038819867	0.051051115	0.025378494	0.016262863	0.020831047	0.037142876	0.007086723	0.007426541	0.003911719	0.011657862	0.004506033	0.005425844	0.043945472																						
0	0.000629526	0.004485131	0.02439275	0.024391004	0.141929245	0.07283231	0.058340426	0.030997159	0.025168928	0.026100717	0.015433887	0.016529781	0.023458985	0.010577479	0.005153855	0.000204839	0.007030111	0.008163524	0.037744575	0	0	0.007750485	0.017252092	0.034526993	0.113119796	0.055235306	0.066309998	0.029638018	0.029827303	0.025913598	0.009345814	0.003717436	0.023320349	0.003579093	0.003453861	0.006078458	0.001747623	0.006435395	0.029184149																						
0	0	0.003328263	0.033121047	0.039018839	0.044250876	0.09041966	0.05597924	0.052185004	0.033250281	0.033873088	0.015620671	0.016794039	0.01364202	0.017438552	0.010003567	0.004972231	0.01148484	0.006020623	0.046655461	0	0	0.007842105	0.020127812	0.042243313	0.037431152	0.104267756	0.046664109	0.051493342	0.01732382	0.019065951	0.016060161	0.005306494	0.011776356	0.015281532	0.007927069	0.005391378	0.003655635	0.014057533	0.046026182																						
0	0	0.001546666	0.02631503	0.058321149	0.076458214	0.050133743	0.083252201	0.044415357	0.049427065	0.022106488	0.024475289	0.016089047	0.015358964	0.015650176	0.020142862	0.010659125	0.006290163	0.004743776	0.045336238	0	5.76E-05	0.000744414	0.016208561	0.041645573	0.052172511	0.038724146	0.085668632	0.043107416	0.024293496	0.019071075	0.008380666	0.008752744	0.014750957	0.011116807	0.01694169	0.010404118	0.003742315	0.005241578	0.028254141																						
0	0.001326239	0.006624194	0.030524863	0.052477211	0.067096744	0.039024877	0.032331614	0.100267416	0.034083155	0.044544533	0.014163159	0.020787611	0.004927538	0.020010764	0.017058729	0.019879015	0.00960158	0.00695186	0.036433541	0	0	0.009222291	0.036503984	0.046917063	0.045812934	0.036411785	0.031780742	0.056643385	0.039604133	0.02390521	0.013055277	0.008935302	0.01206726	0.004541573	0.013326434	0.007865817	0	0.003337556	0.051954609																						
0	0	0.000554343	0.011230124	0.034223451	0.053434565	0.06761528	0.032591098	0.028074849	0.052048674	0.051648568	0.045602676	0.015180332	0.017149623	0.016893531	0.016910205	0.012010154	0.025888927	0.014765789	0.045319429	0	0	0.000839715	0.01166306	0.046561745	0.04884338	0.061284796	0.026855493	0.034106698	0.056607506	0.025407957	0.025500834	0.004227629	0.01131884	0.01270854	0.01501101	0.002363542	0.016484586	0.010402932	0.048670119																						
0	0	0	0.004526617	0.051645774	0.047070074	0.030467897	0.051486704	0.028367937	0.028022068	0.064182667	0.041814948	0.019670047	0.017703146	0.028038188	0.004221564	0.015002038	0.007657687	0.025114934	0.06774582	0	0	0	0.00104537	0.044865535	0.048649939	0.035092252	0.04153206	0.038086032	0.030785989	0.049073028	0.025281642	0.023644613	0.002434796	0.023512662	0.011536173	0.013160338	0.003019694	0.013667274	0.061874492
0	0	0.003529621	0.000507817	0.026081172	0.072679896	0.054462562	0.047922251	0.044764659	0.03880905	0.023221585	0.04393097	0.040238546	0.020989757	0.015422709	0.01252055	0.010537618	0.009686723	0.014515107	0.068756724	0	0.000121405	0.004476904	0.005579476	0.020391204	0.066429458	0.051785234	0.046925478	0.048634128	0.049528335	0.007442377	0.027993266	0.020382591	0.012513878	0.00011662	0.012451634	0.017225654	0.001858528	0.000805917	0.056760596
0	0.000107496	0.003770505	0.008297667	0.005285331	0.019122504	0.086672756	0.065955178	0.047050051	0.042407053	0.035000339	0.016753943	0.028567263	0.026784486	0.016358818	0.018974249	0.019799287	0.019502148	0.005334645	0.075167169	0	0	0.005050514	0.009896027	0.002362893	0.016536086	0.082136161	0.06345827	0.046873291	0.042775459	0.014611733	0.013673807	0.026429757	0.02103035	0.010282391	0.004089224	0.010649742	0.010121845	0.005309449	0.073802112
0	0.001718268	0.008123044	0.039288522	0.039003921	0.012559385	0.032730789	0.103136521	0.049633241	0.034594476	0.038880098	0.023497366	0.01530071	0.020872211	0.020606479	0.015281945	0.012140384	0.014506809	0.007153462	0.060124391	0	0.001017192	0.012366734	0.023821411	0.040801353	0.010977957	0.026800651	0.090665497	0.051314469	0.031973613	0.028345698	0.020040526	0.011067776	0.022219572	0.015975364	0.003819239	0.001241134	0.00750946	0.005394137	0.045496194
0	0	0.008092051	0.02973072	0.042771174	0.029028485	0.014957263	0.043243673	0.104678406	0.053284385	0.03778013	0.0132769	0.01245885	0.006787494	0.020328937	0.016243596	0.016910853	0.015141711	0.012201307	0.081909693	0	0	0.006447618	0.028459255	0.030679959	0.037331726	0.011753612	0.038474905	0.08525169	0.042483465	0.030729532	0.015594208	0.012545822	0.011926097	0.012246665	0.011278735	0.004822415	0.009008632	0.001740071	0.050399963
0	0.000246765	0.019558085	0.033084643	0.048772255	0.024756735	0.038168366	0.012553487	0.033340054	0.086513541	0.056801168	0.020575867	0.025348154	0.019842856	0.019473695	0.011394491	0.007020046	0.011182225	0.006193092	0.055074673	0	0	0.021566433	0.039913056	0.037743466	0.016399149	0.042331427	0.016639451	0.023515302	0.077639767	0.042792987	0.020593341	0.024569095	0.01331567	0.010817361	0.008504346	0.014971439	0.006070967	0.005642558	0.047073986
#
#	wt_srv_Females	2	3	4	5	6	7	8	9	10	11	12	13	14	15	16	17	18	19	20																																									
6	7	17	34	62	89	130	178	218	259	305	348	393	437	473	514	579	602	655	664
6	7	17	34	62	89	130	178	218	259	305	348	393	437	473	514	579	602	655	664
6	7	17	34	62	89	130	178	218	259	305	348	393	437	473	514	579	602	655	664
6	7	17	34	62	89	130	178	218	259	305	348	393	437	473	514	579	602	655	664
6	7	17	34	62	89	130	178	218	259	305	348	393	437	473	514	579	602	655	664
6	7	17	34	62	89	130	178	218	259	305	348	393	437	473	514	579	602	655	664
6	7	17	34	62	89	130	178	218	259	305	348	393	437	473	514	579	602	655	664
6	7	17	34	62	89	130	178	218	259	305	348	393	437	473	514	579	602	655	664
6	7	17	34	62	89	130	178	218	259	305	348	393	437	473	514	579	602	655	664
6	7	17	34	62	89	130	178	218	259	305	348	393	437	473	514	579	602	655	664
6	7	17	34	62	89	130	178	218	259	305	348	393	437	473	514	579	602	655	664
6	7	17	34	62	89	130	178	218	259	305	348	393	437	473	514	579	602	655	664
6	7	17	34	62	89	130	178	218	259	305	348	393	437	473	514	579	602	655	664
6	7	17	34	62	89	130	178	218	259	305	348	393	437	473	514	579	602	655	664
6	7	17	34	62	89	130	178	218	259	305	348	393	437	473	514	579	602	655	664
6	7	17	34	62	89	130	178	218	259	305	348	393	437	473	514	579	602	655	664
6	7	17	34	62	89	130	178	218	259	305	348	393	437	473	514	579	602	655	664
6	7	15	42	65	130	156	227	258	270	305	475	489	526	623	690	787	679	679	674
6	7	15	69	177	194	227	227	255	285	399	360	384	447	477	571	554	575	583	674
6	7	52	47	50	69	132	318	318	424	387	399	415	498	440	623	554	575	583	674
6	7	15	26	41	56	144	152	222	264	350	380	415	458	507	536	612	833	866	674
6	5	12	19	38	71	121	164	227	302	353	353	391	424	489	480	561	640	662	674
6	3	7	26	39	66	90	149	177	224	285	322	332	339	376	285	353	507	583	571
6	4	12	30	42	56	83	121	158	194	238	298	372	432	440	522	554	575	583	674
6	7	15	17	68	84	123	134	189	180	184	249	391	332	361	399	475	575	583	674
6	13	16	29	51	88	109	147	191	224	261	350	343	471	480	436	720	522	781	674
6	7	13	29	54	77	114	144	187	222	285	295	395	440	536	597	623	541	651	679
6	7	7	26	59	95	147	171	206	222	261	325	407	419	503	541	522	556	546	634
6	6	19	37	69	97	142	187	241	264	270	343	424	475	471	531	651	561	522	866
6	2	15	24	54	85	147	177	194	249	264	311	368	458	531	602	662	685	583	738
6	7	28	41	62	95	125	160	216	249	325	384	384	432	536	561	618	623	696	750
6	7	17	22	51	80	154	180	238	285	325	339	419	432	489	566	634	651	623	679
6	7	28	23	35	75	105	160	222	270	365	365	387	475	436	512	536	517	640	656
6	7	15	21	51	60	122	169	234	329	313	444	418	462	394	542	472	525	577	598
6	3	8	13	26	49	83	118	216	273	302	368	458	449	411	445	517	566	546	541
6	7	15	31	59	66	114	140	204	276	332	399	458	471	484	503	475	607	498	556
6	7	15	23	31	62	101	134	201	246	325	484	480	453	475	493	526	571	581	612
6	7	17	21	60	58	101	147	173	244	318	391	462	466	541	522	541	591	503	607
6	7	22	30	54	81	121	191	187	285	311	285	353	445	561	498	526	581	512	618
6	7	28	36	58	87	168	182	246	273	305	361	384	480	489	618	541	546	629	623
6	6	46	55	65	93	131	154	253	269	294	360	409	346	463	497	445	457	524	544
6	7	20	26	52	85	127	168	230	298	336	353	453	424	432	484	480	673	566	634
6	7	17	42	55	94	128	173	211	230	318	339	368	440	432	503	571	571	576	623
6	7	35	32	72	84	152	194	232	261	292	399	384	411	498	480	561	440	546	640
6	7	14	25	48	103	113	173	216	261	273	311	391	436	424	432	498	440	576	607
6	7	10	17	33	63	106	136	220	260	276	312	320	361	393	425	474	535	525	687
6	7	14	33	36	99	110	192	211	231	294	308	378	395	419	458	491	522	505	609
6	4	8	31	39	62	99	148	190	242	284	383	392	436	424	442	474	528	530	663
6	7	19	27	45	66	105	156	229	246	276	343	328	394	451	480	504	552	560	631
6	7	14	29	56	87	127	171	224	299	313	357	413	454	417	505	374	600	575	652
4	8	14	38	64	101	163	162	243	300	328	359	440	524	551	476	485	500	500	654
6	4	21	40	72	114	156	217	236	284	349	356	377	464	509	505	612	472	620	693
6	6	16	36	76	114	149	206	236	303	308	360	368	592	493	495	1010	568	618	740
6	7	16	38	70	113	170	196	239	330	304	351	361	406	456	466	558	568	683	662
6	7	24	31	57	106	140	203	239	281	309	345	395	432	422	501	567	555	594	660
6	6	10	22	51	88	142	182	248	321	334	377	434	429	433	575	874	556	565	697
6	2	16	25	57	84	136	186	218	343	337	403	446	460	517	557	594	620	744	795
6	7	12	30	49	110	145	210	264	318	329	405	419	441	448	621	534	516	623	696
6	6	11	27	53	91	146	167	258	317	367	321	452	529	502	514	562	654	598	730
6	7	12	21	40	102	131	195	275	318	366	399	415	474	473	518	550	555	606	702
6	7	15	16	37	85	145	201	252	306	368	360	428	421	495	592	536	577	570	715
6	7	15	12	40	62	130	215	262	355	418	437	411	484	474	596	647	593	531	731
6	12	25	37	69	86	130	211	329	378	417	415	517	465	509	522	581	580	618	723
4	9	19	51	69	118	143	187	273	366	382	436	536	503	553	647	601	701	585	824
6	7	22	39	88	111	163	236	248	346	421	447	504	478	526	606	586	571	717	677
6	6	21	47	92	160	180	254	277	346	404	583	503	505	570	680	701	673	698	720
6	8	20	37	72	107	149	221	278	358	408	464	494	487	526	610	623	624	630	735
6	8	20	37	72	107	149	221	278	358	408	464	494	487	526	610	623	624	630	735  #Just used mean values from 2015-2019 for these last 2 years.
#
#	wt_srv_Males	2	3	4	5	6	7	8	9	10	11	12	13	14	15	16	17	18	19	20																																									
2	8	16	34	54	96	120	140	168	232	237	267	310	333	317	399	409	438	441	495
2	8	16	34	54	96	120	140	168	232	237	267	310	333	317	399	409	438	441	495
2	8	16	34	54	96	120	140	168	232	237	267	310	333	317	399	409	438	441	495
2	8	16	34	54	96	120	140	168	232	237	267	310	333	317	399	409	438	441	495
2	8	16	34	54	96	120	140	168	232	237	267	310	333	317	399	409	438	441	495
2	8	16	34	54	96	120	140	168	232	237	267	310	333	317	399	409	438	441	495
2	8	16	34	54	96	120	140	168	232	237	267	310	333	317	399	409	438	441	495
2	8	16	34	54	96	120	140	168	232	237	267	310	333	317	399	409	438	441	495
2	8	16	34	54	96	120	140	168	232	237	267	310	333	317	399	409	438	441	495
2	8	16	34	54	96	120	140	168	232	237	267	310	333	317	399	409	438	441	495
2	8	16	34	54	96	120	140	168	232	237	267	310	333	317	399	409	438	441	495
2	8	16	34	54	96	120	140	168	232	237	267	310	333	317	399	409	438	441	495
2	8	16	34	54	96	120	140	168	232	237	267	310	333	317	399	409	438	441	495
2	8	16	34	54	96	120	140	168	232	237	267	310	333	317	399	409	438	441	495
2	8	16	34	54	96	120	140	168	232	237	267	310	333	317	399	409	438	441	495
2	8	16	34	54	96	120	140	168	232	237	267	310	333	317	399	409	438	441	495
2	8	16	34	54	96	120	140	168	232	237	267	310	333	317	399	409	438	441	495
2	8	17	43	76	123	175	150	224	377	279	325	414	442	351	624	541	414	421	471
2	8	17	76	104	232	224	224	184	377	253	250	309	332	351	380	391	414	421	471
2	8	17	48	48	83	139	149	184	227	253	325	377	332	351	380	391	414	421	471
2	8	17	24	38	77	104	128	152	188	262	262	262	288	211	342	391	414	421	471
2	7	15	22	35	67	108	144	199	253	288	279	325	329	407	446	458	692	454	471
1	5	11	23	48	66	95	125	158	181	204	259	253	377	259	454	541	414	421	471
2	6	15	28	39	54	79	101	133	164	186	219	259	300	199	380	391	414	421	471
2	8	14	22	55	113	89	116	144	177	204	234	325	300	403	309	391	414	421	471
2	11	18	29	48	60	76	107	125	183	219	256	291	316	285	332	313	377	421	639
2	6	15	30	51	86	111	152	173	192	226	264	285	316	349	342	279	414	589	541
2	8	7	25	61	101	130	135	154	183	221	242	267	316	339	374	359	414	421	403
4	10	24	40	77	113	137	144	170	195	219	262	267	309	454	403	395	414	541	471
2	8	5	24	50	83	142	150	150	179	224	253	279	313	303	374	388	377	421	471
2	8	22	35	59	101	123	173	216	202	221	242	282	313	313	325	349	414	342	377
2	8	23	29	60	91	132	173	207	232	240	273	297	316	325	356	442	422	541	384
2	8	19	29	36	60	96	156	199	229	237	240	297	276	303	346	316	325	366	377
2	8	12	20	29	59	107	156	210	223	266	261	337	370	338	337	338	323	371	412
2	8	10	14	36	62	75	135	183	237	250	309	322	319	356	309	316	325	384	399
2	8	11	27	41	68	142	139	186	237	256	359	359	366	319	332	414	294	411	377
2	8	16	23	38	58	96	126	179	211	267	342	366	352	359	332	377	377	370	403
2	8	17	27	49	75	105	137	186	216	270	267	342	388	335	430	399	309	541	430
2	8	17	27	50	81	99	132	183	209	245	262	332	519	414	422	403	399	454	414
2	8	19	43	56	84	132	150	224	226	242	285	407	332	359	380	388	377	421	388
2	28	25	54	66	84	112	184	198	207	261	350	322	363	350	406	402	488	361	401
2	8	17	31	57	84	116	160	181	211	256	264	342	309	332	426	381	426	438	458
2	8	19	35	58	98	128	164	190	221	226	294	313	309	342	349	356	426	384	454
2	8	14	36	61	77	150	158	186	242	232	250	264	322	384	363	395	388	359	454
2	8	15	25	49	88	126	156	204	202	259	259	309	306	329	359	370	384	407	422
2	8	10	14	33	58	93	121	161	158	224	270	249	242	400	346	420	398	388	428
2	8	33	30	34	71	105	157	162	244	218	245	266	272	288	335	304	342	364	393
2	8	17	22	32	49	95	151	170	196	244	259	296	299	313	307	362	436	447	410
2	8	17	22	53	58	91	146	204	213	232	257	274	309	345	362	334	383	440	423
2	8	27	39	53	83	112	170	189	250	265	308	267	443	382	370	360	367	381	469
2	8	14	36	59	95	150	158	207	260	321	311	311	368	469	384	414	392	465	464
2	4	19	40	72	115	134	162	206	265	291	334	395	312	310	364	391	374	418	446
2	8	18	32	67	118	144	183	207	237	233	318	350	417	452	438	352	343	380	449
2	8	17	33	67	105	139	177	208	244	287	282	302	351	408	369	339	381	400	473
2	8	8	27	50	95	121	181	192	244	270	298	312	346	384	405	373	399	436	481
2	8	10	20	42	85	128	155	200	287	276	316	399	338	430	308	439	384	369	472
2	8	13	24	48	80	141	167	183	302	315	322	356	414	402	401	417	512	461	501
2	4	11	31	56	88	133	188	227	262	341	302	398	338	381	445	409	416	440	523
2	8	12	27	53	88	126	183	216	256	283	320	292	422	420	387	431	414	355	475
2	8	12	20	41	77	131	189	228	267	269	346	275	371	383	420	456	407	395	487
2	8	17	30	39	86	154	188	243	292	313	311	321	332	424	466	429	527	492	495
2	6	19	25	38	64	135	202	230	321	361	386	368	367	684	432	445	537	563	494
2	8	33	46	50	83	127	190	260	332	327	340	406	394	416	409	443	474	375	505
2	8	21	46	76	102	110	170	247	311	347	367	404	380	466	483	614	577	496	573
2	8	23	45	89	95	161	178	221	276	316	403	384	435	421	386	424	431	548	484
2	8	20	48	97	126	195	206	237	280	324	384	377	384	431	464	434	454	464	507
2	8	23	42	70	94	146	189	239	304	335	376	388	392	484	435	472	495	489	513
2	8	23	42	70	94	146	189	239	304	335	376	388	392	484	435	472	495	489	513  
#
#	wt_pop females same as survey   2	3	4	5	6	7	8	9	10	11	12	13	14	15	16	17	18	19	20																																									
6	7	17	34	62	89	130	178	218	259	305	348	393	437	473	514	579	602	655	664
6	7	17	34	62	89	130	178	218	259	305	348	393	437	473	514	579	602	655	664
6	7	17	34	62	89	130	178	218	259	305	348	393	437	473	514	579	602	655	664
6	7	17	34	62	89	130	178	218	259	305	348	393	437	473	514	579	602	655	664
6	7	17	34	62	89	130	178	218	259	305	348	393	437	473	514	579	602	655	664
6	7	17	34	62	89	130	178	218	259	305	348	393	437	473	514	579	602	655	664
6	7	17	34	62	89	130	178	218	259	305	348	393	437	473	514	579	602	655	664
6	7	17	34	62	89	130	178	218	259	305	348	393	437	473	514	579	602	655	664
6	7	17	34	62	89	130	178	218	259	305	348	393	437	473	514	579	602	655	664
6	7	17	34	62	89	130	178	218	259	305	348	393	437	473	514	579	602	655	664
6	7	17	34	62	89	130	178	218	259	305	348	393	437	473	514	579	602	655	664
6	7	17	34	62	89	130	178	218	259	305	348	393	437	473	514	579	602	655	664
6	7	17	34	62	89	130	178	218	259	305	348	393	437	473	514	579	602	655	664
6	7	17	34	62	89	130	178	218	259	305	348	393	437	473	514	579	602	655	664
6	7	17	34	62	89	130	178	218	259	305	348	393	437	473	514	579	602	655	664
6	7	17	34	62	89	130	178	218	259	305	348	393	437	473	514	579	602	655	664
6	7	17	34	62	89	130	178	218	259	305	348	393	437	473	514	579	602	655	664
6	7	15	42	65	130	156	227	258	270	305	475	489	526	623	690	787	679	679	674
6	7	15	69	177	194	227	227	255	285	399	360	384	447	477	571	554	575	583	674
6	7	52	47	50	69	132	318	318	424	387	399	415	498	440	623	554	575	583	674
6	7	15	26	41	56	144	152	222	264	350	380	415	458	507	536	612	833	866	674
6	5	12	19	38	71	121	164	227	302	353	353	391	424	489	480	561	640	662	674
6	3	7	26	39	66	90	149	177	224	285	322	332	339	376	285	353	507	583	571
6	4	12	30	42	56	83	121	158	194	238	298	372	432	440	522	554	575	583	674
6	7	15	17	68	84	123	134	189	180	184	249	391	332	361	399	475	575	583	674
6	13	16	29	51	88	109	147	191	224	261	350	343	471	480	436	720	522	781	674
6	7	13	29	54	77	114	144	187	222	285	295	395	440	536	597	623	541	651	679
6	7	7	26	59	95	147	171	206	222	261	325	407	419	503	541	522	556	546	634
6	6	19	37	69	97	142	187	241	264	270	343	424	475	471	531	651	561	522	866
6	2	15	24	54	85	147	177	194	249	264	311	368	458	531	602	662	685	583	738
6	7	28	41	62	95	125	160	216	249	325	384	384	432	536	561	618	623	696	750
6	7	17	22	51	80	154	180	238	285	325	339	419	432	489	566	634	651	623	679
6	7	28	23	35	75	105	160	222	270	365	365	387	475	436	512	536	517	640	656
6	7	15	21	51	60	122	169	234	329	313	444	418	462	394	542	472	525	577	598
6	3	8	13	26	49	83	118	216	273	302	368	458	449	411	445	517	566	546	541
6	7	15	31	59	66	114	140	204	276	332	399	458	471	484	503	475	607	498	556
6	7	15	23	31	62	101	134	201	246	325	484	480	453	475	493	526	571	581	612
6	7	17	21	60	58	101	147	173	244	318	391	462	466	541	522	541	591	503	607
6	7	22	30	54	81	121	191	187	285	311	285	353	445	561	498	526	581	512	618
6	7	28	36	58	87	168	182	246	273	305	361	384	480	489	618	541	546	629	623
6	6	46	55	65	93	131	154	253	269	294	360	409	346	463	497	445	457	524	544
6	7	20	26	52	85	127	168	230	298	336	353	453	424	432	484	480	673	566	634
6	7	17	42	55	94	128	173	211	230	318	339	368	440	432	503	571	571	576	623
6	7	35	32	72	84	152	194	232	261	292	399	384	411	498	480	561	440	546	640
6	7	14	25	48	103	113	173	216	261	273	311	391	436	424	432	498	440	576	607
6	7	10	17	33	63	106	136	220	260	276	312	320	361	393	425	474	535	525	687
6	7	14	33	36	99	110	192	211	231	294	308	378	395	419	458	491	522	505	609
6	4	8	31	39	62	99	148	190	242	284	383	392	436	424	442	474	528	530	663
6	7	19	27	45	66	105	156	229	246	276	343	328	394	451	480	504	552	560	631
6	7	14	29	56	87	127	171	224	299	313	357	413	454	417	505	374	600	575	652
4	8	14	38	64	101	163	162	243	300	328	359	440	524	551	476	485	500	500	654
6	4	21	40	72	114	156	217	236	284	349	356	377	464	509	505	612	472	620	693
6	6	16	36	76	114	149	206	236	303	308	360	368	592	493	495	1010	568	618	740
6	7	16	38	70	113	170	196	239	330	304	351	361	406	456	466	558	568	683	662
6	7	24	31	57	106	140	203	239	281	309	345	395	432	422	501	567	555	594	660
6	6	10	22	51	88	142	182	248	321	334	377	434	429	433	575	874	556	565	697
6	2	16	25	57	84	136	186	218	343	337	403	446	460	517	557	594	620	744	795
6	7	12	30	49	110	145	210	264	318	329	405	419	441	448	621	534	516	623	696
6	6	11	27	53	91	146	167	258	317	367	321	452	529	502	514	562	654	598	730
6	7	12	21	40	102	131	195	275	318	366	399	415	474	473	518	550	555	606	702
6	7	15	16	37	85	145	201	252	306	368	360	428	421	495	592	536	577	570	715
6	7	15	12	40	62	130	215	262	355	418	437	411	484	474	596	647	593	531	731
6	12	25	37	69	86	130	211	329	378	417	415	517	465	509	522	581	580	618	723
4	9	19	51	69	118	143	187	273	366	382	436	536	503	553	647	601	701	585	824
6	7	22	39	88	111	163	236	248	346	421	447	504	478	526	606	586	571	717	677
6	6	21	47	92	160	180	254	277	346	404	583	503	505	570	680	701	673	698	720
6	8	20	37	72	107	149	221	278	358	408	464	494	487	526	610	623	624	630	735
6	8	20	37	72	107	149	221	278	358	408	464	494	487	526	610	623	624	630	735  #Just used mean values from 2015-2019 for these last 2 years.   

#																																																													
#	wt_pop_males  same as survey  2	3	4	5	6	7	8	9	10	11	12	13	14	15	16	17	18	19	20																																									
2	8	16	34	54	96	120	140	168	232	237	267	310	333	317	399	409	438	441	495
2	8	16	34	54	96	120	140	168	232	237	267	310	333	317	399	409	438	441	495
2	8	16	34	54	96	120	140	168	232	237	267	310	333	317	399	409	438	441	495
2	8	16	34	54	96	120	140	168	232	237	267	310	333	317	399	409	438	441	495
2	8	16	34	54	96	120	140	168	232	237	267	310	333	317	399	409	438	441	495
2	8	16	34	54	96	120	140	168	232	237	267	310	333	317	399	409	438	441	495
2	8	16	34	54	96	120	140	168	232	237	267	310	333	317	399	409	438	441	495
2	8	16	34	54	96	120	140	168	232	237	267	310	333	317	399	409	438	441	495
2	8	16	34	54	96	120	140	168	232	237	267	310	333	317	399	409	438	441	495
2	8	16	34	54	96	120	140	168	232	237	267	310	333	317	399	409	438	441	495
2	8	16	34	54	96	120	140	168	232	237	267	310	333	317	399	409	438	441	495
2	8	16	34	54	96	120	140	168	232	237	267	310	333	317	399	409	438	441	495
2	8	16	34	54	96	120	140	168	232	237	267	310	333	317	399	409	438	441	495
2	8	16	34	54	96	120	140	168	232	237	267	310	333	317	399	409	438	441	495
2	8	16	34	54	96	120	140	168	232	237	267	310	333	317	399	409	438	441	495
2	8	16	34	54	96	120	140	168	232	237	267	310	333	317	399	409	438	441	495
2	8	16	34	54	96	120	140	168	232	237	267	310	333	317	399	409	438	441	495
2	8	17	43	76	123	175	150	224	377	279	325	414	442	351	624	541	414	421	471
2	8	17	76	104	232	224	224	184	377	253	250	309	332	351	380	391	414	421	471
2	8	17	48	48	83	139	149	184	227	253	325	377	332	351	380	391	414	421	471
2	8	17	24	38	77	104	128	152	188	262	262	262	288	211	342	391	414	421	471
2	7	15	22	35	67	108	144	199	253	288	279	325	329	407	446	458	692	454	471
1	5	11	23	48	66	95	125	158	181	204	259	253	377	259	454	541	414	421	471
2	6	15	28	39	54	79	101	133	164	186	219	259	300	199	380	391	414	421	471
2	8	14	22	55	113	89	116	144	177	204	234	325	300	403	309	391	414	421	471
2	11	18	29	48	60	76	107	125	183	219	256	291	316	285	332	313	377	421	639
2	6	15	30	51	86	111	152	173	192	226	264	285	316	349	342	279	414	589	541
2	8	7	25	61	101	130	135	154	183	221	242	267	316	339	374	359	414	421	403
4	10	24	40	77	113	137	144	170	195	219	262	267	309	454	403	395	414	541	471
2	8	5	24	50	83	142	150	150	179	224	253	279	313	303	374	388	377	421	471
2	8	22	35	59	101	123	173	216	202	221	242	282	313	313	325	349	414	342	377
2	8	23	29	60	91	132	173	207	232	240	273	297	316	325	356	442	422	541	384
2	8	19	29	36	60	96	156	199	229	237	240	297	276	303	346	316	325	366	377
2	8	12	20	29	59	107	156	210	223	266	261	337	370	338	337	338	323	371	412
2	8	10	14	36	62	75	135	183	237	250	309	322	319	356	309	316	325	384	399
2	8	11	27	41	68	142	139	186	237	256	359	359	366	319	332	414	294	411	377
2	8	16	23	38	58	96	126	179	211	267	342	366	352	359	332	377	377	370	403
2	8	17	27	49	75	105	137	186	216	270	267	342	388	335	430	399	309	541	430
2	8	17	27	50	81	99	132	183	209	245	262	332	519	414	422	403	399	454	414
2	8	19	43	56	84	132	150	224	226	242	285	407	332	359	380	388	377	421	388
2	28	25	54	66	84	112	184	198	207	261	350	322	363	350	406	402	488	361	401
2	8	17	31	57	84	116	160	181	211	256	264	342	309	332	426	381	426	438	458
2	8	19	35	58	98	128	164	190	221	226	294	313	309	342	349	356	426	384	454
2	8	14	36	61	77	150	158	186	242	232	250	264	322	384	363	395	388	359	454
2	8	15	25	49	88	126	156	204	202	259	259	309	306	329	359	370	384	407	422
2	8	10	14	33	58	93	121	161	158	224	270	249	242	400	346	420	398	388	428
2	8	33	30	34	71	105	157	162	244	218	245	266	272	288	335	304	342	364	393
2	8	17	22	32	49	95	151	170	196	244	259	296	299	313	307	362	436	447	410
2	8	17	22	53	58	91	146	204	213	232	257	274	309	345	362	334	383	440	423
2	8	27	39	53	83	112	170	189	250	265	308	267	443	382	370	360	367	381	469
2	8	14	36	59	95	150	158	207	260	321	311	311	368	469	384	414	392	465	464
2	4	19	40	72	115	134	162	206	265	291	334	395	312	310	364	391	374	418	446
2	8	18	32	67	118	144	183	207	237	233	318	350	417	452	438	352	343	380	449
2	8	17	33	67	105	139	177	208	244	287	282	302	351	408	369	339	381	400	473
2	8	8	27	50	95	121	181	192	244	270	298	312	346	384	405	373	399	436	481
2	8	10	20	42	85	128	155	200	287	276	316	399	338	430	308	439	384	369	472
2	8	13	24	48	80	141	167	183	302	315	322	356	414	402	401	417	512	461	501
2	4	11	31	56	88	133	188	227	262	341	302	398	338	381	445	409	416	440	523
2	8	12	27	53	88	126	183	216	256	283	320	292	422	420	387	431	414	355	475
2	8	12	20	41	77	131	189	228	267	269	346	275	371	383	420	456	407	395	487
2	8	17	30	39	86	154	188	243	292	313	311	321	332	424	466	429	527	492	495
2	6	19	25	38	64	135	202	230	321	361	386	368	367	684	432	445	537	563	494
2	8	33	46	50	83	127	190	260	332	327	340	406	394	416	409	443	474	375	505
2	8	21	46	76	102	110	170	247	311	347	367	404	380	466	483	614	577	496	573
2	8	23	45	89	95	161	178	221	276	316	403	384	435	421	386	424	431	548	484
2	8	20	48	97	126	195	206	237	280	324	384	377	384	431	464	434	454	464	507
2	8	23	42	70	94	146	189	239	304	335	376	388	392	484	435	472	495	489	513
2	8	23	42	70	94	146	189	239	304	335	376	388	392	484	435	472	495	489	513
#
#	maturity	(1	nages)																																																										
#	1991	maturity	data																																																										
#0.00026	0.0006	0.00159	0.0035	0.0084	0.012	0.0463	0.1039	0.2167	0.3967	0.6118	0.7899	0.899	0.955	0.981	0.992	0.997	1	1	1
#	2012	maturity	data
#0	0	0	0	0	0.01	0.03	0.09	0.21	0.43	0.68	0.86	0.94	0.98	0.99	1	1	1	1	1
# average of the 1991 and 2012 maturity studies logistic curves, start year to endyr
0.0001	0.0003	0.0008	0.0018	0.0042	0.011	0.0382	0.097	0.2134	0.4134	0.6459	0.825	0.9195	0.9675	0.9855	0.996	0.9985	1	1	1
0.0001	0.0003	0.0008	0.0018	0.0042	0.011	0.0382	0.097	0.2134	0.4134	0.6459	0.825	0.9195	0.9675	0.9855	0.996	0.9985	1	1	1
0.0001	0.0003	0.0008	0.0018	0.0042	0.011	0.0382	0.097	0.2134	0.4134	0.6459	0.825	0.9195	0.9675	0.9855	0.996	0.9985	1	1	1
0.0001	0.0003	0.0008	0.0018	0.0042	0.011	0.0382	0.097	0.2134	0.4134	0.6459	0.825	0.9195	0.9675	0.9855	0.996	0.9985	1	1	1
0.0001	0.0003	0.0008	0.0018	0.0042	0.011	0.0382	0.097	0.2134	0.4134	0.6459	0.825	0.9195	0.9675	0.9855	0.996	0.9985	1	1	1
0.0001	0.0003	0.0008	0.0018	0.0042	0.011	0.0382	0.097	0.2134	0.4134	0.6459	0.825	0.9195	0.9675	0.9855	0.996	0.9985	1	1	1
0.0001	0.0003	0.0008	0.0018	0.0042	0.011	0.0382	0.097	0.2134	0.4134	0.6459	0.825	0.9195	0.9675	0.9855	0.996	0.9985	1	1	1
0.0001	0.0003	0.0008	0.0018	0.0042	0.011	0.0382	0.097	0.2134	0.4134	0.6459	0.825	0.9195	0.9675	0.9855	0.996	0.9985	1	1	1
0.0001	0.0003	0.0008	0.0018	0.0042	0.011	0.0382	0.097	0.2134	0.4134	0.6459	0.825	0.9195	0.9675	0.9855	0.996	0.9985	1	1	1
0.0001	0.0003	0.0008	0.0018	0.0042	0.011	0.0382	0.097	0.2134	0.4134	0.6459	0.825	0.9195	0.9675	0.9855	0.996	0.9985	1	1	1
0.0001	0.0003	0.0008	0.0018	0.0042	0.011	0.0382	0.097	0.2134	0.4134	0.6459	0.825	0.9195	0.9675	0.9855	0.996	0.9985	1	1	1
0.0001	0.0003	0.0008	0.0018	0.0042	0.011	0.0382	0.097	0.2134	0.4134	0.6459	0.825	0.9195	0.9675	0.9855	0.996	0.9985	1	1	1
0.0001	0.0003	0.0008	0.0018	0.0042	0.011	0.0382	0.097	0.2134	0.4134	0.6459	0.825	0.9195	0.9675	0.9855	0.996	0.9985	1	1	1
0.0001	0.0003	0.0008	0.0018	0.0042	0.011	0.0382	0.097	0.2134	0.4134	0.6459	0.825	0.9195	0.9675	0.9855	0.996	0.9985	1	1	1
0.0001	0.0003	0.0008	0.0018	0.0042	0.011	0.0382	0.097	0.2134	0.4134	0.6459	0.825	0.9195	0.9675	0.9855	0.996	0.9985	1	1	1
0.0001	0.0003	0.0008	0.0018	0.0042	0.011	0.0382	0.097	0.2134	0.4134	0.6459	0.825	0.9195	0.9675	0.9855	0.996	0.9985	1	1	1
0.0001	0.0003	0.0008	0.0018	0.0042	0.011	0.0382	0.097	0.2134	0.4134	0.6459	0.825	0.9195	0.9675	0.9855	0.996	0.9985	1	1	1
0.0001	0.0003	0.0008	0.0018	0.0042	0.011	0.0382	0.097	0.2134	0.4134	0.6459	0.825	0.9195	0.9675	0.9855	0.996	0.9985	1	1	1
0.0001	0.0003	0.0008	0.0018	0.0042	0.011	0.0382	0.097	0.2134	0.4134	0.6459	0.825	0.9195	0.9675	0.9855	0.996	0.9985	1	1	1
0.0001	0.0003	0.0008	0.0018	0.0042	0.011	0.0382	0.097	0.2134	0.4134	0.6459	0.825	0.9195	0.9675	0.9855	0.996	0.9985	1	1	1
0.0001	0.0003	0.0008	0.0018	0.0042	0.011	0.0382	0.097	0.2134	0.4134	0.6459	0.825	0.9195	0.9675	0.9855	0.996	0.9985	1	1	1
0.0001	0.0003	0.0008	0.0018	0.0042	0.011	0.0382	0.097	0.2134	0.4134	0.6459	0.825	0.9195	0.9675	0.9855	0.996	0.9985	1	1	1
0.0001	0.0003	0.0008	0.0018	0.0042	0.011	0.0382	0.097	0.2134	0.4134	0.6459	0.825	0.9195	0.9675	0.9855	0.996	0.9985	1	1	1
0.0001	0.0003	0.0008	0.0018	0.0042	0.011	0.0382	0.097	0.2134	0.4134	0.6459	0.825	0.9195	0.9675	0.9855	0.996	0.9985	1	1	1
0.0001	0.0003	0.0008	0.0018	0.0042	0.011	0.0382	0.097	0.2134	0.4134	0.6459	0.825	0.9195	0.9675	0.9855	0.996	0.9985	1	1	1
0.0001	0.0003	0.0008	0.0018	0.0042	0.011	0.0382	0.097	0.2134	0.4134	0.6459	0.825	0.9195	0.9675	0.9855	0.996	0.9985	1	1	1
0.0001	0.0003	0.0008	0.0018	0.0042	0.011	0.0382	0.097	0.2134	0.4134	0.6459	0.825	0.9195	0.9675	0.9855	0.996	0.9985	1	1	1
0.0001	0.0003	0.0008	0.0018	0.0042	0.011	0.0382	0.097	0.2134	0.4134	0.6459	0.825	0.9195	0.9675	0.9855	0.996	0.9985	1	1	1
0.0001	0.0003	0.0008	0.0018	0.0042	0.011	0.0382	0.097	0.2134	0.4134	0.6459	0.825	0.9195	0.9675	0.9855	0.996	0.9985	1	1	1
0.0001	0.0003	0.0008	0.0018	0.0042	0.011	0.0382	0.097	0.2134	0.4134	0.6459	0.825	0.9195	0.9675	0.9855	0.996	0.9985	1	1	1
0.0001	0.0003	0.0008	0.0018	0.0042	0.011	0.0382	0.097	0.2134	0.4134	0.6459	0.825	0.9195	0.9675	0.9855	0.996	0.9985	1	1	1
0.0001	0.0003	0.0008	0.0018	0.0042	0.011	0.0382	0.097	0.2134	0.4134	0.6459	0.825	0.9195	0.9675	0.9855	0.996	0.9985	1	1	1
0.0001	0.0003	0.0008	0.0018	0.0042	0.011	0.0382	0.097	0.2134	0.4134	0.6459	0.825	0.9195	0.9675	0.9855	0.996	0.9985	1	1	1
0.0001	0.0003	0.0008	0.0018	0.0042	0.011	0.0382	0.097	0.2134	0.4134	0.6459	0.825	0.9195	0.9675	0.9855	0.996	0.9985	1	1	1
0.0001	0.0003	0.0008	0.0018	0.0042	0.011	0.0382	0.097	0.2134	0.4134	0.6459	0.825	0.9195	0.9675	0.9855	0.996	0.9985	1	1	1
0.0001	0.0003	0.0008	0.0018	0.0042	0.011	0.0382	0.097	0.2134	0.4134	0.6459	0.825	0.9195	0.9675	0.9855	0.996	0.9985	1	1	1
0.0001	0.0003	0.0008	0.0018	0.0042	0.011	0.0382	0.097	0.2134	0.4134	0.6459	0.825	0.9195	0.9675	0.9855	0.996	0.9985	1	1	1
0.0001	0.0003	0.0008	0.0018	0.0042	0.011	0.0382	0.097	0.2134	0.4134	0.6459	0.825	0.9195	0.9675	0.9855	0.996	0.9985	1	1	1
0.0001	0.0003	0.0008	0.0018	0.0042	0.011	0.0382	0.097	0.2134	0.4134	0.6459	0.825	0.9195	0.9675	0.9855	0.996	0.9985	1	1	1
0.0001	0.0003	0.0008	0.0018	0.0042	0.011	0.0382	0.097	0.2134	0.4134	0.6459	0.825	0.9195	0.9675	0.9855	0.996	0.9985	1	1	1
0.0001	0.0003	0.0008	0.0018	0.0042	0.011	0.0382	0.097	0.2134	0.4134	0.6459	0.825	0.9195	0.9675	0.9855	0.996	0.9985	1	1	1
0.0001	0.0003	0.0008	0.0018	0.0042	0.011	0.0382	0.097	0.2134	0.4134	0.6459	0.825	0.9195	0.9675	0.9855	0.996	0.9985	1	1	1
0.0001	0.0003	0.0008	0.0018	0.0042	0.011	0.0382	0.097	0.2134	0.4134	0.6459	0.825	0.9195	0.9675	0.9855	0.996	0.9985	1	1	1
0.0001	0.0003	0.0008	0.0018	0.0042	0.011	0.0382	0.097	0.2134	0.4134	0.6459	0.825	0.9195	0.9675	0.9855	0.996	0.9985	1	1	1
0.0001	0.0003	0.0008	0.0018	0.0042	0.011	0.0382	0.097	0.2134	0.4134	0.6459	0.825	0.9195	0.9675	0.9855	0.996	0.9985	1	1	1
0.0001	0.0003	0.0008	0.0018	0.0042	0.011	0.0382	0.097	0.2134	0.4134	0.6459	0.825	0.9195	0.9675	0.9855	0.996	0.9985	1	1	1
0.0001	0.0003	0.0008	0.0018	0.0042	0.011	0.0382	0.097	0.2134	0.4134	0.6459	0.825	0.9195	0.9675	0.9855	0.996	0.9985	1	1	1
0.0001	0.0003	0.0008	0.0018	0.0042	0.011	0.0382	0.097	0.2134	0.4134	0.6459	0.825	0.9195	0.9675	0.9855	0.996	0.9985	1	1	1
0.0001	0.0003	0.0008	0.0018	0.0042	0.011	0.0382	0.097	0.2134	0.4134	0.6459	0.825	0.9195	0.9675	0.9855	0.996	0.9985	1	1	1
0.0001	0.0003	0.0008	0.0018	0.0042	0.011	0.0382	0.097	0.2134	0.4134	0.6459	0.825	0.9195	0.9675	0.9855	0.996	0.9985	1	1	1
0.0001	0.0003	0.0008	0.0018	0.0042	0.011	0.0382	0.097	0.2134	0.4134	0.6459	0.825	0.9195	0.9675	0.9855	0.996	0.9985	1	1	1
0.0001	0.0003	0.0008	0.0018	0.0042	0.011	0.0382	0.097	0.2134	0.4134	0.6459	0.825	0.9195	0.9675	0.9855	0.996	0.9985	1	1	1
0.0001	0.0003	0.0008	0.0018	0.0042	0.011	0.0382	0.097	0.2134	0.4134	0.6459	0.825	0.9195	0.9675	0.9855	0.996	0.9985	1	1	1
0.0001	0.0003	0.0008	0.0018	0.0042	0.011	0.0382	0.097	0.2134	0.4134	0.6459	0.825	0.9195	0.9675	0.9855	0.996	0.9985	1	1	1
0.0001	0.0003	0.0008	0.0018	0.0042	0.011	0.0382	0.097	0.2134	0.4134	0.6459	0.825	0.9195	0.9675	0.9855	0.996	0.9985	1	1	1
0.0001	0.0003	0.0008	0.0018	0.0042	0.011	0.0382	0.097	0.2134	0.4134	0.6459	0.825	0.9195	0.9675	0.9855	0.996	0.9985	1	1	1
0.0001	0.0003	0.0008	0.0018	0.0042	0.011	0.0382	0.097	0.2134	0.4134	0.6459	0.825	0.9195	0.9675	0.9855	0.996	0.9985	1	1	1
0.0001	0.0003	0.0008	0.0018	0.0042	0.011	0.0382	0.097	0.2134	0.4134	0.6459	0.825	0.9195	0.9675	0.9855	0.996	0.9985	1	1	1
0.0001	0.0003	0.0008	0.0018	0.0042	0.011	0.0382	0.097	0.2134	0.4134	0.6459	0.825	0.9195	0.9675	0.9855	0.996	0.9985	1	1	1
0.0001	0.0003	0.0008	0.0018	0.0042	0.011	0.0382	0.097	0.2134	0.4134	0.6459	0.825	0.9195	0.9675	0.9855	0.996	0.9985	1	1	1
0.0001	0.0003	0.0008	0.0018	0.0042	0.011	0.0382	0.097	0.2134	0.4134	0.6459	0.825	0.9195	0.9675	0.9855	0.996	0.9985	1	1	1
0.0001	0.0003	0.0008	0.0018	0.0042	0.011	0.0382	0.097	0.2134	0.4134	0.6459	0.825	0.9195	0.9675	0.9855	0.996	0.9985	1	1	1
0.0001	0.0003	0.0008	0.0018	0.0042	0.011	0.0382	0.097	0.2134	0.4134	0.6459	0.825	0.9195	0.9675	0.9855	0.996	0.9985	1	1	1
0.0001	0.0003	0.0008	0.0018	0.0042	0.011	0.0382	0.097	0.2134	0.4134	0.6459	0.825	0.9195	0.9675	0.9855	0.996	0.9985	1	1	1
0.0001	0.0003	0.0008	0.0018	0.0042	0.011	0.0382	0.097	0.2134	0.4134	0.6459	0.825	0.9195	0.9675	0.9855	0.996	0.9985	1	1	1
0.0001	0.0003	0.0008	0.0018	0.0042	0.011	0.0382	0.097	0.2134	0.4134	0.6459	0.825	0.9195	0.9675	0.9855	0.996	0.9985	1	1	1
0.0001	0.0003	0.0008	0.0018	0.0042	0.011	0.0382	0.097	0.2134	0.4134	0.6459	0.825	0.9195	0.9675	0.9855	0.996	0.9985	1	1	1
0.0001	0.0003	0.0008	0.0018	0.0042	0.011	0.0382	0.097	0.2134	0.4134	0.6459	0.825	0.9195	0.9675	0.9855	0.996	0.9985	1	1	1 
#	combined 1991 and 2012 maturity data fit with a logistic model																																																										
#0	0.002	0.004	0.008	0.016	0.031	0.058	0.108	0.192	0.318	0.477	0.641	0.778	0.873	0.931	0.963	0.981	0.990	0.995	0.997
# average of the 1991 and 2012 logistic curves (used in the assessment)
#0.0001	0.0003	0.0008	0.0018	0.0042	0.0110	0.0382	0.0970	0.2134	0.4134	0.6459	0.8250	0.9195	0.9675	0.9855	0.9960	0.9985	1.0000	1.0000	1.0000
#																																																													
#	init_age_comp	Flag	whether	initial	age	comp	independent	or	not	(0	=	NOT)																																																	
1																																																													
# Number of q (catchability) environmental covariates (by number of surveys)																																																													
3
#	average	annual	survey	bottom	temperature	anomalies	for	depths	<	100	m (1982-2021)  NOT 2020 may be a problem.  																																																	
#	1982	1983	1984	1985	1986	1987	1988	1989	1990	1991	1992	1993	1994	1995	1996	1997	1998	1999	2000	2001	2002	2003	2004	2005	2006	2007	2008	2009	2010	2011	2012	2013	2014	2015	2016	2017	2018	2019	2021
-0.638037531	0.526697058	-0.440862567	-0.267789302	-0.961537024	0.653209952	-0.319793388	0.423992166	-0.099450287	0.320102072	-0.709351441	0.542314501	-1.179475895	-1.000716647	0.845506028	0.036357178	0.910698588	-2.136828271	-0.487321824	-0.069391739	0.809441454	1.265642048	0.895781486	0.965542386	-0.982460966	-0.998258015	-1.543547743	-1.469088298	-1.515221062	-0.201821847	-1.832556587	-0.877140741	0.786285366	0.839543759	2.344168729	0.069195568	2.001237186	2.354461584 1.140474068
#	average	annual	survey	bottom	start-date	anomalies	
-5.58974359	3.41025641	5.41025641	4.41025641	-0.58974359	-7.58974359	0.41025641	2.41025641	0.41025641	3.41025641	1.41025641	0.41025641	-0.58974359	0.41025641	4.41025641	3.41025641	5.41025641	-11.58974359	-11.58974359	-5.58974359	-1.58974359	-1.58974359	1.41025641	-0.58974359	-1.58974359	7.41025641	0.41025641	-1.58974359	3.41025641	1.41025641	0.41025641	5.41025641	4.41025641	-1.58974359	-3.58974359	0.41025641	-0.58974359	-0.58974359 -3.58974359
3.566466201	1.796172018	-2.385179532	-1.181019485	0.567060296	-4.957696044	-0.131197287	1.021929836	-0.040800118	1.091630141	-1.000367416	0.222488001	0.695588348	-0.410550419	3.728898382	0.1239873	4.927112876	24.76529176	5.647934986	0.387882029	-1.286804362	-2.012046332	1.263281583	-0.569422433	1.561861023	-7.397347854	-0.633250356	2.335473704	-5.167292341	-0.284620554	-0.751818087	-4.745556318	3.467720077	-1.334659309	-8.414964668	0.028387925	-1.180216802	-1.388528626 -4.094009476
#																																																													
#	spawnmo																																																												
5																																																													
#	Survey	1	month																																																										
7																																																													
#	Sample	size	for	wts	at	age	"1982-2010,"	20-Jan																																																					
2	24	40	49	87	77	57	79	39	44	42	53	53	41	19	16	12	4	4	16																																										
0	1	3	29	43	94	95	45	60	45	38	61	55	43	51	20	13	10	0	20																																										
0	0	11	55	82	79	79	61	53	56	58	38	42	43	53	34	21	12	5	34																																										
0	0	5	33	89	125	60	80	67	38	45	41	37	40	44	42	24	20	3	42																																										
0	0	2	9	40	86	162	53	66	48	46	34	39	30	35	27	32	11	12	27																																										
0	0	1	20	26	173	89	122	45	39	42	31	34	22	24	29	24	23	25	29																																										
0	0	2	3	52	7	146	69	51	12	19	15	18	31	19	10	12	12	16	10																																										
0	0	1	6	27	121	31	199	89	59	13	16	27	19	28	17	10	8	22	17																																										
0	0	2	18	27	62	151	31	187	58	56	12	13	17	9	26	21	13	14	26																																										
0	0	1	20	44	19	45	134	15	170	38	57	11	17	12	19	24	18	7	19																																										
0	0	1	31	57	54	23	26	91	11	98	14	32	11	14	19	12	18	12	19																																										
0	0	3	11	36	58	32	21	21	111	8	93	15	17	8	9	13	16	8	9																																										
0	2	6	9	17	45	78	45	32	21	94	1	61	5	25	10	5	8	16	10																																										
0	0	3	35	33	26	79	67	22	21	7	85	3	96	13	12	18	11	14	12																																										
0	0	5	16	122	36	28	44	43	28	17	21	71	14	89	15	12	16	15	15																																										
0	0	10	40	51	84	21	18	37	18	11	16	12	46	6	30	7	11	8	30																																										
0	0	7	15	41	49	101	31	27	32	35	33	15	16	21	9	40	20	14	9																																										
0	0	2	32	48	55	57	176	33	25	57	42	26	12	16	32	20	41	21	32																																										
0	0	1	4	29	23	28	63	92	20	30	25	21	12	15	16	24	24	30	16																																										
0	2	1	15	31	80	42	59	64	88	34	11	21	13	11	17	11	21	8	17																																										
0	0	11	22	28	45	120	56	55	43	75	32	15	32	19	20	14	15	23	20																																										
0	0	6	24	43	42	41	158	35	44	24	36	17	9	20	18	13	11	14	18																																										
1	13	24	42	89	81	42	40	112	24	15	20	24	12	5	20	19	12	9	20																																										
0	6	27	48	31	71	59	26	47	94	15	12	15	20	10	7	16	11	12	7																																										
0	1	20	40	44	28	48	34	18	22	41	9	10	9	8	9	3	8	12	9																																										
0	1	13	105	73	79	47	83	39	19	32	57	15	19	16	12	14	18	16	12																																										
0	0	4	16	119	102	99	68	75	34	21	35	53	16	11	11	20	11	13	11																																										
0	1	7	18	27	144	90	95	48	39	38	18	17	35	13	9	7	10	14	9																																										
0	0	9	45	70	66	149	82	80	32	35	21	15	16	23	14	8	14	21	11																																										
0	0	9	45	70	66	149	82	80	32	35	21	15	16	23	14	8	14	21	11																																										
0	0	9	45	70	66	149	82	80	32	35	21	15	16	23	14	8	14	21	11																																										
#																																																													
#	May	SST	anomalies	from	"Pribs,"	1954	-	2010	(same	length	as	model)																																																	
0	0	0	0	0	0	0	0	0	0	0	0	0	0	0	0	0	0	0	0	0	0	0	0	0	0	0	0	0	0	0	0	0	0	0	0	0	0	0	0	0	0	0	0	0	0	0	0	0	0	0	0	0	0	0	0	0	0	0	0	0	0	0	0	0	0 0 0
#0.756785714	0.426785714	0.156785714	1.486785714	1.516785714	0.766785714	1.086785714	0.926785714	0.836785714	0.456785714	0.726785714	0.716785714	0.646785714	1.556785714	0.886785714	1.096785714	0.826785714	-0.643214286	-0.243214286	0.046785714	0.786785714	-0.183214286	-0.803214286	0.916785714	1.486785714	1.556785714	1.316785714	1.916785714	-0.413214286	0.806785714	-0.413214286	-0.623214286	-0.553214286	0.686785714	0.116785714	0.266785714	0.126785714	-0.003214286	-0.273214286	1.046785714	-0.143214286	-0.433214286	0.706785714	-0.163214286	-0.163214286	-0.903214286	-0.053214286	0.356785714	0.566785714	1.396785714	1.166785714	0.976785714	-0.833214286	-0.903214286	-1.533214286	-0.813214286	-1.443214286					
#Lagged	ahead	one	year	"(1953-2009,"	1953	is	approximate	)																																																					
#0.4	0.413157895	0.083157895	-0.186842105	1.143157895	1.173157895	0.423157895	0.743157895	0.583157895	0.493157895	0.113157895	0.383157895	0.373157895	0.303157895	1.213157895	0.543157895	0.753157895	0.483157895	-0.986842105	-0.586842105	-0.296842105	0.443157895	-0.526842105	-1.146842105	0.573157895	1.143157895	1.213157895	0.973157895	1.573157895	-0.756842105	0.463157895	-0.756842105	-0.966842105	-0.896842105	0.343157895	-0.226842105	-0.076842105	-0.216842105	-0.346842105	-0.616842105	0.703157895	-0.486842105	-0.776842105	0.363157895	-0.506842105	-0.506842105	-1.246842105	-0.396842105	0.013157895	0.223157895	1.053157895	0.823157895	0.633157895	-1.176842105	-1.246842105	-1.876842105	-1.156842105	-1.786842105	-1.1	-1.2	0.1	
#-0.372913868	0.791820721	-0.175738904	-0.002665638	-0.69641336	0.918333615	-0.054669724	0.689115829	0.165673376	0.585225735	-0.444227777	0.807438165	-0.914352231	-0.735592984	1.110629692	0.301480842	1.175822252	-1.871704608	-0.222198161	0.195731924	1.074565117	1.530765711	1.160905149	1.230666049	-0.717337303	-0.733134351	-1.278424079	-1.203964634	-1.250097399	0.063301816	-1.567432923	-0.612017078	1.05140903																													
##	1.356433978	1.201009251	1.073843566	1.700252313	1.714381833	1.361143818	1.511858705	1.436501262	1.3941127	1.215138772	1.342304458	1.337594617	1.304625736	1.733221194	1.417661901	1.516568545	1.38940286	0.69705635	0.885449958	1.022035324	1.370563499	0.913708999	0.621698907	1.431791421	1.700252313	1.733221194	1.620185029	1.902775442	0.805382675	1.379983179	0.805382675	0.70647603	0.739444912	1.323465097	1.055004205	1.125651808	1.059714045	0.998486123	0.871320437	1.493019344	0.93254836	0.795962994	1.332884777	0.92312868	0.92312868	0.574600505	0.974936922	1.16804037	1.266947014	1.657863751	1.549537426	1.460050463	0.607569386	0.574600505	0.277880572	0.616989066	0.320269134				
#EOF Check
123456
