log-posterior
-1387.68
-1387.68
-1387.68
-1400.65
-1419.69
-1426.69
-1443.1
-1455.84
-1472.27
-1476.11
-1482.73
-1494.23
-1505.89
-1513.45
-1525.21
-1529.48
-1528.5
-1535.63
-1535.14
-1540.82
-1530.66
-1529.28
-1540.6
-1543.64
-1544.7
-1541.11
-1549.71
-1552.31
-1553.3
-1560.67
-1555.28
-1554.8
-1561.85
-1562.73
-1559.8
-1558.81
-1571.65
-1568.62
-1573.44
-1575.92
-1577.55
-1582.68
-1579.39
-1584.04
-1590.99
-1586.03
-1595.15
-1583.67
-1581.98
-1580.3
-1585
-1577.34
-1577.66
-1586.77
-1574.01
-1582
-1568.56
-1574.1
-1575.78
-1577.07
-1577.85
-1591.39
-1602.13
-1603.44
-1601.25
-1598.19
-1594.86
-1598.62
-1602.56
-1600.21
-1605.95
-1602.2
-1600.4
-1598.06
-1603.25
-1595.98
-1597.86
-1602.92
-1603.57
-1599.08
-1608.31
-1607.13
-1612
-1614.63
-1606.71
-1601.25
-1597.57
-1601.68
-1602.63
-1608.99
-1600.88
-1604.27
-1595.35
-1598.62
-1599.87
-1593.33
-1596.82
-1596.65
-1592.8
-1597.98
-1596.75
-1597.59
-1606.79
-1607.55
-1613.67
-1609.53
-1611.42
-1596.01
-1598.37
-1587.49
-1577.5
-1575.85
-1582.37
-1575.61
-1579.78
-1569.12
-1572.48
-1577.98
-1578.22
-1577.5
-1584.76
-1590.52
-1596.76
-1601.35
-1611.87
-1603.79
-1617.04
-1619.04
-1621.35
-1615.14
-1613.33
-1607.82
-1617.33
-1622.75
-1608.83
-1608.06
-1607.76
-1602.83
-1610.91
-1615.6
-1610.4
-1620.93
-1622.06
-1613.56
-1618.03
-1613.91
-1616.21
-1611.55
-1615.84
-1625.63
-1624.81
-1618.91
-1610.72
-1599.86
-1602.69
-1599.39
-1596.29
-1598.02
-1593.5
-1607.73
-1612.63
-1616.79
-1611.18
-1613.07
-1620.07
-1625.44
-1617.68
-1616.75
-1615.33
-1620.43
-1617.46
-1605.94
-1616.12
-1623.48
-1618.59
-1629.25
-1631.62
-1631.78
-1641.18
-1642.22
-1633.62
-1623.01
-1632.96
-1632.36
-1624.02
-1636.78
-1641.22
-1642.78
-1641.58
-1628.52
-1636.03
-1635.82
-1634.62
-1636.87
-1632.3
-1624.45
-1620.26
-1628.76
-1639.38
-1636.49
-1631.26
-1633.87
-1635.69
-1646.31
-1638.19
-1636.33
-1650.5
-1648.75
-1646.77
-1649.89
-1650.87
-1650.89
-1657.64
-1645.33
-1641.57
-1643.47
-1645.77
-1643.54
-1644.77
-1653.46
-1645.74
-1643.78
-1643.07
-1637.49
-1632.12
-1633.2
-1625.8
-1628.13
-1623.56
-1625.36
-1622.9
-1631.05
-1629.33
-1625.36
-1628.99
-1635.57
-1644.07
-1647.86
-1651.43
-1639.55
-1642.07
-1636.78
-1631.41
-1634.3
-1625.45
-1628.95
-1629.45
-1634.65
-1630.13
-1620.57
-1627.53
-1627.59
-1621.65
-1616.29
-1618.68
-1614.06
-1609.95
-1619.02
-1628.46
-1634.59
-1630.01
-1635.24
-1635.09
-1633.62
-1623.46
-1618.63
-1617.11
-1624.3
-1634.03
-1633.29
-1636.23
-1638.87
-1645.14
-1644.31
-1643.11
-1630.15
-1636.05
-1624.6
-1619.67
-1625.22
-1621.74
-1632.25
-1643.79
-1642.91
-1650.97
-1644.28
-1652.04
-1651.53
-1644.73
-1648.38
-1640.21
-1636.01
-1643.34
-1646.36
-1655
-1659.27
-1664.78
-1651.35
-1653.65
-1642.1
-1637.7
-1638.7
-1640.1
-1638.17
-1641.55
-1637.72
-1635.48
-1632.95
-1625.39
-1627.3
-1631.49
-1623.76
-1618.09
-1616.26
-1612.78
-1617.22
-1613.73
-1609.51
-1608.47
-1608.07
-1606.74
-1606.66
-1618.65
-1614.03
-1609.13
-1608.85
-1612.2
-1612.61
-1605.05
-1606.28
-1606.43
-1612.63
-1615.16
-1610.44
-1613.14
-1611.69
-1612.57
-1616.48
-1612.71
-1617.42
-1618.56
-1617.11
-1618.37
-1620.63
-1624.75
-1624.81
-1625.83
-1635.92
-1629.36
-1632.21
-1628.57
-1632.28
-1639.22
-1645.61
-1651.53
-1647.73
-1647.56
-1647.7
-1642.81
-1630.41
-1634.71
-1630.21
-1637.6
-1631.78
-1630.5
-1639.56
-1637.88
-1635.28
-1632.07
-1639.04
-1634.99
-1631.65
-1640.41
-1647.37
-1646.58
-1644.17
-1648.96
-1642.57
-1636.34
-1631.06
-1628.92
-1627.96
-1631.16
-1629.82
-1617.11
-1616.43
-1619.44
-1626.61
-1626.51
-1620.14
-1628.89
-1628.07
-1618.71
-1619.82
-1616.83
-1621.02
-1613.63
-1614.26
-1615.4
-1614.59
-1616.23
-1615.22
-1623.65
-1621.09
-1629.34
-1627.6
-1634.02
-1634.65
-1628.11
-1628.04
-1624.99
-1632.99
-1633.16
-1632.32
-1637.16
-1634.48
-1628.04
-1621.4
-1620.03
-1621.77
-1618.44
-1619.72
-1613.89
-1615.37
-1619.18
-1622.19
-1627.27
-1637.67
-1644.88
-1651.37
-1635.85
-1630.83
-1630.56
-1625.63
-1626.68
-1619.13
-1623.49
-1622.88
-1618.31
-1622.57
-1630.62
-1632.06
-1620.17
-1618.57
-1621.31
-1629.94
-1628.87
-1638.84
-1639.23
-1633.32
-1641.97
-1645.59
-1645.55
-1645.65
-1642.69
-1640.8
-1640.49
-1643.17
-1636.31
-1635.78
-1641.45
-1647.51
-1644.28
-1627.19
-1625.42
-1619.72
-1620.78
-1631.21
-1634.73
-1628.3
-1631.32
-1637.66
-1639.75
-1638.32
-1644.5
-1639.36
-1654.03
-1658.15
-1652.77
-1652.03
-1646.14
-1644.95
-1650.92
-1651.63
-1652.07
-1651.99
-1652.48
-1649.22
-1656.8
-1650.51
-1661.42
-1662.42
-1651.59
-1648.29
-1643.44
-1639.92
-1637.46
-1653.02
-1636.69
-1630.75
-1626.79
-1633.38
-1627.02
-1633.08
-1630.22
-1632.21
-1628.46
-1629.76
-1632.05
-1638.21
-1624.55
-1615.89
-1620.78
-1618.12
-1627.98
-1632.56
-1634.68
-1632.5
-1632.62
-1624.14
-1630.11
-1635.04
-1636.15
-1637.12
-1640.34
-1640.68
-1647.55
-1640.43
-1660.13
-1649.06
-1647.04
-1649.73
-1636.45
-1639.45
-1627.29
-1625.7
-1621.96
-1627.71
-1626.56
-1626.24
-1624.15
-1634.24
-1637.09
-1630.85
-1625.79
-1623.68
-1624.73
-1626.72
-1626.03
-1624.99
-1621.93
-1631.53
-1631.37
-1628.76
-1621.59
-1631.35
-1638.79
-1643.38
-1634.8
-1643.86
-1640.37
-1639.19
-1634.56
-1628.24
-1624.85
-1631.43
-1627.7
-1629.52
-1634.44
-1634.86
-1641.56
-1628.28
-1615.46
-1618.05
-1625.19
-1633.38
-1626.6
-1626.81
-1628.26
-1635.54
-1634.63
-1636.91
-1619.81
-1631.11
-1631.04
-1639.45
-1635.83
-1626.71
-1622.98
-1630.98
-1621.83
-1626.9
-1625.92
-1624.54
-1624.62
-1626.44
-1632.45
-1637.31
-1632.75
-1648.74
-1642.27
-1632.45
-1634.62
-1633.99
-1628.01
-1633.88
-1636.66
-1635.68
-1634.05
-1628.18
-1641.27
-1635.93
-1632.1
-1636.27
-1632.56
-1635.92
-1630.22
-1637.33
-1639.75
-1636.28
-1635.42
-1642.04
-1635.61
-1637.55
-1635.1
-1637.61
-1622.73
-1625.51
-1638.72
-1624.16
-1617.58
-1613.63
-1612.07
-1612.96
-1614.08
-1618.88
-1626.64
-1636.42
-1640.79
-1640.2
-1633.63
-1631.8
-1627.76
-1632.8
-1644.4
-1636.93
-1627.24
-1628.96
-1623.69
-1628.29
-1627.15
-1619.1
-1615.47
-1615.58
-1628.11
-1621.34
-1625.02
-1620.95
-1629.99
-1636.89
-1630.13
-1635.96
-1636.97
-1635.04
-1635.65
-1631.15
-1630.5
-1649.02
-1640.87
-1642.3
-1638.82
-1635.11
-1639.24
-1641.39
-1642.55
-1650.32
-1645.61
-1644.25
-1636.8
-1647.91
-1650.54
-1649.82
-1643.46
-1643.27
-1642.5
-1643.76
-1647.71
-1646.42
-1649.11
-1646.36
-1651.97
-1649.02
-1648.97
-1642.91
-1648.95
-1654.51
-1658.21
-1664.4
-1656.75
-1657.68
-1651.23
-1651.25
-1650.12
-1655.4
-1653.75
-1649.53
-1654.03
-1654.39
-1660.27
-1653.65
-1658.72
-1654.43
-1652.51
-1660.56
-1661.41
-1662.38
-1655.88
-1650.83
-1650.24
-1663.96
-1652.92
-1650.26
-1640.91
-1640.74
-1642.24
-1652.38
-1650.45
-1645.05
-1633.45
-1633.42
-1628.08
-1630.25
-1630.79
-1630.86
-1630.76
-1622.33
-1615.26
-1615.83
-1620.81
-1629.1
-1628.61
-1623.06
-1615.71
-1621.14
-1625.79
-1628.94
-1620.78
-1610.72
-1606.66
-1617.54
-1620.31
-1634.37
-1622.18
-1628.54
-1628.56
-1616.09
-1608.69
-1606.6
-1610.34
-1616.09
-1610.48
-1620.22
-1620.54
-1619.15
-1621.1
-1624.53
-1619.79
-1625.39
-1631.7
-1626.74
-1637.37
-1636.05
-1636.88
-1644.1
-1645.89
-1649.65
-1644.58
-1648.27
-1650.93
-1637.28
-1643.83
-1642.39
-1635.38
-1632.63
-1641.33
-1632.08
-1641.81
-1631.99
-1621.83
-1628.34
-1633.11
-1629.57
-1625.15
-1620.95
-1618.37
-1622.87
-1625.62
-1624.89
-1618.22
-1616.54
-1618.83
-1614.28
-1609.83
-1605.38
-1604.57
-1592.95
-1595.12
-1608.37
-1616.15
-1612.14
-1608.22
-1605.33
-1600.96
-1604.27
-1607.25
-1614.31
-1620.41
-1625.26
-1620.1
-1618.04
-1619.31
-1625.33
-1626.04
-1625.89
-1616.63
-1618.84
-1626.79
-1622
-1622.47
-1620.08
-1621.81
-1622.83
-1625.57
-1645.16
-1639.33
-1622.98
-1622.59
-1624.88
-1628.18
-1623.79
-1623.26
-1623.35
-1615.53
-1610.54
-1618.21
-1616.9
-1621.88
-1617.16
-1610.23
-1616.6
-1625.63
-1631.39
-1630.17
-1631.48
-1632.01
-1638.08
-1640.58
-1638.57
-1639.21
-1641.05
-1630.32
-1630.8
-1637.56
-1632.79
-1625.08
-1627.23
-1628.83
-1630.11
-1626.19
-1626.33
-1631.29
-1627.11
-1639.22
-1635.43
-1629.19
-1629.72
-1622.9
-1625.75
-1629.27
-1624.84
-1629.4
-1632.96
-1640.01
-1650.82
-1645.81
-1645.52
-1645.52
-1654.94
-1663.51
-1667.27
-1648.47
-1646.22
-1645.45
-1660.82
-1657.45
-1663.02
-1663.98
-1660.34
-1647.24
-1655.54
-1654
-1661.42
-1656.14
-1661.43
-1665.21
-1661.17
-1653.69
-1660.51
-1656.22
-1655.08
-1650.4
-1648.46
-1642.07
-1637.36
-1638.77
-1638.02
-1631.2
-1625.1
-1627.74
-1621.13
-1626.55
-1627.98
-1623.98
-1622.15
-1620.26
-1621.05
-1621.98
-1620.89
-1614.87
-1607.72
-1613.21
-1606.72
-1603.31
-1608.05
-1613.25
-1618.94
-1623.42
-1625.82
-1628.37
-1633.67
-1632.82
-1639.51
-1639.57
-1631.66
-1624.75
-1629.56
-1632.59
-1637.89
-1640.61
-1638.08
-1633.26
-1625.82
-1627.7
-1639.56
-1626.47
-1636.56
-1632.26
-1634.85
-1633.06
-1632.23
-1634.67
-1638.19
-1636.72
-1632.18
-1635.61
-1642.27
-1642.59
-1644.28
-1649.61
-1651.26
-1655.38
-1658.24
-1652.19
-1640.75
-1637.61
-1634.95
-1631.17
-1636.17
-1635.7
-1628.83
-1631.7
-1636.83
-1639.33
-1635.77
-1637.02
-1635.63
-1630.17
-1634.3
-1628.37
-1628.93
-1631.35
-1633.24
-1625.35
-1632.95
-1623.41
-1623.26
-1623.77
-1623.13
-1618.63
-1625.7
-1624.97
-1611.75
-1616.48
-1616.33
-1623.85
-1619.1
-1617.4
-1617.44
-1622.71
-1621.74
-1621.93
-1621.68
-1613.92
-1621.78
-1619.51
-1610.36
-1602.94
-1603.7
-1601.43
-1609.16
-1608.69
-1606.53
-1607.03
-1614.13
-1619.41
-1620.8
-1620.45
-1622.11
-1620.39
-1624.21
-1625.85
-1618.86
-1620.8
-1616.44
-1611.78
-1615.91
-1619.44
-1617.95
-1623.97
-1621.9
-1624.3
-1620.01
-1621.07
-1616.95
-1622.94
-1622.58
-1621.17
-1621.56
-1631.58
-1640.93
-1634.77
-1634.9
-1630.4
-1632.2
-1633.37
-1636.35
-1634.65
-1631.39
-1633.31
-1624.35
-1619.33
-1617.86
-1629.69
-1620.11
-1620.28
-1622.38
-1622.7
-1623.31
-1621.67
-1627.2
-1615.84
-1615.48
-1626.56
-1622.81
-1625.95
-1616.86
-1618.3
-1617.24
-1619.61
-1623.05
-1625
-1627.15
-1627.97
-1627.61
-1632.52
-1628.49
-1630.65
-1641.06
-1626.91
-1625.37
-1623.16
-1624.08
-1622.71
-1614.17
-1613.44
-1618.49
-1615.37
-1611.15
-1612.93
-1621.06
-1625.43
-1622.66
-1624.56
-1626.62
-1626.54
-1623.52
-1618.06
-1616.78
-1621.32
-1615.85
-1620.56
-1624.9
-1630.15
-1629.98
-1629.52
-1629.06
-1635.74
-1631.6
-1631.6
-1619.66
-1619.38
-1629.45
-1625.27
-1621.83
-1613.59
-1604.41
-1609.33
-1608.49
-1609.3
-1605.64
-1602.04
-1610.58
-1615.07
-1616.94
-1619.48
-1624.83
-1626.22
-1627.21
-1624.5
-1627.82
-1640.24
-1644.62
-1650.31
-1648.76
-1649.65
-1647.66
-1654.06
-1660.38
-1659.59
-1635.94
-1636.77
-1641.69
-1639.62
-1636.08
-1637.8
-1643.36
-1643.52
-1628.78
-1632.85
-1633.8
-1638.86
-1637.95
-1628.51
-1640.15
-1631.09
-1625.61
-1629.03
-1616.2
-1613.08
-1612.9
-1610.92
-1599.79
-1614.5
-1619.64
-1624.31
-1626.42
-1622.95
-1627.06
-1625.17
-1627.99
-1628.44
-1638.42
-1643.67
-1653.68
-1649.23
-1635.55
-1648.57
-1655.96
-1657.05
-1657.39
-1659.08
-1656.86
-1657.9
-1645.87
-1642.57
-1641.79
-1630.86
-1638.39
-1634.13
-1638.65
-1634.4
-1635.13
-1622.97
-1631.68
-1628.71
-1625.57
-1626.61
-1625.81
-1622.16
-1616.45
-1611.96
-1607.69
-1611.41
-1611.55
-1602.39
-1597.54
-1608.78
-1603.56
-1593.79
-1595.76
-1600.39
-1608.46
-1611.28
-1604.68
-1601.69
-1606.25
-1608.65
-1607.31
-1611.24
-1611.07
-1619.43
-1626.12
-1635.28
-1638.07
-1635.58
-1630.09
-1636.33
-1632.55
-1630.36
-1630.79
-1636.03
-1639.64
-1636.54
-1630.67
-1626.9
-1622.7
-1621.47
-1629.82
-1629.97
-1629.42
-1629.71
-1621.18
-1622.6
-1634.63
-1620.8
-1619.72
-1622.29
-1625.72
-1626.68
-1617.57
-1622.11
-1622.19
-1623.6
-1627.19
-1622.66
-1628.01
-1619.99
-1611.36
-1615.25
-1623.4
-1622.61
-1634.39
-1622.99
-1615.46
-1613.21
-1609.6
-1610.74
-1612.69
-1612.85
-1625.3
-1617.5
-1613.13
-1617.75
-1620.91
-1613.39
-1612.67
-1621.73
-1622.18
-1623.54
-1629.13
-1627.48
-1644.59
-1635.1
-1627.84
-1633.2
-1620.7
-1624.15
-1626.47
-1626.58
-1623.59
-1619.84
-1622.95
-1627.91
-1630.02
-1623.41
-1620.77
-1619.57
-1616.03
-1628.08
-1624.48
-1626.09
-1631.98
-1631.14
-1634.24
-1633.23
-1638.42
-1654.19
-1657.46
-1669.7
-1670.12
-1660.24
-1661.49
-1659.3
-1648.11
-1648.86
-1648.73
-1648.69
-1645.21
-1650.3
-1651.03
-1651.98
-1644.3
-1650.94
-1660.81
-1667.37
-1657.37
-1650.51
-1652.71
-1649.72
-1649.52
-1650.75
-1649.99
-1653.4
-1651.96
-1654
-1651.58
-1643.76
-1649.92
-1646.58
-1633.87
-1633.34
-1635.22
-1637.94
-1627.13
-1635.28
-1636.99
-1628.05
-1628.91
-1628.65
-1633.19
-1629.76
-1637.6
-1634.6
-1631.53
-1636.46
-1631.87
-1621.98
-1629.01
-1632.51
-1634.41
-1626.26
-1625.9
-1625.96
-1625.47
-1623.99
-1630.69
-1627.36
-1632.41
-1629.1
-1624.62
-1617.36
-1610.94
-1610.79
-1615.52
-1629.39
-1627.66
-1638.3
-1636.31
-1646.49
-1652.64
-1648.83
-1647.82
-1645.61
-1654.27
-1654.53
-1662.36
-1673.44
-1663.47
-1659.8
-1659.14
-1663.73
-1678.45
-1670.89
-1678.96
-1669.85
-1678.43
-1688.04
-1671.72
-1676.78
-1665.4
-1655.42
-1658.25
-1658.31
-1669.04
-1669.09
-1668.02
-1671.92
-1663.15
-1662.34
-1667.83
-1664.32
-1661.7
-1671.01
-1663.29
-1667.46
-1659.79
-1671.45
-1660.88
-1670.42
-1679.22
-1671.47
-1670.67
-1667.48
-1665.24
-1672.65
-1672.95
-1678.39
-1672.02
-1672.32
-1671.06
-1673.43
-1673.9
-1668.81
-1676.55
-1681.17
-1674.27
-1675.43
-1675.84
-1671.64
-1677.42
-1683.81
-1674.27
-1677.84
-1682.25
-1674.05
-1673.64
-1671
-1663.54
-1655.81
-1655.95
-1648.92
-1650.06
-1658.87
-1659.29
-1658.89
-1654.58
-1656.42
-1648.21
-1649.1
-1650.9
-1651.87
-1643.28
-1645.23
-1641.79
-1652.09
-1650.04
-1640.51
-1637.9
-1636.7
-1642.55
-1637.51
-1638.64
-1636.15
-1631.71
-1630.23
-1638.13
-1638.25
-1632.15
-1641.63
-1638.09
-1637.36
-1636.95
-1646.97
-1638.39
-1637.32
-1634.34
-1631.2
-1638.42
-1632
-1646.18
-1643.58
-1649.77
-1646.83
-1641.79
-1641.46
-1634.25
-1631.16
-1635.19
-1625.38
-1628.86
-1624.53
-1621.37
-1622.67
-1627.58
-1635.46
-1626.82
-1624.08
-1623.94
-1619.8
-1629.85
-1622.06
-1630.21
-1628.02
-1629.85
-1625.76
-1629.38
-1634.42
-1633.57
-1639.13
-1637.17
-1641.43
-1637.77
-1634.58
-1630.51
-1632.19
-1635.02
-1629.23
-1633.34
-1634.82
-1630.21
-1632.18
-1628.75
-1630.72
-1632.36
-1632.6
-1631.01
-1636.13
-1642.55
-1638.6
-1638.35
-1635.03
-1629.96
-1630.94
-1631.57
-1635.77
-1638.16
-1629.86
-1633.28
-1619.7
-1626.25
-1623.53
-1622.03
-1628.69
-1624.55
-1621.48
-1621.27
-1618.89
-1613.06
-1620.64
-1618.41
-1614.37
-1620.76
-1627.14
-1629.21
-1636.2
-1630.33
-1635.5
-1631.11
-1636.76
-1640.52
-1636.9
-1637.01
-1632.2
-1635.82
-1634.4
-1630.34
-1635.69
-1632.72
-1634.36
-1636.46
-1638.44
-1642.15
-1645.25
-1645.91
-1648.95
-1647.19
-1652.55
-1651.88
-1650.94
-1653.3
-1651.37
-1646.44
-1651.7
-1649.8
-1652.92
-1652
-1660.52
-1665.47
-1668.46
-1670.75
-1669.65
-1660.71
-1661.43
-1663.91
-1660.4
-1664.15
-1665.63
-1665.17
-1655.72
-1660.8
-1655.86
-1655.72
-1657.89
-1651.79
-1662.05
-1663.22
-1664.55
-1673.72
-1677.53
-1684.25
-1687.01
-1682.51
-1680.98
-1670.04
-1659.87
-1653.4
-1661.44
-1654.53
-1660.66
-1663.57
-1662.91
-1662.54
-1660.78
-1654.43
-1653.53
-1656.99
-1665.86
-1654.34
-1653.94
-1642.17
-1639.88
-1645.09
-1649.96
-1636.7
-1638.25
-1633.25
-1636.69
-1632.58
-1633.37
-1629.53
-1628.1
-1635.04
-1635.06
-1627.53
-1627.48
-1629.33
-1627.57
-1625.92
-1629.24
-1630.47
-1636.31
-1643.52
-1643.99
-1637.88
-1634.21
-1637.9
-1633.53
-1629.09
-1625.87
-1621
-1625.68
-1628.82
-1630.45
-1629.36
-1622.11
-1622.57
-1610.43
-1621.2
-1622.91
-1629.73
-1618.06
-1623.01
-1631.98
-1632.92
-1630.31
-1644.58
-1642.04
-1648.99
-1656.87
-1644.53
-1652.53
-1647.27
-1648.59
-1654.34
-1658.71
-1651.41
-1655.66
-1662.54
-1653.19
-1653.86
-1649.46
-1644.98
-1652.51
-1641.88
-1636.55
-1639.21
-1638.45
-1641.83
-1635.6
-1636.89
-1636.18
-1638.89
-1638.95
-1645.73
-1646.72
-1644.48
-1639.48
-1636.56
-1638.24
-1641.39
-1642.67
-1644.43
-1644.94
-1648.7
-1656.36
-1664.71
-1670.8
-1670.14
-1674.5
-1678.05
-1674.88
-1674.9
-1668.21
-1668.07
-1650.52
-1651.56
-1650.76
-1646.14
-1657.14
-1640.06
-1637.34
-1640.92
-1644.91
-1643.21
-1634.83
-1645.36
-1650.94
-1646.47
-1641.21
-1647.5
-1651.39
-1642.7
-1641.13
-1644.7
-1642.14
-1643.29
-1642.87
-1639.74
-1632.22
-1629.55
-1634.81
-1629.72
-1634.09
-1643.55
-1631.79
-1631.37
-1637.64
-1627.42
-1630.59
-1635.31
-1640.67
-1642.63
-1624.53
-1625.87
-1620.21
-1616.18
-1618.91
-1621.02
-1624.22
-1633.27
-1643.71
-1638.61
-1632.01
-1630.01
-1623.89
-1624.18
-1632.38
-1631.82
-1637.01
-1637.66
-1642.91
-1635.58
-1627.96
-1623.66
-1622.19
-1623.33
-1631.8
-1625.01
-1635.18
-1637.86
-1633.35
-1632.98
-1625.72
-1627.99
-1622.44
-1626.51
-1619.83
-1621.56
-1619.35
-1621.19
-1623.42
-1627.2
-1623.71
-1628.61
-1630.14
-1630.47
-1630.5
-1637.81
-1639.93
-1644.56
-1640.08
-1640.08
-1637.92
-1643.07
-1644.35
-1640.22
-1637.37
-1636.97
-1641.66
-1645.28
-1648.5
-1641.38
-1634.4
-1628.99
-1629.03
-1638.36
-1634.53
-1631.3
-1631.54
-1630.46
-1629.27
-1613.49
-1617.55
-1624
-1620.42
-1618.79
-1620.56
-1614.78
-1623.43
-1626.7
-1625.5
-1634.21
-1623.71
-1624.87
-1617.26
-1610.52
-1602.64
-1595.68
-1594.33
-1602.2
-1595.97
-1598.6
-1599.36
-1597.89
-1598.37
-1602.85
-1601.8
-1602.22
-1600.6
-1600.24
-1605.91
-1598.58
-1602.4
-1602.44
-1599.85
-1607.24
-1616.09
-1618.93
-1624.74
-1633.56
-1629.04
-1632.84
-1624.67
-1632.22
-1627.9
-1641.69
-1638.23
-1630.59
-1633.86
-1622.17
-1616.29
-1620.88
-1616.06
-1625.05
-1635.78
-1633.92
-1627.88
-1628.28
-1624.28
-1633.45
-1627.75
-1631.61
-1625.69
-1628.59
-1627.19
-1627.11
-1631.26
-1631.51
-1627.08
-1624.52
-1633.29
-1623.26
-1622.28
-1622.97
-1622.82
-1621.32
-1615.87
-1616.15
-1619.3
-1626.38
-1626.72
-1621.27
-1621.86
-1614.31
-1614.66
-1617.31
-1622.34
-1625.36
-1632.05
-1645.05
-1646.38
-1656.1
-1663.75
-1662.12
-1652.67
-1649.11
-1648.71
-1644.84
-1639.88
-1633.21
-1645.18
-1638.73
-1632.72
-1630.29
-1636.84
-1638.57
-1639.58
-1641.25
-1636.39
-1643.04
-1633.51
-1630.38
-1636.51
-1633.46
-1639.72
-1639.49
-1643.19
-1636.83
-1643.51
-1639.2
-1634.83
-1638.76
-1631.01
-1631.42
-1628.81
-1634.99
-1641.22
-1638.29
-1641.79
-1640.36
-1631.57
-1631.99
-1626.9
-1625.41
-1625.24
-1640.9
-1639.45
-1640.61
-1641.25
-1649.63
-1648.3
-1655.87
-1643.96
-1647.58
-1650.44
-1649.13
-1643.59
-1643.4
-1631.27
-1625.41
-1617.98
-1618.54
-1619.81
-1620.29
-1617.86
-1624.07
-1616.56
-1624.54
-1616.08
-1634.41
-1627.57
-1629.96
-1626.68
-1622.34
-1630.58
-1623.82
-1629.6
-1610.01
-1610.59
-1618
-1615.59
-1616.85
-1623.34
-1627.99
-1624.35
-1619.22
-1613.15
-1613.46
-1610.39
-1606.5
-1602.88
-1615.58
-1617.88
-1615.56
-1619.9
-1618
-1630.92
-1626.87
-1626.49
-1632.27
-1621.13
-1627.07
-1617.85
-1609.34
-1618.13
-1617.91
-1612.7
-1618.59
-1608.92
-1612.23
-1620.02
-1619.64
-1618.01
-1618.57
-1619.92
-1609.86
-1614.76
-1615.27
-1610.14
-1605.75
-1602.5
-1607.61
-1609.28
-1607.48
-1605.09
-1609.75
-1605.43
-1607.55
-1609.02
-1605.7
-1598.52
-1602.2
-1591.52
-1596.65
-1606.16
-1601.51
-1601.02
-1604.83
-1602.85
-1607.65
-1604.78
-1613.23
-1608.67
-1616.41
-1615.36
-1625.3
-1619.82
-1624.4
-1611.04
-1607.05
-1597.03
-1600.35
-1598.75
-1615.56
-1607.73
-1601.88
-1611.01
-1619.65
-1607.94
-1607.06
-1603.41
-1608.41
-1612.26
-1618.86
-1616.9
-1613.78
-1622.02
-1628.09
-1630.95
-1635.95
-1640.78
-1638.29
-1633.73
-1634.85
-1641.72
-1644.89
-1634.48
-1629.91
-1633.49
-1637.81
-1632.36
-1613.76
-1616.5
-1628.59
-1625.11
-1622.64
-1623.49
-1625.82
-1624.48
-1615.62
-1619.63
-1618.3
-1620.02
-1634.66
-1631.49
-1632.56
-1622.33
-1623.09
-1617.5
-1618.53
-1625.71
-1621.82
-1639.85
-1622.75
-1627.12
-1640.3
-1635.16
-1631.07
-1630.44
-1631.7
-1620.95
-1636.27
-1634.71
-1622.99
-1616.85
-1617.1
-1616.91
-1625.54
-1614.4
-1615.42
-1625.57
-1618.84
-1616.42
-1616.93
-1619.55
-1622.11
-1621.02
-1627.07
-1615.6
-1622.28
-1619.25
-1606.42
-1609.55
-1615.67
-1615.79
-1619.9
-1614.48
-1612.68
-1612.95
-1610.7
-1609.95
-1607.72
-1603.64
-1598.27
-1595.75
-1599.51
-1606.96
-1612.98
-1614.57
-1620.99
-1617.56
-1620.23
-1622.25
-1620.43
-1625.38
-1626.9
-1627.91
-1634.2
-1640.85
-1639.92
-1641.62
-1640.35
-1649.3
-1649.08
-1652.7
-1649.66
-1646.86
-1646.9
-1643.58
-1642.28
-1641.31
-1634.98
-1631.57
-1638.2
-1636.29
-1639.24
-1634.5
-1634.15
-1642.13
-1640.99
-1641.74
-1639.64
-1636.26
-1634.1
-1631.18
-1642.36
-1648.58
-1642.63
-1639.48
-1629.03
-1631.82
-1635.35
-1624.89
-1626.16
-1623.08
-1624.94
-1622.86
-1633.31
-1622.72
-1627.55
-1630.69
-1631.08
-1628.49
-1640.99
-1634.95
-1627.27
-1623.74
-1623.48
-1627.11
-1619.98
-1617.12
-1620.76
-1622.16
-1620.71
-1618.79
-1625.8
-1631.39
-1633.29
-1629.43
-1625.86
-1617.39
-1618.32
-1621.84
-1617.09
-1617.72
-1623.51
-1614.65
-1615.95
-1619.07
-1623.52
-1620.03
-1631.13
-1623.56
-1626.85
-1632.79
-1632.55
-1635.78
-1634.07
-1632.18
-1636.51
-1642.83
-1635.11
-1638.2
-1645.51
-1642.53
-1638.76
-1646.15
-1646.5
-1649.02
-1653.32
-1642.47
-1639.88
-1634.66
-1642.14
-1639.58
-1640.79
-1647.3
-1650.41
-1643.91
-1635.67
-1640.02
-1630.61
-1615.26
-1610.94
-1613.53
-1614.52
-1614.62
-1607.8
-1614.04
-1616.9
-1608.47
-1614.48
-1620.79
-1626.93
-1622.26
-1626.71
-1619.81
-1618.27
-1621.84
-1624.56
-1622.38
-1614.44
-1611.18
-1615.69
-1615.67
-1612.48
-1619.3
-1637.79
-1637.18
-1645.72
-1626.64
-1614.08
-1612.91
-1615.72
-1614.09
-1612.79
-1612.88
-1612.01
-1598.81
-1603.78
-1605.12
-1608.21
-1605.72
-1622.13
-1612.26
-1606.98
-1616.27
-1620.58
-1623.29
-1626.49
-1619.82
-1616.48
-1609.8
-1607.44
-1621.5
-1616.59
-1612.12
-1608.01
-1616.65
-1613.61
-1609.92
-1613.42
-1603
-1595.52
-1611.61
-1612.11
-1616.47
-1615.56
-1621.21
-1625.56
-1639.28
-1638.18
-1647.48
-1645.55
-1639.04
-1642.96
-1645.22
-1649.13
-1651.33
-1641.5
-1645.43
-1645.65
-1649.4
-1639.08
-1637.6
-1639.26
-1641.58
-1646.08
-1649.6
-1651.84
-1653.57
-1655.49
-1653.18
-1649.91
-1649.43
-1641.65
-1642.62
-1629.84
-1625.5
-1627.34
-1621.73
-1621.8
-1625.95
-1637.05
-1647.82
-1653.75
-1652.56
-1661.95
-1652.61
-1646.67
-1648.69
-1639.32
-1649.32
-1645.68
-1649.66
-1650.6
-1652.43
-1658.13
-1644.66
-1636.65
-1637.24
-1642.58
-1648.32
-1640.1
-1634.53
-1627.07
-1624.57
-1625.05
-1625.89
-1641.83
-1641.04
-1623.51
-1632.37
-1628.03
-1621.12
-1618.16
-1610.49
-1602.61
-1609.77
-1613.89
-1613.86
-1608.07
-1611.38
-1612.27
-1619.68
-1628.34
-1630.71
-1621.62
-1624.68
-1625.85
-1618.02
-1604.58
-1611
-1614.89
-1619.17
-1628.32
-1629.36
-1644.32
-1630.08
-1635.61
-1630.87
-1624.2
-1623.46
-1626.92
-1622.57
-1623.95
-1615.07
-1623.74
-1624.13
-1616.31
-1628.42
-1634.76
-1641.29
-1627.56
-1627.8
-1630.07
-1632.91
-1636.46
-1641.49
-1636.92
-1634.51
-1626.54
-1623.15
-1619.16
-1612.02
-1607.64
-1611.46
-1624.59
-1612.97
-1603.06
-1608.56
-1622.53
-1610.91
-1616.99
-1623.65
-1627.06
-1619.3
-1617.93
-1617.04
-1619.01
-1623.5
-1626.92
-1630.01
-1634
-1643.04
-1646.68
-1635.73
-1631.15
-1627.57
-1624.35
-1633.97
-1631.29
-1629.14
-1624.02
-1621.31
-1620.19
-1622.66
-1620.41
-1614.93
-1620.81
-1618.53
-1626.45
-1632.82
-1633.79
-1633.9
-1631.49
-1620.56
-1623
-1633.49
-1638.47
-1630.93
-1632.65
-1628.4
-1631.3
-1623.64
-1637.42
-1641.1
-1639.75
-1644.49
-1641.54
-1646.11
-1638.51
-1634.68
-1636.6
-1637.43
-1638.16
-1630.54
-1627.66
-1628.39
-1625.77
-1619.91
-1626.26
-1636.14
-1643.63
-1639.94
-1646.14
-1646.18
-1645.36
-1646.93
-1650.89
-1644.33
-1640.3
-1645.91
-1652.07
-1654.42
-1665.93
-1659.36
-1654.6
-1658.18
-1651.3
-1655.67
-1651.88
-1652.17
-1652.09
-1649.22
-1643.67
-1642.87
-1645.5
-1631.18
-1631.23
-1625.78
-1630.7
-1636.13
-1629.52
-1633.29
-1627.18
-1621.67
-1626.21
-1636.63
-1636.41
-1632.33
-1624.33
-1625.89
-1624.76
-1628.18
-1625.95
-1621.47
-1627.55
-1622.4
-1620.45
-1623.29
-1623.32
-1625.04
-1625.88
-1622.07
-1616.93
-1621.1
-1618.57
-1615.58
-1611.48
-1607.7
-1608.39
-1609.85
-1612.3
-1612.68
-1608.15
-1609.42
-1608.75
-1605.94
-1602.32
-1607.64
-1611.51
-1615.41
-1619.94
-1613.72
-1619.88
-1627.21
-1633.33
-1634.38
-1632.11
-1627.08
-1624.79
-1620.61
-1626.14
-1633.81
-1633.17
-1632.04
-1623.34
-1621.64
-1623.11
-1629.88
-1628.64
-1634.5
-1635.1
-1649.66
-1645.14
-1634.13
-1639.78
-1641.18
-1644.43
-1640.43
-1631.58
-1623.17
-1620.93
-1628.3
-1621.59
-1624.01
-1623.75
-1625.67
-1628.71
-1632.39
-1635.07
-1631.82
-1628.63
-1640.47
-1636.82
-1639.67
-1629.9
-1633.13
-1623.96
-1627.07
-1621.83
-1633.43
-1634.31
-1630.73
-1629.7
-1640.79
-1636.86
-1639.39
-1647.45
-1645.51
-1643.6
-1640.24
-1631.9
-1638.47
-1631.72
-1631.74
-1636.93
-1648.3
-1645.9
-1646.7
-1653.29
-1644.89
-1647.45
-1648.34
-1642.53
-1644.91
-1642.18
-1646.78
-1643.53
-1656.08
-1644.42
-1655.87
-1661.08
-1648.51
-1641.37
-1642.73
-1636.01
-1629.97
-1628.49
-1631.23
-1631.9
-1621.62
-1640.16
-1645.05
-1635.52
-1629.01
-1627.98
-1630.89
-1630.87
-1635.46
-1642.8
-1649.91
-1646.91
-1642.82
-1644.96
-1643.14
-1649.22
-1648.44
-1655.14
-1648.27
-1648.02
-1643.45
-1644.03
-1643.69
-1639.51
-1643.15
-1645.63
-1642.39
-1648.17
-1653.28
-1648.78
-1649.7
-1655.38
-1660.9
-1651.6
-1641.78
-1643.84
-1654.22
-1657.18
-1658.85
-1655.25
-1647.79
-1644.1
-1643
-1646.71
-1649.07
-1646.19
-1651.54
-1652.89
-1648.79
-1639.16
-1628.5
-1627.65
-1632.37
-1627.01
-1630.91
-1635.67
-1635.25
-1624.02
-1625.48
-1623.87
-1623.48
-1632.36
-1632.89
-1627.89
-1625.97
-1619.44
-1624.2
-1615.04
-1625.47
-1624.67
-1625.62
-1618.3
-1625.43
-1617.8
-1626.08
-1629.18
-1628.78
-1629.65
-1635.9
-1647.64
-1651.33
-1646.01
-1639.7
-1631.44
-1628.49
-1623.58
-1622.49
-1632.11
-1629.6
-1629.77
-1612.75
-1622
-1624.64
-1616.33
-1615.15
-1619.72
-1606.43
-1605.88
-1605.38
-1610.08
-1612.44
-1609.21
-1613.84
-1617.6
-1611.14
-1615.12
-1622.57
-1618.9
-1610.89
-1610.39
-1613.47
-1612.33
-1610.92
-1614.12
-1614.75
-1617.02
-1611.34
-1612.14
-1612.76
-1618.72
-1624.93
-1624.32
-1617.66
-1629.78
-1629.99
-1636.8
-1630.75
-1622.17
-1627.48
-1620.47
-1616.82
-1620.04
-1612.59
-1612.83
-1614.06
-1620.34
-1621.38
-1623.67
-1625.28
-1621.23
-1627.4
-1637.41
-1626.27
-1633.84
-1629.39
-1634.47
-1640.77
-1634.76
-1635.21
-1630.1
-1624.55
-1624.51
-1628.11
-1626.01
-1625.07
-1615.08
-1620.38
-1621.21
-1623.35
-1628.42
-1622.12
-1618.83
-1618.84
-1618.64
-1622.1
-1623.97
-1626.49
-1623.25
-1624.15
-1622.77
-1618.61
-1624.99
-1623.54
-1632.38
-1636.23
-1635.12
-1635.84
-1635.06
-1627.74
-1631.11
-1626.94
-1628.12
-1627.53
-1631.54
-1624.72
-1628.19
-1627.69
-1622.45
-1620.18
-1620.36
-1631.18
-1631.73
-1643.17
-1631.69
-1632.06
-1624.85
-1635.11
-1630.68
-1626.76
-1623.16
-1638.71
-1645.35
-1644.09
-1648.84
-1642.96
-1636.37
-1639.48
-1646.61
-1646.03
-1643.76
-1641.19
-1643.93
-1650.87
-1646.65
-1644.3
-1656.29
-1649.82
-1648.53
-1645.62
-1650.77
-1650.15
-1648.25
-1645.36
-1644.52
-1644.12
-1643.47
-1642.65
-1648.67
-1657.26
-1661.63
-1665.56
-1667.02
-1671.44
-1661.62
-1661.1
-1655.85
-1654.04
-1655.51
-1644.11
-1642.86
-1644.71
-1650.2
-1646.8
-1651.99
-1651.73
-1641.88
-1633.09
-1635.77
-1639.02
-1643.4
-1645.41
-1643.4
-1645.02
-1641.54
-1643.05
-1639.93
-1636.91
-1637.85
-1641.27
-1646.18
-1642.55
-1638.48
-1637.68
-1633.88
-1642.56
-1650.91
-1653.71
-1654.56
-1650
-1650.99
-1658.36
-1659.44
-1648.52
-1651.73
-1646.69
-1650.58
-1638.11
-1639.77
-1649.47
-1647.88
-1653.21
-1648.24
-1640.74
-1651.81
-1650.38
-1651.53
-1654.4
-1658.65
-1662.4
-1649.76
-1641.86
-1641.11
-1638.3
-1631.05
-1626.91
-1633.35
-1633.19
-1638.65
-1643.37
-1636.39
-1639.61
-1633.81
-1640.2
-1636.76
-1634.77
-1639.39
-1645.22
-1648.74
-1649.74
-1655.46
-1653.85
-1652.44
-1652.8
-1654.86
-1652.52
-1652.48
-1646.59
-1642.6
-1637.37
-1634.22
-1640.79
-1636.05
-1637.74
-1632.41
-1629.05
-1637.78
-1626.21
-1614.82
-1619.66
-1627.62
-1630.42
-1632.83
-1625.7
-1636.29
-1638.83
-1635.37
-1632.77
-1629.03
-1634.01
-1628.67
-1631.32
-1628.69
-1633.74
-1631.38
-1636.18
-1637.77
-1646.3
-1642.51
-1643.86
-1638.06
-1645.54
-1626.48
-1626.04
-1628.69
-1628.19
-1628.11
-1634.6
-1636.68
-1626.7
-1626.94
-1624.96
-1620.41
-1623.31
-1614.85
-1618.65
-1628.05
-1627.02
-1625.19
-1625.25
-1622.33
-1621.04
-1627.63
-1630.51
-1635.06
-1630.05
-1628.78
-1635.36
-1638.13
-1641.58
-1635.1
-1628.98
-1635.02
-1633.33
-1643
-1639.81
-1636.28
-1647.78
-1648.96
-1645.5
-1646.44
-1649.32
-1654.85
-1651.24
-1643.74
-1637.59
-1643.26
-1643.46
-1642.36
-1642.5
-1638.98
-1637.33
-1647.02
-1642.35
-1645.63
-1647.73
-1645.56
-1640.46
-1650.98
-1652.9
-1650.46
-1643.27
-1648.84
-1646.08
-1648.23
-1652.31
-1653.22
-1648.97
-1648.16
-1655.02
-1661.84
-1663.72
-1662.46
-1659.33
-1657.31
-1660.49
-1655.15
-1655.65
-1652.35
-1653.67
-1650.01
-1646.11
-1643.74
-1638.05
-1638.22
-1634.89
-1635.53
-1637
-1645.26
-1652.97
-1653.81
-1647.08
-1645.2
-1642.18
-1647.51
-1650.55
-1650.09
-1644.35
-1641.52
-1635.73
-1640.14
-1635.9
-1627.46
-1630.14
-1627.27
-1625.11
-1623.17
-1622.96
-1620.84
-1627.39
-1637.51
-1635.22
-1638.48
-1633.41
-1643.71
-1637.98
-1639.13
-1628.43
-1631.3
-1631.08
-1628.34
-1616.03
-1627.68
-1629.67
-1628.81
-1627.12
-1630.34
-1631.87
-1629.88
-1631.04
-1628.22
-1619.83
-1617.25
-1618.47
-1618.36
-1626.08
-1630.84
-1624.62
-1627.62
-1635.43
-1636.89
-1632.49
-1632.07
-1632.96
-1647.37
-1652.77
-1655.19
-1656.86
-1657.69
-1646.94
-1644.43
-1644.93
-1640.64
-1646.65
-1648.25
-1652.15
-1653.55
-1657.17
-1662.99
-1661.98
-1661.3
-1664.17
-1662.13
-1652.4
-1643.16
-1646.44
-1642.92
-1643.73
-1647.26
-1648.23
-1651.11
-1649.26
-1660.01
-1656.1
-1654.93
-1648.17
-1653.23
-1650.75
-1658.69
-1662.97
-1665.39
-1660.4
-1662.75
-1662.95
-1662.73
-1659.26
-1660.23
-1663.87
-1655.45
-1661.52
-1659.82
-1658.38
-1661.65
-1658.28
-1651.75
-1647.52
-1642.42
-1632.13
-1627.9
-1634.5
-1635.39
-1635.8
-1643.19
-1621.52
-1631.45
-1630.38
-1626.84
-1634.7
-1632.81
-1629.52
-1633.04
-1618.23
-1621.38
-1621.48
-1626.39
-1624.93
-1626.85
-1623.88
-1625.2
-1637.12
-1626.69
-1621.43
-1623.82
-1632.32
-1627.65
-1634.77
-1642.3
-1642.02
-1636.06
-1630.49
-1624.52
-1623.29
-1630.1
-1629.6
-1631.57
-1630.23
-1628.97
-1625.33
-1615.91
-1612.13
-1615.35
-1614.58
-1611.01
-1608.37
-1609.2
-1610.46
-1608.69
-1618.02
-1617.12
-1626.71
-1630.63
-1632.9
-1624.8
-1636.29
-1634.76
-1644.05
-1646.57
-1647.45
-1639.21
-1639.42
-1649.45
-1655.62
-1655.24
-1649.05
-1657.39
-1651.71
-1638.06
-1633.88
-1633.17
-1629
-1631.68
-1622.86
-1624.11
-1623.06
-1621.84
-1631.8
-1635.54
-1641.45
-1635.09
-1630.49
-1635.04
-1637.69
-1644.12
-1655.96
-1647.02
-1655.25
-1650.82
-1650.5
-1651.89
-1646.77
-1646.55
-1642.78
-1648.25
-1645.27
-1645.25
-1639.65
-1636.27
-1641.14
-1639.37
-1634.85
-1637.26
-1633.13
-1624.1
-1628.89
-1628.13
-1628.33
-1631.41
-1638.49
-1639.72
-1639.38
-1639.97
-1643.46
-1635.3
-1644.29
-1634.63
-1641.45
-1640.08
-1632.67
-1639.19
-1642.92
-1645.24
-1644.23
-1642.95
-1647.46
-1659.96
-1667.59
-1656.67
-1649.27
-1647.63
-1650.22
-1661.99
-1660.33
-1652.89
-1654.61
-1655.94
-1650.96
-1651.98
-1644.92
-1647.36
-1640.03
-1645.46
-1650.9
-1655.69
-1659.33
-1652.38
-1647.52
-1636.89
-1637.89
-1643.85
-1640.82
-1638.21
-1639.86
-1639.34
-1634.14
-1632.45
-1642.18
-1632.47
-1633.52
-1628.01
-1627.81
-1642.06
-1646.26
-1642.21
-1635.03
-1637.61
-1643.59
-1634.51
-1622.28
-1625.21
-1633.52
-1633.63
-1630.1
-1628.51
-1631.73
-1630.58
-1627.63
-1630.65
-1623.95
-1621.67
-1620.36
-1620.35
-1625.96
-1625.55
-1632.81
-1629.02
-1623.43
-1628.79
-1624.75
-1626.06
-1628.07
-1616.51
-1621.05
-1623.29
-1627.96
-1629.39
-1622.07
-1624.76
-1623.38
-1634.72
-1636.64
-1640.57
-1641.77
-1643.61
-1635.27
-1637.62
-1640.19
-1639.45
-1636.22
-1636.78
-1635.1
-1637.16
-1630.54
-1640.63
-1646.96
-1643.17
-1643.44
-1649.54
-1643.25
-1637.82
-1634.71
-1632.22
-1622.43
-1633.96
-1629.43
-1638.78
-1636
-1633.84
-1633.93
-1632.32
-1635.53
-1638.17
-1637.75
-1634.49
-1629.57
-1626
-1620.32
-1630.51
-1617.94
-1620.27
-1624.5
-1631.75
-1633.97
-1633.24
-1629.39
-1634.49
-1622.67
-1613.07
-1620.17
-1627.89
-1623.52
-1624.2
-1633.66
-1621.46
-1619.79
-1626.74
-1621.29
-1620.11
-1626.24
-1619.27
-1619.43
-1618.73
-1616.1
-1617.58
-1611.97
-1609.56
-1613.74
-1615.5
-1615.84
-1620.32
-1621.7
-1621.29
-1629.04
-1621.07
-1626.24
-1627.45
-1625.87
-1634.69
-1632.77
-1627.41
-1623.72
-1622.84
-1631.17
-1633.51
-1633.32
-1630.17
-1634.73
-1627.67
-1624.07
-1626.78
-1631.62
-1627.42
-1625.43
-1641.1
-1637.04
-1640.04
-1636.28
-1626.6
-1628.36
-1633.98
-1625.22
-1632.26
-1632.88
-1626.97
-1630.71
-1628.01
-1643.45
-1641.72
-1636.51
-1634.33
-1637.47
-1641.42
-1647.43
-1644.22
-1642.46
-1651.31
-1653.38
-1656.72
-1651.59
-1660.9
-1653.48
-1655.49
-1657.58
-1659.45
-1665.8
-1662.96
-1666.87
-1667.09
-1669.31
-1658.21
-1653.72
-1655.51
-1645.61
-1664.85
-1664.67
-1654.31
-1659.65
-1673.96
-1675.5
-1671.59
-1666.63
-1666.6
-1671.08
-1671.25
-1676.99
-1659.95
-1654.77
-1646.76
-1646.81
-1648.56
-1643.46
-1636.12
-1637.88
-1637.92
-1637.33
-1645.96
-1642.6
-1640.97
-1634.83
-1638.85
-1639.7
-1640.58
-1646.72
-1648.6
-1649.27
-1649.68
-1658.77
-1658.7
-1660.68
-1654.35
-1652.26
-1655.19
-1651.58
-1640.53
-1643.1
-1651.02
-1639.18
-1632.6
-1627.19
-1623.85
-1626.68
-1635.67
-1636.5
-1631.41
-1635.61
-1633.97
-1632.03
-1633.07
-1627.8
-1626.09
-1626.9
-1628.31
-1631.35
-1637.63
-1637.94
-1628.93
-1627.62
-1638.76
-1635.99
-1642.1
-1642.88
-1641.06
-1644.83
-1653.1
-1651.26
-1648.58
-1648.91
-1642.07
-1656.32
-1659.96
-1651.46
-1660.31
-1645.71
-1652.85
-1652.37
-1660.46
-1659.77
-1661.41
-1656.97
-1657.58
-1662.83
-1660.11
-1646.04
-1635.06
-1636.26
-1635.55
-1636.61
-1635.5
-1630.89
-1627.29
-1631.92
-1634.52
-1634.21
-1634.55
-1649.5
-1638.5
-1636.05
-1629.55
-1635.26
-1639.71
-1647.81
-1643.97
-1645.68
-1638.14
-1639.65
-1639.83
-1641.84
-1636.28
-1630.3
-1631.97
-1623.27
-1626.14
-1630.55
-1629.22
-1622.53
-1632.51
-1634.46
-1635.42
-1634.15
-1630.62
-1634.4
-1631.4
-1629.72
-1630.25
-1624.03
-1621.69
-1619.5
-1615.6
-1617.83
-1616.03
-1619.85
-1618.13
-1616.73
-1621.51
-1622.76
-1613.9
-1617.31
-1616.88
-1614.91
-1609.1
-1609.01
-1607.4
-1608.49
-1612.2
-1606.11
-1610.41
-1616.55
-1628.42
-1624.1
-1625.21
-1626.78
-1628.36
-1620.23
-1619.69
-1628.91
-1626.05
-1632.24
-1626.89
-1627.43
-1624.5
-1628.45
-1628.25
-1620.25
-1614.86
-1616.27
-1614.14
-1612.15
-1608.45
-1607.77
-1614.29
-1616.51
-1612.4
-1611.21
-1611.28
-1598.94
-1599.58
-1608.18
-1607.04
-1611.2
-1614.46
-1615.56
-1630.17
-1620.39
-1621.87
-1622.18
-1627.1
-1618.98
-1626.54
-1632.24
-1627.17
-1621.33
-1616.99
-1616.52
-1612.04
-1618.47
-1616.67
-1615.18
-1613.52
-1601.2
-1602.17
-1603.52
-1610.38
-1617.56
-1615.62
-1619.02
-1620.54
-1622.6
-1622.78
-1625.33
-1624.44
-1630.75
-1641.08
-1642.48
-1644.46
-1641.27
-1641.09
-1636.41
-1646
-1648.85
-1647.79
-1646.07
-1633.47
-1640.15
-1639.95
-1646.62
-1654.66
-1655.94
-1659.36
-1657.2
-1658.84
-1657.89
-1652.59
-1649.35
-1642
-1635.88
-1640.32
-1634.85
-1636.44
-1638.53
-1637.22
-1633.47
-1631.14
-1629.67
-1637.76
-1634.26
-1646.37
-1636.8
-1635.32
-1632.6
-1634.03
-1632.4
-1634.85
-1643.47
-1634.46
-1633.09
-1633.79
-1634.61
-1633.83
-1627.71
-1626.29
-1621.12
-1631.18
-1627.73
-1622.32
-1624.92
-1621.25
-1622.43
-1619.87
-1622.69
-1630.7
-1625.07
-1624.93
-1628.91
-1628.1
-1628
-1631.14
-1622.18
-1613.36
-1607.54
-1611.3
-1608.41
-1617.15
-1613.23
-1610.07
-1610.77
-1614.22
-1614.58
-1625.74
-1619.98
-1622.04
-1623.61
-1633.83
-1640.98
-1634.1
-1639.25
-1633.01
-1641.26
-1638.14
-1636.65
-1641.81
-1640.86
-1638.95
-1637.61
-1631.06
-1631.44
-1633.84
-1630.12
-1628.29
-1634.91
-1642.02
-1637.72
-1639.2
-1632.93
-1633.25
-1629.57
-1622.63
-1625.22
-1623.51
-1614.72
-1628.44
-1623.24
-1628.16
-1629.01
-1622.72
-1626.58
-1621.28
-1621.87
-1619.18
-1622.62
-1622.11
-1629.44
-1626.33
-1615.43
-1612.67
-1608.29
-1608.34
-1612.99
-1615.07
-1613.38
-1616.89
-1615.24
-1620.12
-1618.86
-1613.1
-1618.96
-1621.04
-1608.66
-1619.93
-1622.99
-1624.32
-1629.35
-1646.12
-1640.38
-1654.74
-1645.19
-1643.91
-1650.75
-1646.16
-1642.3
-1640.8
-1642.62
-1656.56
-1665.75
-1666.02
-1662.25
-1662.48
-1657.42
-1652.3
-1645.69
-1657.28
-1655.95
-1657.26
-1666.47
-1657.37
-1657.5
-1657.46
-1656.91
-1645.87
-1642.54
-1642.43
-1639.2
-1649.54
-1646.59
-1651.15
-1665.89
-1663.12
-1657.75
-1667
-1662.04
-1666.24
-1672.05
-1670.39
-1670.32
-1664.53
-1658.38
-1657.45
-1664.19
-1663.19
-1651.98
-1657.97
-1657.11
-1664.14
-1664.02
-1657.36
-1653.97
-1649.57
-1643.82
-1654.91
-1651.26
-1644.17
-1642.59
-1646.61
-1642.74
-1633.86
-1634.61
-1626.97
-1637.02
-1636.76
-1628.64
-1635.15
-1637.71
-1641.76
-1635.1
-1635.11
-1646.06
-1637.01
-1639.06
-1639.06
-1639.69
-1638.13
-1646.26
-1645.44
-1639.46
-1646.6
-1641.62
-1647.32
-1648.92
-1661.27
-1646.57
-1661.57
-1656.32
-1640.39
-1639.49
-1632.78
-1635.83
-1633.98
-1634.19
-1628.05
-1627.27
-1628.54
-1633.66
-1642.12
-1635.82
-1638.98
-1642.04
-1638.12
-1636.08
-1631.1
-1633.69
-1633.92
-1631.04
-1636.53
-1636.78
-1633.02
-1632.76
-1638.4
-1636
-1642.63
-1643.87
-1647.09
-1649.69
-1649.3
-1645.58
-1647.16
-1634.95
-1634.18
-1634.87
-1636.78
-1634.48
-1643.73
-1639.04
-1639.4
-1642.16
-1644.01
-1645.43
-1645.51
-1649.08
-1647.86
-1639.86
-1640.66
-1640.09
-1630.54
-1628.27
-1638.82
-1641.54
-1647.07
-1648.59
-1641.96
-1636.61
-1639.29
-1629.89
-1628.28
-1624.08
-1626.05
-1632.02
-1626.14
-1635.04
-1635.83
-1635.17
-1634.91
-1626.88
-1627.72
-1624.05
-1627.65
-1623.83
-1633.02
-1624.3
-1627.19
-1627.83
-1630.32
-1627.99
-1621.98
-1621.45
-1621.31
-1632.43
-1630.82
-1634.78
-1634.49
-1645.51
-1634.61
-1625.41
-1629.96
-1635.97
-1636.77
-1641.65
-1640.04
-1644.09
-1645.07
-1639.85
-1638.43
-1632.05
-1641.37
-1643.77
-1639.75
-1640.53
-1637.9
-1632.17
-1639.46
-1638.77
-1643.14
-1638.52
-1638.2
-1641.66
-1638.47
-1627.64
-1630.84
-1634.85
-1645.5
-1642.27
-1640.74
-1634.39
-1626.13
-1623.89
-1625.95
-1633.24
-1629.07
-1635.81
-1636.01
-1645.18
-1632.6
-1637.92
-1637.73
-1639.42
-1637.9
-1640.91
-1652.22
-1653.09
-1654.29
-1663.8
-1661.25
-1661.38
-1664.17
-1656.32
-1660.64
-1658.2
-1654.96
-1654.39
-1655.02
-1654.64
-1659.19
-1656.99
-1666.49
-1655.08
-1648.49
-1652.66
-1655.3
-1655.93
-1660.2
-1654.93
-1649.05
-1649.15
-1645.78
-1646.7
-1638.91
-1641.24
-1643.25
-1641.23
-1651.7
-1649.66
-1643.83
-1641.62
-1637.12
-1636.12
-1642.85
-1650.93
-1640.68
-1640.85
-1642.76
-1632.78
-1638.41
-1651.36
-1653.24
-1660.66
-1654.88
-1651.78
-1649.9
-1663.24
-1668.47
-1669.06
-1663.48
-1670.12
-1672.43
-1661.33
-1655.47
-1651.95
-1647.72
-1647.63
-1645.36
-1639.81
-1634.42
-1634.06
-1642.59
-1639.73
-1648.35
-1644.41
-1638.72
-1635.64
-1637.4
-1634.91
-1635.41
-1631.85
-1633.58
-1637
-1644.13
-1645.52
-1638.15
-1632.5
-1630.79
-1635.16
-1626.12
-1614.53
-1621.95
-1621.57
-1630.48
-1630.94
-1633.63
-1631.11
-1629.22
-1625.36
-1625.93
-1626.66
-1623.07
-1631.53
-1633.39
-1629.06
-1633.21
-1637.3
-1630.81
-1638.64
-1637.78
-1644.7
-1648.93
-1647.15
-1654.1
-1652.96
-1658.73
-1658.69
-1651.08
-1643.51
-1641.18
-1640.48
-1639.3
-1639.03
-1636.04
-1633.91
-1637.18
-1642.43
-1634.81
-1628.99
-1633.27
-1643.27
-1635.97
-1638.6
-1640.02
-1635.7
-1636.36
-1636.01
-1638.5
-1629.54
-1623.43
-1623.27
-1627.97
-1621.8
-1626.72
-1621.13
-1621.81
-1634.92
-1622.52
-1620.8
-1635.48
-1629.01
-1624.67
-1624.33
-1618.35
-1624.49
-1617.35
-1619.69
-1618.17
-1618.41
-1618.59
-1621.18
-1611.72
-1618.3
-1608.42
-1611.67
-1608.91
-1600.79
-1603.66
-1596.72
-1597.67
-1591.92
-1598.09
-1593.36
-1591.81
-1587.97
-1580.42
-1580.25
-1581.32
-1573.25
-1583.26
-1581.27
-1591.45
-1594.91
-1592.8
-1586.58
-1588.21
-1594.29
-1596.5
-1609.63
-1615.07
-1614.14
-1621.02
-1615.77
-1621.78
-1608.38
-1612.07
-1605.05
-1600.98
-1607.65
-1613.28
-1605.36
-1607.97
-1611.27
-1607.25
-1608.15
-1605.94
-1603.31
-1599.82
-1605.66
-1611.94
-1606.38
-1603.54
-1608.92
-1609.09
-1603.26
-1612.33
-1616.98
-1617.29
-1612.9
-1609.19
-1610.16
-1617.3
-1610.83
-1611.09
-1616.85
-1620.61
-1636.71
-1629.7
-1629.98
-1618.58
-1614.74
-1616.5
-1625.16
-1626.39
-1623.65
-1629.02
-1625.15
-1612.34
-1618.31
-1610.48
-1609.87
-1613.01
-1609.94
-1614.64
-1616.3
-1619.86
-1621.72
-1609.15
-1605.04
-1598.48
-1607.9
-1619.33
-1625.36
-1633.36
-1630.91
-1633.43
-1630.49
-1631.65
-1632.85
-1624.39
-1623.29
-1611.62
-1614.56
-1610
-1613.57
-1615.79
-1619.81
-1616.46
-1617.24
-1621.08
-1617.7
-1624.56
-1617.17
-1615.02
-1618.48
-1623.57
-1631.37
-1625.92
-1628.69
-1627.59
-1626.12
-1629.97
-1632.41
-1638.84
-1631.16
-1638.98
-1642.29
-1636.52
-1637.35
-1638.38
-1641.81
-1633.28
-1635.55
-1637.68
-1639.81
-1639.59
-1640.89
-1636.9
-1639.25
-1644.59
-1638.12
-1636.42
-1629.72
-1628.93
-1634.15
-1626.27
-1626.55
-1631.08
-1646.7
-1647.06
-1661.06
-1645.01
-1636.11
-1635.24
-1636.82
-1633
-1638.8
-1639.53
-1630.31
-1637.46
-1634.11
-1638.22
-1632.84
-1636.33
-1637.76
-1634.83
-1635.26
-1636.72
-1631.18
-1632.9
-1627.25
-1618.27
-1626.57
-1621.62
-1615.3
-1619.7
-1618.39
-1612.71
-1611.24
-1618.53
-1612.29
-1619.34
-1614.85
-1610.7
-1613.99
-1625.08
-1628.32
-1627.67
-1633.78
-1636.65
-1634.99
-1635.6
-1633.91
-1634.98
-1638.71
-1637.32
-1630.68
-1630.22
-1639.6
-1639.53
-1630.11
-1628.52
-1621.53
-1634.66
-1624.79
-1620.68
-1622.42
-1624.4
-1614.46
-1612.51
-1613.02
-1620.96
-1619.23
-1622.11
-1616.33
-1613.46
-1611.82
-1615.25
-1618.38
-1624.13
-1637.68
-1634.65
-1643.01
-1635.15
-1629.21
-1630.6
-1635.39
-1634.89
-1630.87
-1626
-1631.5
-1639.4
-1633.58
-1630.41
-1638.01
-1634.62
-1627.22
-1633.49
-1643.08
-1637.24
-1634.46
-1639.64
-1643.29
-1650.34
-1651.37
-1649.12
-1645.5
-1640.44
-1632.98
-1633
-1641.1
-1636.35
-1627
-1625.19
-1623.98
-1624.4
-1620.66
-1618.38
-1621.07
-1626.59
-1625.41
-1621.83
-1621.95
-1621.5
-1626.01
-1628.84
-1626.22
-1625.73
-1630.37
-1621.32
-1617.12
-1618.72
-1612.45
-1612.61
-1623.58
-1626.06
-1614.85
-1612.17
-1614.36
-1620.29
-1617.51
-1614.13
-1612.24
-1605.84
-1609.52
-1610.26
-1608.95
-1618.72
-1618.39
-1617.29
-1612.71
-1608.13
-1605.92
-1613.16
-1617.57
-1616.82
-1612.89
-1613.09
-1609.95
-1614.59
-1609.03
-1612.18
-1613.75
-1613.3
-1611.28
-1617.96
-1617.46
-1609.37
-1620.31
-1605.08
-1599.83
-1599.18
-1598.07
-1595.24
-1596.56
-1596.39
-1593.15
-1599.41
-1600.3
-1605.51
-1593.17
-1596.53
-1604.43
-1604.84
-1613.39
-1614.92
-1615.74
-1626.02
-1627.81
-1629.19
-1634.28
-1634.41
-1632.61
-1632.4
-1632.01
-1640.68
-1637.65
-1641.33
-1648.49
-1642.42
-1644.99
-1635.4
-1646.21
-1637.3
-1639.96
-1639.75
-1643.39
-1634.1
-1634.9
-1633.73
-1631.62
-1642.56
-1644.98
-1655.73
-1660.65
-1643.63
-1646.01
-1646.81
-1648.68
-1641.97
-1633.87
-1626.14
-1636.32
-1636.22
-1636.89
-1625.43
-1624.94
-1627.48
-1621.8
-1621.89
-1621.05
-1625.04
-1621.74
-1617.42
-1617.17
-1629.11
-1629.59
-1628.26
-1632.09
-1628.88
-1626.23
-1621.51
-1624.45
-1623.21
-1625.56
-1619.45
-1619.59
-1617.9
-1616.33
-1614.49
-1616.96
-1612.39
-1623.84
-1622.29
-1614.49
-1620.92
-1627.27
-1635.88
-1632.61
-1634.61
-1635.46
-1631.9
-1626.06
-1629.58
-1631.89
-1635.76
-1632.68
-1632.57
-1637.65
-1634.98
-1637.31
-1646.55
-1637.51
-1638.2
-1632.11
-1626.96
-1626.72
-1615.98
-1606.76
-1610.21
-1614.87
-1611.45
-1609.65
-1606.93
-1599.65
-1597.17
-1595.35
-1589.01
-1590.43
-1589.03
-1588.64
-1587
-1602.31
-1606.09
-1608.44
-1606.53
-1602.63
-1603.13
-1603.74
-1602.62
-1598.91
-1600.77
-1607.54
-1608.37
-1614.18
-1609.13
-1606.55
-1604.29
-1604.18
-1607.83
-1611.75
-1606.11
-1606.6
-1606.12
-1600.05
-1604.25
-1603.79
-1603.61
-1603.95
-1614.83
-1616.94
-1609.86
-1620.2
-1618.16
-1619.54
-1614.46
-1619.22
-1621.45
-1626.07
-1626.39
-1625.18
-1631.07
-1626.2
-1626.69
-1630.62
-1640.29
-1637.39
-1638
-1644.86
-1641.46
-1643.01
-1652.21
-1654.56
-1658.04
-1656.4
-1649.42
-1655.25
-1644.45
-1646.35
-1650.13
-1654.33
-1647.38
-1642.44
-1646.48
-1643.98
-1639.48
-1645.16
-1648.41
-1650.52
-1646.16
-1650.99
-1651.01
-1648.1
-1650.81
-1645.3
-1637.84
-1641.8
-1640.22
-1642.78
-1641.29
-1632.38
-1637.37
-1637.84
-1635.4
-1639.02
-1640.39
-1640.12
-1633.23
-1633.94
-1640
-1634.89
-1638.18
-1638.11
-1646.18
-1644.16
-1642.38
-1641.25
-1642.35
-1642.85
-1649.51
-1649.3
-1648.18
-1662.79
-1666.23
-1658.55
-1654.06
-1650.09
-1649.16
-1648.51
-1651.15
-1643.17
-1644.36
-1643.47
-1634.88
-1637.33
-1640.05
-1646.22
-1640.12
-1637.73
-1638.37
-1642.21
-1647.36
-1647.79
-1650.84
-1654.48
-1647.97
-1649.97
-1638.7
-1638.78
-1639.05
-1632.16
-1630.61
-1630.05
-1637.45
-1639.78
-1634.15
-1627.51
-1625.62
-1622.6
-1631.17
-1627.86
-1618.76
-1621.01
-1637.38
-1632.24
-1631.43
-1624.93
-1627.68
-1626.95
-1621.53
-1621.77
-1617.31
-1623.48
-1626.08
-1632.09
-1635.2
-1634.97
-1630.11
-1636.95
-1637.34
-1633.65
-1634.2
-1623.75
-1624.23
-1614.29
-1621.89
-1620.38
-1614.83
-1615.34
-1627.44
-1622.8
-1623.21
-1627.26
-1621.02
-1630.43
-1626.12
-1615.17
-1610.74
-1612.58
-1609.78
-1606.7
-1611.77
-1609.54
-1616.92
-1617.44
-1611.66
-1613.18
-1616.19
-1615.13
-1618.69
-1618.99
-1615.8
-1614.74
-1606.86
-1602.55
-1612.41
-1609.93
-1618.62
-1619.89
-1627.55
-1613.33
-1619.35
-1623.72
-1617.73
-1609.97
-1607.52
-1607.84
-1603.7
-1611.53
-1619.4
-1614.67
-1609.12
-1611.09
-1615.87
-1618.75
-1629.37
-1628.23
-1631.85
-1639.42
-1640.27
-1635.21
-1643.22
-1644.61
-1637.23
-1635.93
-1632.98
-1626.3
-1625.06
-1625.43
-1631.39
-1628.37
-1628.14
-1636.48
-1631.1
-1636.04
-1633.24
-1629.74
-1634.38
-1639.81
-1647.21
