#	Flatfish	model	with	growth	data	included	This	file	is	for	northern	rock	sole																																	
#	styr																																													
1975																																														
#	endyr																																													
2020																																														
#	nages																																													
20																																														
#	a	b	Females																																											
#	female	l-w	relationship	wt(g)=0.0054*L(cm)^3.227																																										
0.00618	3.1765																																													
#	male	l-w	relationship	wt(g)=0.008541*L(cm)^3.0808																																										
#	a	b	Males																																											
#																																														
0.00505	3.2243																																													
#	nfsh																																													
1																																														
#catch_bio	1975	1976	1977	1978	1979	1980	1981	1982	1983	1984	1985	1986	1987	1988	1989	1990	1991	1992	1993	1994	1995	1996	1997	1998	1999	2000	2001	2002	2003	2004	2005	2006	2007	2008	2009	2010	2011	2012	2013	2014	2015	2016	2017	2018	2019	2020
	12.014	9.964	5.319	7.038	5.874	8.798	9.021	11.843	13.619	37.679	18.75	19.611	40.822	86.366	68.912	35.253	56.05751	52.72273	64.26149	59.60677	55.02909	46.92918	67.81476	33.64403	41.08976	49.66795	29.47676	41.86682	36.086103	48.680902	37.362473	36.455868	37.126111	51.276233	48.715785	53.20041658	60.53445481	75.94505477	59.7512901	51.69010232	45.46764346	45.08382148	35.22152235	28.26902533	25.80004081	25.8 # Oct 22.24832011 estimated this years year end catch to be equal to last years
#	nyrs_fsh_combined	sex	age																																											
0																																														
#	nyrs_fsh_split	sex	age																																											
38																																														
#	yrs_fsh_age_combined	1000																																												
#	yrs_fsh_age_split	females	first	then	males																																									
1979	1980	1981	1982	1983	1984	1985	1986	1987	1988	1989	1990	1991	1992	1993	1994	1998	1999	2000	2001	2002	2003	2004	2005	2006	2007	2008	2009	2010	2011	2012	2013	2014	2015	2016	2017	2018	2019									
#	Year	Sex	oac_fsh	(1	nfsh	1	nyrs_fsh_age	1	nages)																																					
# Jim calculated fishery ages and wts at age using his sampler method for 1991 onward and 1995 to 1996 ages and wts at age were removed as nobody knows where they originated.
0	0	0.00E+00	0.000209215	0.000164187	0.001052738	0.008553969	0.043010772	0.163030154	0.165336029	0.053075189	0.054663469	0.055229623	0.044069252	0.022674468	0.015617781	0.000257722	0	0.000109669	0	0	0	0	8.34E-05	0.000490169	0.00071514	0.010563221	0.022027433	0.050431343	0.08916155	0.063436496	0.074163669	0.04219453	0.017175787	0	0.002502992	0	0	0	0							
0	0	0.008392303	0.042666723	0.061930661	0.033902909	0.069585012	0.043502416	0.034527314	0.108744877	0.08181064	0.030604505	0.037001365	0.025249808	0.020739062	0.007468791	0	0	0	0	0	0.004128525	0.040299334	0.020180477	0.087130364	0.045684902	0.025079249	0.024419918	0.032644788	0.061213086	0.02424122	0.014925679	0.004696796	0.007723012	0.001506261	0	0	0	0	0							
0	9.56E-05	0.024721626	0.044337353	0.017098098	0.13534113	0.044579024	0.023284081	0.022122201	0.035152257	0.103035812	0.043259659	0.037316143	0.012453763	0.023001778	0.010810134	0.002007729	0.000948094	0	0	0	0.002485416	0.043662147	0.066611698	0.03674197	0.170665612	0.021889527	0.012474747	0.019070033	0.031078748	0.013229719	0.000801575	0.00057788	0.000216239	0.000654309	0.000208782	6.71E-05	0	0	0							
0	0	0.022843257	0.023245472	0.024860007	0.102162225	0.120396953	0.10347342	0.043176014	0.052179854	0.036703972	0.031035144	0.030533429	0.017566247	0.00289661	0.005590833	0.003641453	0	0.000893811	0	0	0.002667615	0.013990158	0.032178633	0.026749543	0.029779544	0.085280045	0.048320878	0.016717053	0.021192717	0.018969705	0.052505081	0.022990887	0.007459441	0	0	0	0	0	0							
0	0	0.000588229	0.009966451	0.02887629	0.025960377	0.07836953	0.102074878	0.080928918	0.077812247	0.043510451	0.055033352	0.110537287	0.052607417	0.039262557	0.039316181	0.007564896	0.004647464	0.001501488	0	0	0	0.000159053	0.008596196	0.02433699	0.014577179	0.028158954	0.046841018	0.014506931	0.019265257	0.003061764	0.011491557	0.031167701	0.018708573	0.01611734	0.004453475	0	0	0	0							
0	0	0.001181229	0.012068893	0.022067205	0.025062657	0.042806573	0.050334811	0.087174534	0.068808279	0.039579296	0.043751879	0.072867847	0.044934806	0.041574035	0.031964759	0.009074196	0	0.009074196	0	0	0.002210277	0.010323677	0.067016477	0.041349227	0.017660731	0.065091829	0.031880694	0.060385839	0.015145013	0.011302423	0.014582227	0.003544851	0.01665784	0.011867544	0.012845608	0.003544851	0	0	0.012265697							
0	0.001612573	0.007657309	0.050310641	0.10239767	0.060249149	0.06354846	0.060800539	0.03195306	0.052516693	0.013267775	0.006463844	0.00275998	0.005761502	0.013791861	0.017210194	0.002259669	0.002180534	0.001543659	0.004098278	0	0.007358459	0.028420857	0.091844162	0.149259362	0.095697754	0.041741273	0.030561426	0.024317874	0.014557071	0.002741208	0.000177466	0.001534419	0.007084004	0.000539536	0.001535655	0.002246084	0	0	0							
0	0	0	0.002165726	0.033848745	0.070586818	0.085542957	0.065286092	0.093405173	0.03533352	0.091713771	0.014646638	0.014642554	0.013554347	0.004552968	0.013054894	0.012847125	0.000433488	0	0.012371679	0	0	0.006157856	0.026326068	0.079848586	0.151453309	0.073168434	0.040646765	0.030335155	0	0.028077334	0	0	0	0	0	0	0	0	0							
0	0	0.011742942	0.036315098	0.028269372	0.074118014	0.145732007	0.044338893	0.026734919	0.030707783	0.024966865	0.046963013	0.010415661	0.002943678	0.00357015	0.001792791	0.003441477	0.002623375	0.000828639	0.005133282	0	0.000453553	0.020604779	0.034864538	0.085551366	0.081884166	0.127711124	0.041454287	0.051015283	0.024906683	0	0.027892575	0	0	0	0	0.003023688	0	0	0							
0	0	0.003692309	0.007539209	0.09807673	0.047650522	0.078440731	0.076000539	0.0495462	0.016435076	0.037563228	0.013353824	0.02045306	0.015337658	0	0.002174925	0.003254597	0.011784523	0.003827219	0.004613438	0	0.000727802	0.003435095	0.023488603	0.083461826	0.128149836	0.136873936	0.047953678	0.038454979	0.002267989	0.014726754	0.013321337	0	0.004644165	0	0	0	0.00797763	0.004772584	0							
0	6.74E-05	0.000900255	0.007819054	0.03200337	0.104736121	0.072049431	0.094376544	0.077447757	0.026903602	0.019525076	0.028765071	0.015557667	0.023755299	0.014220551	0.004059581	0.001240148	0.001240148	0.012959926	0.009856877	0	0.000145763	0.002287644	0.020600205	0.073500263	0.109793902	0.081077743	0.046214507	0.042384282	0.023537621	0.012929033	0.005601148	0.00604701	0.013957946	0	0.012141179	0	0	0	0.002297907							
0	0	0.002712046	0.024763095	0.031215291	0.050563989	0.066983555	0.105964992	0.050607163	0.027974996	0.02577667	0.003597775	0.020787366	0.007821117	0.00985425	0.005955941	0.003733957	0	0	0.005999725	0	0	0.006481938	0.060474761	0.056777804	0.137461914	0.108773505	0.07878425	0.035507421	0.027443816	0.022018298	0.003637044	0.008284119	0.005884324	0.00207944	0	0	0.00207944	0	0							
0	3.89E-05	0.004028271	0.014557226	0.01031459	0.016860534	0.019553868	0.067448272	0.043499754	0.04858328	0.042007818	0.018448045	0.01065107	0.009578748	0.004715539	0.008287368	0.000438528	0.001187175	0.000714297	0.004705385	0	0.000442471	0.016518618	0.031168782	0.017789294	0.059586049	0.085093452	0.157465517	0.108050355	0.065429883	0.037692	0.027275309	0.01680426	0.010240064	0.014308803	0.009713518	0.008265405	0.002791759	0.000675283	0.005070555							
0	0	0.000122335	0.000231458	0.008935878	0.012054701	0.019946959	0.045325103	0.057288508	0.015262307	0.045972711	0.031093171	0.01297846	0.012025023	0.007011064	0.001689376	0.00751122	0.003214045	0.003106372	0.004950099	0	0	0.003051036	0.009412758	0.050590822	0.046088499	0.059589151	0.154876493	0.121620297	0.061408534	0.081020341	0.043727423	0.013653598	0.018522588	0.011489037	0.000723663	0.031079554	0.001195272	0.00114573	0.002086411							
0	0	0	0	0	0.005848107	0.019831495	0.036626582	0.032900096	0.122227948	0.019254392	0.029776234	0.024250569	0.006153346	0.004885097	0.003351166	0.002956481	0.002731678	0.00201278	0.004319779	0	0	0	0	0	0.028380877	0.068166307	0.09566539	0.119101403	0.246275279	0.020768792	0.02849319	0.028545444	0.011438038	0.001448222	0.001070302	0.00832729	0.01093534	0.012532305	0.001726074							
0	0	0	0.000488566	0	0.00188441	0.023451494	0.039561007	0.049996297	0.06327178	0.057792519	0.018261924	0.030178723	0.02401081	0.008466858	0.007178831	0.002817341	0.000702777	0.004023413	0.003417527	0	0	0	0.003558047	0	0.011523349	0.084308064	0.174022614	0.07987561	0.087198832	0.123849105	0.021919813	0.035584216	0.018633891	0.008627995	0.008042461	0.000451463	6.01E-05	0.006307236	0.000532944							
#0	0	0	0.001244094	0.004820601	0.006534127	0.008612294	0.091170649	0.083890544	0.072940101	0.088090886	0.099797411	0.032012664	0.017761805	0.061831706	0.001876015	0.004380112	0.001541404	0	0	0	0	0	0.001081696	0.00380235	0.003296517	0.027510418	0.077027868	0.101115005	0.056019852	0.05447576	0.0464806	0.022950979	0.026580089	0.001584247	0	0	0.001570204	0	0							
#0	0	0	0	6.10E-05	0.004047995	0.002967921	0.024096593	0.083241386	0.126571581	0.068268331	0.044784245	0.065293332	0.02756542	0.028751533	0.027879893	0.00754735	0.004588885	0.001117588	0.005029148	0	0	0.000262131	0.000467131	0.002050001	0.018707794	0.015222981	0.039353718	0.116079835	0.079534552	0.054540709	0.020404533	0.021257622	0.017537587	0.005721518	0.04359948	0.033819969	0.009628281	0	0							
#0	0	0	0.00391835	0.001709696	0.006564736	0.045883783	0.021525634	0.020002767	0.120419827	0.068497478	0.039860095	0.071776344	0.031557704	0.02471265	0.023851533	0.013678247	0.008997848	0	0	0	3.59E-05	0.000497138	0.004976846	0.005088071	0.010505803	0.05353217	0.006399461	0.074041944	0.147845476	0.06099505	0.062133329	0.023509505	0.029126212	0.012243227	0	0	0	0	0							
0	0	0	0	0.002294111	0.002017343	0.009213191	0.01967055	0.01270207	0.023993318	0.102421803	0.070619917	0.048767762	0.051979938	0.013642099	0.010819449	0.020740216	0.012517792	0.002395179	0.006083943	0	0	0	0	0.00462873	0.002503271	0.00669208	0.032885685	0.030741407	0.07583814	0.210125773	0.094420668	0.032249846	0.035738932	0.020564068	0.00768593	0.019201966	0.015574611	0.000404612	0.0008656							
0	0	0	0	0.006722985	0.007299136	0.010407252	0.00727275	0.037893538	0.021068504	0.039747765	0.187552542	0.069769452	0.046721993	0.033766372	0.007674411	0.006234514	0.00512574	0.001480019	0.00556801	0	0	0	0	0.005874717	0.005877802	0.013178021	0.008621955	0.092099751	0.032287501	0.078200261	0.176113294	0.046488026	0.01531457	0.023083386	0.006780393	0.000553255	0.000225659	0.000340979	0.000655448							
0	0	0	0	0.003711016	0.005868022	0.006180139	0.012976534	0.036239728	0.070761342	0.02071128	0.054029725	0.159943589	0.061749594	0.026013911	0.019797609	0.017353582	0.003389246	0.005183162	0.001148558	0	0	0	0	0.007596434	0.002966577	0.0080226	0.011443296	0.025210909	0.130907116	0.051118967	0.046318408	0.108557439	0.04427567	0.033159335	0.012360165	0.005347276	0.003167114	0.003421706	0.001069953							
0	0	0	0	0.003938346	0.019508648	0.023138763	0.014498015	0.019699208	0.027601979	0.082285977	0.0451805	0.060389089	0.100886407	0.066155823	0.018323425	0.021101736	0.006978812	0.003920192	0.007626102	0	0	0	0	0.010124291	0.011641091	0.023822189	0.032661509	0.02749509	0.064493754	0.11796155	0.044479557	0.049819019	0.056808016	0.027615567	0.007770452	0.003082263	0.000501716	0.000256275	0.000234638							
0	0	0	0.001607245	0.002395049	0.009050924	0.011434359	0.012879956	0.037320405	0.024585664	0.046506137	0.072898907	0.041716148	0.049680483	0.09321196	0.040251423	0.019799907	0.027990768	0.004686446	0.001607769	0	0	0	0.002600497	0.00654506	0.021461697	0.012005806	0.014638358	0.052220611	0.04939431	0.071996828	0.114901132	0.037124398	0.008538942	0.068272998	0.033820223	0.006111025	0.00204612	0.000385995	0.000312446							
0	0.000240534	0	0.003477285	0.00971799	0.008046875	0.020490945	0.01499871	0.017064962	0.036602457	0.020655398	0.068628396	0.08639421	0.038244024	0.049320092	0.05706856	0.046514149	0.013117284	0.00812723	0.00612038	0	0.001098992	0.000263565	0.008900279	0.006446394	0.021116571	0.027551714	0.039104896	0.041529132	0.044929107	0.037630845	0.046999687	0.079365414	0.036383755	0.030254243	0.038376172	0.018385476	0.008677482	0.003959964	0.004196832							
0	4.72E-05	0.000129315	0	0.004223079	0.021129962	0.009218944	0.019784851	0.025697026	0.008092691	0.059725547	0.038684155	0.057826848	0.104414306	0.03883394	0.012136192	0.085928899	0.031687817	0.018187543	0.019809228	0	0.000138998	0.000421594	0	0.010733331	0.017057456	0.011819331	0.031464908	0.040500513	0.032696355	0.062826623	0.028568854	0.029707229	0.080427189	0.021771662	0.013855022	0.027564117	0.01955357	0.00610417	0.009231493							
0	0	0.000975482	0.006179818	0.012813594	0.012630399	0.022108519	0.011683841	0.030076052	0.036757298	0.028394337	0.038549218	0.034167822	0.046987327	0.085204929	0.037935037	0.044748373	0.049989418	0.023962011	0.035504219	0	0	0.003415247	0.012033586	0.03373901	0.025336257	0.044470828	0.016839673	0.036424414	0.065756378	0.027897259	0.033998433	0.018862143	0.030388691	0.026593896	0.019019221	0.009453108	0.0249316	0.006101609	0.006070954							
0	0	0	0.001979556	0.012614136	0.027443125	0.023664109	0.025994191	0.025243334	0.041115896	0.036406143	0.032416005	0.037668162	0.024602925	0.039494213	0.09794613	0.036847882	0.019887462	0.051387232	0.046154877	0	0	0	0.004952852	0.024120818	0.031542823	0.024611472	0.032025997	0.032133952	0.022576693	0.014242305	0.022447333	0.032070745	0.020518327	0.034120323	0.052131933	0.01284656	0.019044787	0.023969334	0.015778369							
0	0	0	0.001805466	0.009839507	0.027961364	0.049571583	0.022521086	0.049457832	0.032585316	0.06708403	0.031209921	0.028082954	0.017076111	0.022585814	0.027627508	0.054566044	0.028010797	0.033264282	0.094157938	0	0	0	0.004588088	0.027055737	0.036261949	0.045453935	0.051501433	0.042917992	0.028125968	0.029148248	0.015040254	0.02523754	0.012096414	0.007505847	0.019597479	0.008477703	0.008927214	0.013969994	0.026686652							
0	0	0	0.003773407	0.005051057	0.023607612	0.040252378	0.05136362	0.041352267	0.083037572	0.033943175	0.041824615	0.034341338	0.020450279	0.035997338	0.036193049	0.043481482	0.045670942	0.020180149	0.076324227	0	0	0	0.006994831	0.008275593	0.016015627	0.039298076	0.042600061	0.035398131	0.051354298	0.010412611	0.018214834	0.01687344	0.022824356	0.01368826	0.008759852	0.026279487	0.017549204	0.004718183	0.023898649							
0	0	0	0.001545319	0.001540232	0.009471468	0.034681134	0.061734785	0.065392218	0.030505974	0.04873033	0.033200477	0.045463121	0.028270579	0.026540539	0.025418173	0.025634039	0.019478057	0.065618388	0.052355085	0	0	0	0.003317288	0.004578379	0.025389153	0.05058903	0.068077091	0.071306462	0.030328603	0.050024757	0.021606205	0.005969705	0.013440286	0.013750175	0.01809576	0.009541446	0.010747824	0.016765833	0.010892087							
0	0	0	0	0.001917962	0.015612424	0.021363662	0.042461905	0.079388899	0.044161864	0.030582481	0.068229732	0.035878079	0.024995778	0.02051807	0.013236944	0.014278722	0.023860303	0.024050755	0.090859495	0	0	0	0	0.008293157	0.013179887	0.05229695	0.070439251	0.089753817	0.080748836	0.026341768	0.028826208	0.005274662	0.02141361	0.001921801	0.004681699	0.008927134	0.005395505	0.012423645	0.018684995							
0	0	0	0	0	0.003355118	0.009941351	0.060970358	0.06946534	0.08955025	0.095137597	0.030285318	0.022405047	0.013125006	0.021755488	0.012358557	0.027838163	0.004645023	0.012685137	0.085399913	0	0	0	0	0	0.015370619	0.018911838	0.051543168	0.106540149	0.078435683	0.055603614	0.017825945	0.034505038	0.011468108	0.008557353	0.011587761	0.003159789	0.004115878	0.000444155	0.023013236							
0	0	0	0	0.000722961	0.005692267	0.023507771	0.043755769	0.044713918	0.087236027	0.143346908	0.055026775	0.030715169	0.035483373	0.021386278	0.0153592	0.014646305	0.007025446	0.010914172	0.067694437	0	0	0	0	0.001763742	0.008349379	0.033109452	0.041599048	0.043924825	0.093560081	0.0860937	0.021267748	0.014425845	0.011225562	0.010565343	0.006224042	0.010474532	0.001406804	0.000883813	0.007899307							
0	0	0	0	0	0.003306412	0.01448406	0.055286716	0.070498805	0.070244118	0.105976409	0.06825352	0.037046555	0.025818638	0.008130353	0.013923254	0.019821908	0.008046189	0.004916828	0.0371266	0	0	0	0	0	0.001826531	0.010528461	0.084251288	0.06033674	0.05838351	0.06981372	0.079016379	0.025102717	0.01003471	0.007565722	0.003030575	0.014975077	0.006678952	0.001291136	0.024284116							
0	0	0	0.000532352	0	0	0.002019147	0.00652105	0.044834002	0.045178775	0.086268283	0.113215584	0.096163641	0.038104354	0.004984249	0.021510522	0.003205395	0.004658279	0.006255517	0.035552655	0	0	0	0.000962332	0	0	0.000160525	0.012002712	0.086936016	0.064739739	0.046579538	0.12349148	0.05598549	0.042785325	0.008788806	0.020371939	0.004140915	0.00868603	0.006201099	0.00916425							
0	0	0	0	0	0.000396303	0.004182015	0.000416621	0.018180342	0.078710042	0.04876294	0.073603795	0.089475362	0.070676466	0.028777231	0.007488121	0.008325678	0.005680273	0.006463194	0.021897059	0	0	0	0	0	0.002330808	0.008292967	0.004614891	0.024294973	0.124736599	0.084334939	0.083895141	0.091591566	0.050670297	0.01754162	0.012528265	0.004945223	0.004656909	0.008524943	0.014005416							
0	0.00012413	0.000123479	0.001461897	0.000913611	0.00713657	0.00417169	0.000625391	0.000852036	0.029411797	0.104691952	0.095419903	0.090318689	0.09690861	0.057093646	0.020418938	0.003264681	0.012260662	0.005245675	0.023590304	0	0.000385469	0.000403106	0.002930924	0.007347376	0.010568865	0.004961684	0.007199016	0.011359629	0.033037254	0.080405775	0.080901526	0.058551778	0.04279642	0.052642332	0.014232111	0.005882841	0.00928742	0.005725174	0.017347635							
0	0	0.000366465	0.002404239	0.005746168	0.013255977	0.005338195	0.005963146	0.006790056	0.003035217	0.018431363	0.142813515	0.089267027	0.081554806	0.090076683	0.055810058	0.021057673	0.007615934	0.007438664	0.019670751	0	0	0.00165785	0.003503765	0.007165248	0.014702888	0.003562973	0.013451723	0.011605983	0.007988982	0.029756122	0.082405616	0.071535377	0.073186263	0.032514215	0.035094185	0.02451977	0.000449694	0.002024203	0.008239208							
0	0	0.000235998	0.00341611	0.007039444	0.014546433	0.017692368	0.017873828	0.00503087	0.009776331	0.01012602	0.04118251	0.128018016	0.106918509	0.065994517	0.06438767	0.040112095	0.033404288	0.005064425	0.023172138	0	0	0.000973841	0.009883562	0.008206661	0.017011145	0.014886831	0.014501498	0.007276901	0.007590492	0.008370205	0.032082176	0.092801203	0.07020513	0.049340499	0.035201824	0.019653999	0.010543747	0.00052068	0.006958038							
0	0.00012581	0.003789265	0.011622329	0.014520202	0.007805572	0.015715461	0.013230769	0.012311719	0.007627981	0.016943203	0.014760162	0.041098358	0.1287478	0.100433073	0.067342085	0.095684117	0.029510388	0.009927453	0.021801073	0	0.000690657	0.010222232	0.028199652	0.032755653	0.018593831	0.027356997	0.022626148	0.013515311	0.006903857	0.01489223	0.015248038	0.027833937	0.063803188	0.039352025	0.0323541	0.012287815	0.010118306	0.00647985	0.003769352							
#	wt_fsh	(begin	year	to	end	year)																																								
#	Female	Female	Female	Female	Female	Female	Female	Female	Female	Female	Female	Female	Female	Female	Female	Female	Female	Female	Female	Male	Male	Male	Male	Male	Male	Male	Male	Male	Male	Male	Male	Male	Male	Male	Male	Male	Male	Male	Male							
#	2	3	4	5	6	7	8	9	10	11	12	13	14	15	16	17	18	19	20	1	2	3	4	5	6	7	8	9	10	11	12	13	14	15	16	17	18	19	20							
0.009	0.015	0.03	0.059	0.112	0.183	0.267	0.363	0.439	0.489	0.577	0.57	0.612	0.667	0.714	0.79	0.862	0.939	0.889	0.815	0.007	0.011	0.013	0.026	0.055	0.1	0.153	0.213	0.256	0.259	0.311	0.301	0.314	0.353	0.367	0.33	0.455	0.342	0.366	0.36							
0.009	0.015	0.03	0.059	0.112	0.183	0.267	0.363	0.439	0.489	0.577	0.57	0.612	0.667	0.714	0.79	0.862	0.939	0.889	0.815	0.007	0.011	0.013	0.026	0.055	0.1	0.153	0.213	0.256	0.259	0.311	0.301	0.314	0.353	0.367	0.33	0.455	0.342	0.366	0.36							
0.009	0.015	0.03	0.059	0.112	0.183	0.267	0.363	0.439	0.489	0.577	0.57	0.612	0.667	0.714	0.79	0.862	0.939	0.889	0.815	0.007	0.011	0.013	0.026	0.055	0.1	0.153	0.213	0.256	0.259	0.311	0.301	0.314	0.353	0.367	0.33	0.455	0.342	0.366	0.36							
0.009	0.015	0.03	0.059	0.112	0.183	0.267	0.363	0.439	0.489	0.577	0.57	0.612	0.667	0.714	0.79	0.862	0.939	0.889	0.815	0.007	0.011	0.013	0.026	0.055	0.1	0.153	0.213	0.256	0.259	0.311	0.301	0.314	0.353	0.367	0.33	0.455	0.342	0.366	0.36							
0.009	0.015	0.03	0.059	0.112	0.183	0.267	0.363	0.439	0.489	0.577	0.57	0.612	0.667	0.714	0.79	0.862	0.939	0.889	0.815	0.007	0.011	0.013	0.026	0.055	0.1	0.153	0.213	0.256	0.259	0.311	0.301	0.314	0.353	0.367	0.33	0.455	0.342	0.366	0.36							
0.009	0.015	0.03	0.059	0.112	0.183	0.267	0.363	0.439	0.489	0.577	0.57	0.612	0.667	0.714	0.79	0.862	0.939	0.889	0.815	0.007	0.011	0.013	0.026	0.055	0.1	0.153	0.213	0.256	0.259	0.311	0.301	0.314	0.353	0.367	0.33	0.455	0.342	0.366	0.36							
0.009	0.015	0.03	0.059	0.112	0.183	0.267	0.363	0.439	0.489	0.577	0.57	0.612	0.667	0.714	0.79	0.862	0.939	0.889	0.815	0.007	0.011	0.013	0.026	0.055	0.1	0.153	0.213	0.256	0.259	0.311	0.301	0.314	0.353	0.367	0.33	0.455	0.342	0.366	0.36							
0.009	0.015	0.03	0.059	0.112	0.183	0.267	0.363	0.439	0.489	0.577	0.57	0.612	0.667	0.714	0.79	0.862	0.939	0.889	0.815	0.007	0.011	0.013	0.026	0.055	0.1	0.153	0.213	0.256	0.259	0.311	0.301	0.314	0.353	0.367	0.33	0.455	0.342	0.366	0.36							
0.009	0.015	0.03	0.059	0.112	0.183	0.267	0.363	0.439	0.489	0.577	0.57	0.612	0.667	0.714	0.79	0.862	0.939	0.889	0.815	0.007	0.011	0.013	0.026	0.055	0.1	0.153	0.213	0.256	0.259	0.311	0.301	0.314	0.353	0.367	0.33	0.455	0.342	0.366	0.36							
0.009	0.015	0.03	0.059	0.112	0.183	0.267	0.363	0.439	0.489	0.577	0.57	0.612	0.667	0.714	0.79	0.862	0.939	0.889	0.815	0.007	0.011	0.013	0.026	0.055	0.1	0.153	0.213	0.256	0.259	0.311	0.301	0.314	0.353	0.367	0.33	0.455	0.342	0.366	0.36							
0.009	0.015	0.03	0.059	0.112	0.183	0.267	0.363	0.439	0.489	0.577	0.57	0.612	0.667	0.714	0.79	0.862	0.939	0.889	0.815	0.007	0.011	0.013	0.026	0.055	0.1	0.153	0.213	0.256	0.259	0.311	0.301	0.314	0.353	0.367	0.33	0.455	0.342	0.366	0.36							
0.009	0.015	0.03	0.059	0.112	0.183	0.267	0.363	0.439	0.489	0.577	0.57	0.612	0.667	0.714	0.79	0.862	0.939	0.889	0.815	0.007	0.011	0.013	0.026	0.055	0.1	0.153	0.213	0.256	0.259	0.311	0.301	0.314	0.353	0.367	0.33	0.455	0.342	0.366	0.36							
0.009	0.015	0.03	0.059	0.112	0.183	0.267	0.363	0.439	0.489	0.577	0.57	0.612	0.667	0.714	0.79	0.862	0.939	0.889	0.815	0.007	0.011	0.013	0.026	0.055	0.1	0.153	0.213	0.256	0.259	0.311	0.301	0.314	0.353	0.367	0.33	0.455	0.342	0.366	0.36							
0.009	0.015	0.03	0.059	0.112	0.183	0.267	0.363	0.439	0.489	0.577	0.57	0.612	0.667	0.714	0.79	0.862	0.939	0.889	0.815	0.007	0.011	0.013	0.026	0.055	0.1	0.153	0.213	0.256	0.259	0.311	0.301	0.314	0.353	0.367	0.33	0.455	0.342	0.366	0.36							
0.009	0.015	0.03	0.059	0.112	0.183	0.267	0.363	0.439	0.489	0.577	0.57	0.612	0.667	0.714	0.79	0.862	0.939	0.889	0.815	0.007	0.011	0.013	0.026	0.055	0.1	0.153	0.213	0.256	0.259	0.311	0.301	0.314	0.353	0.367	0.33	0.455	0.342	0.366	0.36							
0.009	0.015	0.03	0.059	0.112	0.183	0.267	0.363	0.439	0.489	0.577	0.57	0.612	0.667	0.714	0.79	0.862	0.939	0.889	0.815	0.007	0.011	0.013	0.026	0.055	0.1	0.153	0.213	0.256	0.259	0.311	0.301	0.314	0.353	0.367	0.33	0.455	0.342	0.366	0.36							
0.009	0.01	0.06707844565	0.112035671	0.2000557114	0.1982688791	0.2576561618	0.3725814056	0.5113673846	0.5811332777	0.6194800769	0.7603595235	0.6656741982	0.8323894725	0.9098090509	0.8560711918	1.269919751	1.071669463	1.02603941	0.9823285345	0.007	0.01	0.05564709071	0.1079288201	0.1276636684	0.1930455934	0.2111732807	0.2814584356	0.3379284346	0.4121922887	0.4326909031	0.4525477742	0.4922715095	0.6384784535	0.4692796967	0.5432201318	0.5637781492	0.7592429334	1.020257304	0.8019105299							
0.009	0.014	0.06825883821	0.06243154578	0.1187529178	0.1922636748	0.2590455085	0.3258073826	0.4271444046	0.5372905102	0.6514512797	0.6897662557	0.7019829339	0.7065531136	0.849936713	0.9096670556	0.9316894855	0.8826067768	0.8611411616	0.9909713309	0.007	0.011	0.0681482784	0.07315298678	0.1084836897	0.1473063693	0.1903327423	0.2205467353	0.2802621678	0.3263362867	0.3850271189	0.4545127173	0.5241703216	0.4529711582	0.5548433742	0.9096670556	0.4525865504	0.8841247825	0.8626169889	0.9944836804							
0.009	0.012	0.027	0.053	0.09	0.2	0.2869289699	0.336396693	0.4229575694	0.5411979111	0.5997368774	0.6911422448	0.7262211179	0.790223749	0.8401379523	0.9042375531	0.8664835543	0.8822492677	0.9671107675	0.8594336497	0.007	0.011	0.02	0.038	0.063	0.2	0.2797801196	0.2968803636	0.3403038941	0.3623643726	0.4632150512	0.5311217902	0.5226278541	0.5610565708	0.8521977271	0.9339617063	0.5847993306	0.5104379309	0.5652491738	0.8562732843							
0.009	0.011	0.026	0.06763748199	0.078	0.1014112141	0.1638500569	0.2637133726	0.371934953	0.4697545904	0.5675414266	0.5991381508	0.6724894116	0.68052738	0.910766567	0.8470404139	0.969794648	1.5	0.9987288476	0.9236084622	0.007	0.01	0.023	0.0640280441	0.067	0.1158989855	0.1412126414	0.2217445315	0.2329666543	0.2942407592	0.2925486583	0.3849426896	0.4408501808	0.4864242468	0.6614034514	0.5341354836	1.000689332	1.5	0.6195580186	0.9779455609							
0.009	0.0124	0.04366745677	0.07082093976	0.1197617258	0.1749887536	0.2468961394	0.3322997708	0.4344808623	0.5236752579	0.6030419321	0.6620812349	0.6756735323	0.735338743	0.8449300567	0.8614032429	0.9799774878	1.055105101	0.9484040374	0.9142683955	0.007	0.0106	0.03595907382	0.06182197019	0.08422947162	0.1512501896	0.1950997568	0.2467260132	0.2894922302	0.3308267415	0.3768963463	0.4248249943	0.4587839732	0.4983860859	0.5809448499	0.6501968754	0.6113706725	0.7991611294	0.6867362971	0.7981226111	# NOTE 5-yr avg...						
0.009	0.01188	0.04640094813	0.07318512771	0.121314071	0.1733865043	0.2428753673	0.3261597249	0.4335770348	0.5306103095	0.6082503185	0.6804974819	0.6884082388	0.7490064916	0.871116068	0.8756838914	1.003572985	1.078326122	0.9602848449	0.9341220746	0.007	0.01052	0.04055088859	0.06898636423	0.09007536594	0.1615002276	0.2035197081	0.2534712158	0.2961906762	0.3451920898	0.3900756156	0.4495899931	0.4877407679	0.527463303	0.6237338198	0.7142362505	0.642644807	0.8905933552	0.7508835566	0.8857471333							
0.009	0.012256	0.04226544862	0.06541501905	0.1055657429	0.1684100294	0.2399192084	0.3168753888	0.4180189648	0.5205057158	0.6060043669	0.6645250736	0.6929550469	0.7323298954	0.8633774714	0.8796064314	0.9503036322	1.079657454	0.9471339318	0.9244807826	0.007	0.010624	0.03753164816	0.06119787306	0.08255770545	0.1551911544	0.2019889936	0.2478737719	0.2878431245	0.33179205	0.3815525581	0.4489984369	0.4868346195	0.5052602729	0.6546246445	0.7484394743	0.6584181385	0.9168634396	0.697008807	0.902514454							
0.009	0.011	0.026	0.05	0.1165435974	0.1683290179	0.176823633	0.2315037852	0.2756184016	0.3752667682	0.4173343187	0.4948570639	0.5516001229	0.6085344735	0.5642132312	0.7445943695	0.7819400539	0.8359377518	0.9592953152	0.8923486764	0.007	0.01	0.023	0.044	0.1223936591	0.1669409823	0.1589321397	0.197313023	0.2231420679	0.2322653906	0.244933047	0.2811454605	0.3587031818	0.3961768631	0.3680294895	0.4598535756	0.5072646114	0.4657513367	0.8970280743	0.8125808076							
0.009	0.011	0.026	0.05	0.2739830695	0.1836241537	0.2579035167	0.2810535426	0.2707373477	0.3390613167	0.4181498072	0.4447097502	0.4750197812	0.5177555724	0.5580004985	0.6173080985	0.7133938436	0.5727581519	0.8462230909	0.7942444691	0.007	0.01	0.023	0.044	0.1725983718	0.1316991078	0.1920073796	0.2209727641	0.1834037103	0.2012338561	0.2336408492	0.2530834336	0.2663887842	0.3005476723	0.3188887652	0.4007055879	0.6870757763	0.6966330978	0.8456087407	0.8141883317							
0.009	0.011	0.026	0.05	0.1598857195	0.1747070627	0.2471243491	0.234334503	0.2325841079	0.2884098352	0.3545078242	0.4240848442	0.4215351618	0.4525966364	0.5110001518	0.5064395485	0.570488956	0.6718549141	0.6072155793	0.6949249527	0.007	0.01	0.023	0.044	0.1425045789	0.1363856462	0.1546833856	0.1954678293	0.2222613966	0.2195234575	0.2327240539	0.2728597762	0.2992792308	0.3220087103	0.3304203906	0.3993617195	0.5220121889	0.4719812088	0.4738380838	0.527036013							
0.009	0.011	0.026	0.05	0.175766464	0.3168863898	0.2683684336	0.2504245756	0.4209590782	0.3411746563	0.4008297153	0.418595983	0.5161212438	0.5228398402	0.5360244466	0.5555779339	0.5788044016	0.6362655484	0.6855744406	0.7416614449	0.007	0.01	0.023	0.044	0.1903913243	0.28900387	0.2767370713	0.231673278	0.2797845385	0.2693118382	0.2686407073	0.3053373566	0.3083287023	0.3470741489	0.342576994	0.414194667	0.5652755927	0.6697279219	0.7496597757	0.9453460802							
0.009	0.011	0.026	0.1451830979	0.1681391677	0.173615107	0.2176499887	0.283637728	0.3395007652	0.3311661159	0.4106823167	0.422973956	0.4238866434	0.4913193417	0.5269566863	0.5267162877	0.565509873	0.581411793	0.7433089515	0.8720138874	0.007	0.01	0.023	0.1430355083	0.1830236656	0.1632708315	0.2772839269	0.2626318939	0.2559021508	0.2901863247	0.2607665934	0.2798375335	0.3110793197	0.3636156253	0.3004812547	0.3047413277	0.4002297712	0.6017147035	0.789574	0.7992382556							
0.009	0.01	0.026	0.1353279196	0.2259934428	0.1863688412	0.305601808	0.4114054575	0.3492184615	0.4208006613	0.4515096114	0.4590334236	0.4663195305	0.5270136484	0.5425116144	0.5935997103	0.5723484436	0.6387008506	0.6037009855	0.6833883042	0.007	0.01	0.02	0.1452473353	0.2351432436	0.2251882736	0.23168405	0.2771012577	0.2714188282	0.2925577952	0.2754462967	0.2893061279	0.3004754705	0.2993845385	0.3116584775	0.3276752328	0.4402386853	0.4299001492	0.5823972837	0.5687402966							
0.009	0.01	0.04	0.051	0.1945691205	0.2120220919	0.3123524872	0.3717698052	0.385952386	0.4236522051	0.4266997233	0.4948143197	0.4834808422	0.5110685804	0.5282812957	0.5515113742	0.627884967	0.5926444416	0.5923222418	0.677072698	0.007	0.01	0.04	0.047	0.1802671526	0.1616137837	0.2566811981	0.2734343427	0.2631433686	0.298942537	0.3004790969	0.272866794	0.3018804206	0.3143571319	0.2850994915	0.2884793024	0.367521046	0.386980985	0.4194193455	0.4496195045							
0.009	0.015	0.05840599672	0.1264589752	0.1648278182	0.2396452563	0.2644840729	0.3700073337	0.4024536254	0.4488617193	0.4436398801	0.5159059331	0.4943892847	0.5016450909	0.5538348082	0.5110265974	0.568049966	0.5875773007	0.570599019	0.6422258811	0.007	0.012	0.05722805568	0.09162243455	0.1754524484	0.2030526743	0.2397537093	0.265841626	0.2671162807	0.2827410559	0.3012401459	0.2980519101	0.2937121119	0.3289152787	0.3546527123	0.3485870629	0.4112277273	0.3688384685	0.3839115488	0.4978204825							
0.009	0.017	0.025	0.08256526376	0.1477879859	0.2431287003	0.2777661119	0.3178379461	0.3666945055	0.4024358611	0.4522873227	0.4615465495	0.5285992438	0.545988077	0.4773932607	0.5231905744	0.5201563217	0.639406884	0.591678024	0.6345655265	0.007	0.013	0.023	0.0824681134	0.1360664597	0.2186746314	0.2357769111	0.2606471209	0.2884336304	0.3001182138	0.3083640413	0.309491598	0.327146007	0.324929735	0.320211987	0.3297282987	0.3178545637	0.3930006613	0.3741295754	0.4259666494							
0.009	0.017	0.025	0.1025863547	0.1385778964	0.1688935764	0.2731074615	0.343165944	0.3699330609	0.4007433247	0.4423541808	0.5238824565	0.5280619301	0.4650103517	0.5112993327	0.5336868412	0.5516670969	0.5803298521	0.5795689441	0.604535996	0.007	0.013	0.023	0.08756207037	0.1463517735	0.1817430729	0.2445337473	0.2362055594	0.2513928002	0.2799163516	0.325154015	0.3164546254	0.3067282128	0.3228565539	0.3800851697	0.382940286	0.4426052787	0.4404079464	0.4180232452	0.402617037							
0.009	0.017	0.025	0.1392357762	0.1556595118	0.1700819002	0.2171386923	0.3142041469	0.3551654685	0.3719287343	0.451399834	0.5002727852	0.4933193706	0.5618948546	0.5530723886	0.5718737942	0.5658021688	0.6017545365	0.5491932956	0.6304377742	0.007	0.013	0.023	0.1436811071	0.09946258703	0.1323986565	0.1919822098	0.2292871429	0.2551137233	0.256253973	0.3297234189	0.3178121319	0.3324941852	0.285304987	0.3699635674	0.37075249	0.3500212248	0.3980622747	0.4599269163	0.3643092927							
0.009	0.017	0.025	0.1056597159	0.09388715728	0.1743267848	0.1994563836	0.2830851419	0.3427971598	0.4068521439	0.4533098651	0.4844838162	0.5380221499	0.5181741948	0.541736038	0.6084388292	0.6127565305	0.5673533157	0.6109404915	0.6363555245	0.007	0.013	0.023	0.1039769906	0.1097509026	0.1740311888	0.1762367213	0.2368424525	0.2730748601	0.283071005	0.3096799221	0.3013625245	0.3574199797	0.3154531565	0.3399478322	0.3985953856	0.3557060832	0.33971874	0.3544415964	0.4758703477							
0.009	0.017	0.025	0.054	0.1097408487	0.2087926947	0.2204115934	0.2845936693	0.3252033397	0.4635968232	0.4434044925	0.4765584985	0.5216597083	0.542409902	0.6010331718	0.664958505	0.6393925255	0.6287132937	0.6272311309	0.6463116184	0.007	0.013	0.023	0.055	0.1373749132	0.1539850596	0.2072175534	0.2525983526	0.2673241229	0.3152847962	0.2765871668	0.3145491698	0.3686494281	0.3517829441	0.4958782422	0.392982629	0.356094813	0.4721539538	0.4458351588	0.4004000739							
0.009	0.017	0.025	0.054	0.114	0.1559536919	0.1895559077	0.2556083057	0.3198582038	0.3901738991	0.4536387742	0.509946021	0.6050840989	0.600302508	0.6265983267	0.6604837678	0.6213657992	0.564149688	0.7044161241	0.6376202468	0.007	0.013	0.023	0.055	0.123	0.1803557412	0.188363881	0.2439213836	0.2575349341	0.2970804745	0.285794951	0.3699776074	0.3227714965	0.3225233442	0.3847724778	0.3993624641	0.52487563	0.3390197692	0.7933367947	0.3949647043							
0.009	0.017	0.025	0.054	0.1308147027	0.1814106459	0.2424781379	0.2292975674	0.350193011	0.3683325974	0.4286555514	0.5103944505	0.457087958	0.5410788781	0.586170437	0.6136447433	0.6384767117	0.594087411	0.6049083692	0.6633218641	0.007	0.013	0.023	0.055	0.1068443888	0.2209479977	0.1970514895	0.2301033686	0.2442868661	0.2804441259	0.2920456064	0.3378301978	0.294433049	0.353007988	0.3118349698	0.4081474974	0.3693131281	0.4248032702	0.4531694328	0.5138484715							
0.009	0.017	0.025	0.054	0.114	0.1821697784	0.1992731773	0.2676198262	0.2940547562	0.3358074196	0.416308008	0.473135973	0.4915122068	0.5586360989	0.5538848764	0.6867625216	0.5855901347	0.6278828957	0.564466295	0.638721973	0.007	0.013	0.023	0.055	0.123	0.1085312054	0.2075391098	0.2212995045	0.2449503596	0.2938540919	0.2762825674	0.3058002917	0.3548593726	0.3933925984	0.3404456922	0.5294522334	0.359723555	0.3955594182	0.4408131419	0.4115292038							
0.009	0.017	0.025	0.1209965088	0.114	0.181	0.6140486722	0.3314770563	0.3549637832	0.4349204895	0.4792901139	0.5147363876	0.5491897852	0.5540052617	0.6957541351	0.601562603	0.6699084665	0.7544341694	0.7236358272	0.7037681868	0.007	0.013	0.023	0.09897942734	0.123	0.149	0.5535636955	0.2343733157	0.2520279251	0.2615716264	0.3198635095	0.2880750969	0.3125509101	0.3461326523	0.3648789846	0.3197724046	0.3471224457	0.3775077337	0.3959120961	0.4420112338							
0.009	0.017	0.025	0.054	0.114	0.1816661628	0.3480952388	0.2106367356	0.4294423976	0.4342173387	0.4570833736	0.5052163506	0.525638967	0.5617575355	0.6227015794	0.640104113	0.6464315399	0.5638250367	0.6495908185	0.7223831868	0.007	0.013	0.023	0.055	0.123	0.1804385894	0.2877528987	0.2088568698	0.298649513	0.2760523916	0.2781022947	0.3017511259	0.314122018	0.3439242617	0.3928286533	0.332678602	0.4657572235	0.3496530702	0.3585649585	0.4460748821							
0.009	0.06	0.05	0.1503255465	0.277901779	0.2832093065	0.2533441797	0.2832371815	0.2879071447	0.4532706184	0.4654411858	0.4939546284	0.5159166294	0.5650724196	0.5802277033	0.6528085355	0.7026433131	0.657186093	0.5916594783	0.6680926184	0.007	0.06	0.05	0.1265367707	0.23145306	0.1992817313	0.1831354759	0.2825709519	0.3164275219	0.275115558	0.2967626543	0.2999665674	0.3238724496	0.3751685724	0.3582455035	0.4025865514	0.4204686115	0.388295054	0.4050768771	0.3855936753							
0.009	0.017	0.08	0.237303126	0.2551374974	0.3001369419	0.3775904972	0.3036378143	0.3779736398	0.3886398364	0.437378873	0.4917867093	0.5086081978	0.5312953337	0.5489429341	0.5843101768	0.6472331059	0.5895259914	0.7147943161	0.7277112907	0.007	0.013	0.08	0.140233811	0.2176575147	0.2372759462	0.3270791645	0.2965819168	0.2791953756	0.2953999488	0.2900507043	0.3221837582	0.3438433057	0.365062962	0.3483007033	0.3606165624	0.3861511648	0.7006218551	0.6633765429	0.4875408032							
0.009	0.017	0.05463792584	0.1547912782	0.2282623866	0.2663772647	0.3341100839	0.4432366723	0.4172041566	0.4163555167	0.4766557056	0.4975116044	0.5153015035	0.5372022318	0.5505947552	0.5759146334	0.5781273616	0.6168664136	0.6516092172	0.7331701738	0.007	0.013	0.1213185891	0.1417907439	0.1623200205	0.2355808298	0.2475035315	0.286117521	0.2765775972	0.3565721482	0.4613397826	0.2985816044	0.3293454106	0.3498206454	0.3856434715	0.4043177532	0.397526012	0.4637223709	0.6460645079	0.5847071429							
0.009	0.01	0.04124312503	0.1494503227	0.2085551993	0.2470904831	0.3104428377	0.4113975547	0.3979210857	0.5361192174	0.571467634	0.5629759459	0.533234021	0.5297265744	0.5657736903	0.5549819481	0.6119614136	0.6495516154	0.6711608678	0.7118856913	0.007	0.01	0.04224748517	0.1382853504	0.1953645425	0.2655618921	0.2865686034	0.3104868318	0.3350428638	0.3741992755	0.3330068108	0.4452330699	0.2825545485	0.3150805634	0.3920837782	0.384068042	0.4750858611	0.3804038911	0.5192482029	0.6278886913							
0.009	0.017	0.05017621017	0.1491740547	0.2167713725	0.2556960318	0.3247165675	0.3304291917	0.3820896849	0.4457205055	0.4816053544	0.5102890477	0.5197398637	0.545010819	0.5736481325	0.6016238813	0.6372793468	0.61539103	0.6557629396	0.7126485922	0.007	0.0218	0.06331321486	0.1203693352	0.1859590276	0.2236277978	0.2664079348	0.2769228183	0.3011785743	0.3154678644	0.3318524494	0.3335432252	0.3187475465	0.349811401	0.375420422	0.3768535022	0.4289977746	0.4565392482	0.5184662179	0.506361039							
#	nsmpl_fsh_age(1	nfsh	1	nyrs_fish_age)																																										
200	200	200	200	200	200	200	200	200	200	200	200	200	200	200	200	200	200	200	200	200	200	200	200	200	200	200	200	200	200	200	200	200	200	200	200	200	200									
																																														
#	Survey	Biomass	and	SE	and	SE	#ERROR!	(sqrt(var)/1000)																																						
#	nsrv																																													
1																																														
#	nyrs_srv	(1	nsrv)																																											
38																																														
#	yrs_srv	(1	nsrv	1	nyrs_srv)																																									
1982	1983	1984	1985	1986	1987	1988	1989	1990	1991	1992	1993	1994	1995	1996	1997	1998	1999	2000	2001	2002	2003	2004	2005	2006	2007	2008	2009	2010	2011	2012	2013	2014	2015	2016	2017	2018	2019									
#	mo_srv	(1	nsrv)																																											
7																																														
#	obs_srv	(1	nsrv	1	nyrs_srv)																																									
#trawl	survey	biomass	without	pfc	(CRM	replaced	all	years;	standard	area)																																				
578.71413	714.09309	799.42346	693.06416	1021.22719	1269.57744	1478.96812	1323.29966	1382.91339	1585.25833	1548.68614	1994.67755	2723.80161	2179.96711	2062.35461	2605.53003	2168.83081	1619.89832	2073.29792	2336.75719	1879.62093	2109.10434	2193.97431	2114.32565	2216.31041	2036.43014	2032.94073	1541.08822	2065.75042	1977.89967	1920.81878	1753.20612	1858.05963	1414.16583	1461.84732	1340.06314	1051.13059	974.64619									
#	obs_se_srv	(1	nsrv	1	nyrs_srv)	without	fpc	adjustment																																						
74.08203932	81.85120137	81.82450969	58.77406744	83.74437854	91.22086749	101.5081618	91.0846285	89.01966808	95.96807158	112.2789938	122.0471673	223.2536159	130.5404761	121.9539156	190.3046896	123.5171697	162.0312645	317.0861081	259.0127983	171.4334764	196.1914947	183.5698352	150.2487606	149.9692829	278.9516237	300.6547652	159.0202197	203.3581217	164.5823474	185.8925668	136.5888516	129.3327409	130.4581385	130.9699853	100.070753	114.630131	91.63828952									
																																														
#	Survey	Age	Data																																											
#	nyrs_srv_age	Combined	and	split	sex																																									
0																																														
41																																														
#	yrs_srv_age	(1	nsrv	1	nyrs_srv_ages)																																									
1979	1980	1981	1982	1983	1984	1985	1986	1987	1988	1989	1990	1991	1992	1993	1994	1995	1996	1997	1998	1999	2000	2001	2002	2003	2004	2005	2006	2007	2008	2009	2010	2011	2012	2013	2014	2015	2016	2017	2018	2019						
#	nsmpl_srv	(1	nsrv	1	nyrs_srv_age)																																									
200	200	200	200	200	200	200	200	200	200	200	200	200	200	200	200	200	200	200	200	200	200	200	200	200	200	200	200	200	200	200	200	200	200	200	200	200	200	200	200	200						
#_oac_srv	1	2	3	4	5	6	7	8	9	10	11	12	13	14	15	16	17	18	19	20	1	2	3	4	5	6	7	8	9	10	11	12	13	14	15	16	17	18	19	20						
0	0	0.013661576	0.051697164	0.036799998	0.082886878	0.034086958	0.029412939	0.05813522	0.04299068	0.012896731	0.015592378	0.016825862	0.013244912	0.008324776	0.00405219	0.000167022	0	0.000133788	0	0	0	0.025189716	0.0902536	0.074215212	0.10065711	0.061960706	0.045287138	0.07553022	0.054815033	0.020341124	0.01829702	0.004104276	0.008173124	0	0.000266648	0	0	0	0							
0	0	0.046789312	0.068150161	0.083681263	0.046764591	0.04385675	0.023393029	0.019766637	0.066852476	0.049638926	0.019199304	0.014703745	0.009250399	0.007242537	0.003416223	0	0	0	0	0	0.01479647	0.081595919	0.034373693	0.124348187	0.05655478	0.029399097	0.024007757	0.034552772	0.057192096	0.019738114	0.01096922	0.002837028	0.006374087	0.000555428	0	0	0	0	0							
7.72E-05	0.029361925	0.046658726	0.104354288	0.025706018	0.115278831	0.027725153	0.014790604	0.01212739	0.018381148	0.038166429	0.016146618	0.013332874	0.005181051	0.008160487	0.003803894	0.000950219	0.000629711	0	0	0	0.061318734	0.052450439	0.087881174	0.039587885	0.155023015	0.020960423	0.011754307	0.023027205	0.035564966	0.017414737	0.005056202	0.002899321	0.00140226	0.003558827	0.00096807	0.000299842	0	0	0							
#Carey	replaced	1982	onward	(where	do	1979-1981	ages	come	from?)																																					
0	0.003195986	0.042868652	0.052885039	0.046425616	0.123799257	0.089202301	0.050622289	0.015701082	0.018906125	0.012887312	0.011640866	0.011640352	0.005946668	0.001992527	0.002765981	0.002450976	0	0.000467199	0	0	0.018515003	0.03413523	0.113710671	0.123820766	0.04531099	0.084008201	0.029845804	0.011693163	0.005719761	0.00530206	0.023884148	0.008503434	0.002152542	0	0	0	0	0	0							
0	0.001094027	0.078554483	0.065847735	0.079159259	0.040154325	0.052859176	0.0535295	0.023934704	0.023527586	0.01044543	0.013582749	0.020922245	0.010077323	0.006153098	0.006521243	0.001383366	0.000589074	0.000241622	0	0	0.017146435	0.094932478	0.092490197	0.100008865	0.048983429	0.037848211	0.049142596	0.023009436	0.016037453	0.005299766	0.007638014	0.008608365	0.005090914	0.004540151	0.000646745	0	0	0	0							
0	0.010770573	0.05872722	0.091034515	0.069306735	0.047945444	0.050905325	0.035500698	0.032190802	0.023104799	0.006341406	0.009074127	0.013610934	0.003747365	0.005093829	0.003494493	0.000565488	0	0.000565488	0	0	0.016781825	0.054521734	0.167357013	0.084785079	0.035765194	0.082115523	0.022800548	0.041212689	0.005772279	0.00570374	0.004294861	0.00138808	0.005227203	0.006484802	0.001738521	0.00138808	0	0	0.000683586							
0.001220717	0.01908748	0.036984383	0.119269186	0.119707459	0.049926434	0.044458628	0.037013184	0.0169251	0.028385918	0.006569588	0.003485136	0.001486581	0.002857463	0.006336004	0.008417947	0.001212319	0.000567717	0.000548644	0.002141318	0.001166702	0.019855529	0.060575504	0.139068031	0.129442106	0.066503445	0.027787538	0.018459288	0.014955661	0.007334742	0.001411049	0	0.000114599	0.000846833	0.003835213	0.000123391	0.000707179	0.001211983	0	0							
0	0	0.027713284	0.070466791	0.116181484	0.093611666	0.051263448	0.025956701	0.030602449	0.009856069	0.021433239	0.003901889	0.003699916	0.003393596	0.000976296	0.003542194	0.003147429	0.000127736	0	0.002265983	0	0	0.052734812	0.131627361	0.125688049	0.120564648	0.043211734	0.024378899	0.018586316	0	0.015068013	0	0	0	0	0	0	0	0	0							
0	0	0.033862041	0.095042996	0.062970658	0.081265504	0.09841671	0.02318068	0.015441213	0.01663963	0.012644025	0.023750406	0.005219214	0.001461348	0.001787376	0.000641682	0.001626901	0.000753095	0.000422631	0.00305454	0	0.002946649	0.091662979	0.083132042	0.127093901	0.067820237	0.072444	0.021862453	0.028665951	0.012154087	0	0.012506467	0	0	0	0	0.001530585	0	0	0							
0	0.013113248	0.078775904	0.071730492	0.145785362	0.040184112	0.049182265	0.04251543	0.024909843	0.007848241	0.015586033	0.005412177	0.008711156	0.006342685	0	0.000814537	0.001363699	0.005104601	0.001581032	0.001750671	0	0.022994156	0.056050868	0.118050885	0.094747626	0.077915573	0.062540889	0.018911373	0.012704203	0.00052246	0.004877743	0.005574398	0	0.000983614	0	0	0	0.002098967	0.001315756	0							
0	0.008599666	0.057668018	0.066213349	0.070373748	0.097458851	0.051721219	0.050819005	0.036674793	0.011520639	0.007908438	0.011266547	0.006644428	0.006875766	0.003948607	0.001443981	0.000313224	0.000313224	0.002425116	0.001665382	0	0.008383578	0.063904465	0.082070023	0.10107799	0.099822481	0.061749875	0.033769861	0.025989141	0.007866805	0.006125896	0.002741138	0.003571028	0.005119232	0	0.00215762	0	0	0	0.001796866							
0	0.001238853	0.041377746	0.129557603	0.094418183	0.054678256	0.054288439	0.029403041	0.03158623	0.017632154	0.009658445	0.004637266	0.004459033	0.00104219	0.00245408	0.000123843	0	0.000869915	0	0.002454799	0	0.000859708	0.067142341	0.178067191	0.093311782	0.048783091	0.072186593	0.00814839	0.019786904	0.01733909	0.004990049	0.001791111	0.00287119	0.000952629	0.002076807	0	0	0	0	0.001813047							
0	0	0.005289959	0.120368609	0.097907998	0.079708195	0.044584323	0.047056616	0.029304323	0.020183933	0.014639096	0.012672884	0.00473006	0.005066339	0.002923111	0.001478983	0	0.000382222	0.000528525	0.002844546	0	0.001201395	0.004906072	0.162167776	0.127149802	0.060256085	0.056006145	0.039313614	0.017733569	0.022416922	0.011827413	0.001144515	0.004046504	0.001276036	0.00088443	0	0	0	0	0							
0	0	0.019213967	0.038133587	0.124337824	0.116197591	0.050359359	0.04485272	0.026987464	0.02260339	0.022383162	0.01297456	0.007813482	0.005214812	0.003566951	0.001762674	0.00102118	0	0.001137187	0.00053549	0	0.000779344	0.011019089	0.035857664	0.178371519	0.113646026	0.03555224	0.059085586	0.027697653	0.00852141	0.010344148	0.006591631	0.006425799	0.004408718	0.001423689	0.000903524	0.000276559	0	0	0							
0	0.001141257	0.025478839	0.048720209	0.054357802	0.129080605	0.075721215	0.040542127	0.033229328	0.029462958	0.005480663	0.008974421	0.008561764	0.005019707	0.002663216	0.000854522	0	0	0.000408388	0.000408388	0	0.001945345	0.050999675	0.057289599	0.042140776	0.177043981	0.093025827	0.038414291	0.040960926	0.012393557	0.006743773	0.002618372	0.002332383	0.002529618	0.00107373	0	0	0	0	0.000382738							
0	0	0.015776959	0.055353831	0.046289822	0.039967395	0.131393866	0.094015784	0.036505671	0.01140313	0.024719268	0.013156283	0.007111435	0.007840328	0.003831887	0.002606962	0.000544442	0.000754293	0.001567118	0.001052262	0	0.002832949	0.017519575	0.088483269	0.043250612	0.050232765	0.167967394	0.053250865	0.034233335	0.01144121	0.018727753	0.006073855	0.003828237	0.00461549	0.002031691	0.000972296	0.000323982	0	0.000323982	0							
0	0	0	0.047424049	0.088089167	0.041951484	0.024625857	0.114722157	0.066987431	0.029637243	0.03152289	0.02379482	0.008811825	0.004262887	0.009274343	0	0.000946322	0.000337983	0.000337983	0.000850161	0	0	0.014521959	0.039897255	0.106161534	0.044418187	0.040173274	0.119989885	0.072256443	0.018885327	0.021292752	0.013783875	0.006377545	0.008665363	0	0	0	0	0	0							
0	0.000616161	0.037629564	0.019784513	0.034257294	0.083487289	0.025157772	0.050590746	0.099081838	0.065218163	0.016450314	0.007968039	0.013789764	0.004768534	0.004916292	0.005348901	0.001513108	0.000888924	0.000140272	0.0008912	0	0.00295943	0.055117793	0.024452931	0.035558877	0.102580244	0.029580341	0.04094832	0.117546936	0.063951665	0.021117494	0.01139814	0.009635022	0.002278816	0.005041591	0.00338016	0.001766978	0.000186573	0	0							
0	0	0.017184256	0.064425874	0.011967776	0.029340438	0.103395207	0.040670284	0.027361216	0.089529979	0.031341466	0.020431341	0.026756159	0.007196959	0.00860661	0.010851603	0.005307879	0.00245503	0	0.001183051	0	0.000280474	0.025884573	0.058324069	0.035390721	0.047648296	0.113159808	0.004495554	0.052916098	0.079997487	0.02540557	0.031973373	0.009203549	0.014789703	0.002525596	0	0	0	0	0							
0	0	0.009900767	0.031053509	0.033547609	0.029839363	0.040777171	0.075276211	0.023197319	0.021219239	0.112574661	0.055683781	0.018331028	0.011597667	0.01511395	0.002203274	0.002056154	0.001132258	0.001144862	0.002039872	0	0	0.015326212	0.043596076	0.054880126	0.031863004	0.060329049	0.109518094	0.027023421	0.039673508	0.054738245	0.05415419	0.016139613	0.001390195	0.001673053	0.001571629	0.001357197	6.20E-05	0	1.57E-05							
0	0	0.002834595	0.005140211	0.013845779	0.037649655	0.012202075	0.046818788	0.076532361	0.05276508	0.038271021	0.102111722	0.025330744	0.020429536	0.008309044	0.013189757	0.003138707	0.002291115	0.001535599	0.000234716	0	0	0.005436388	0.00883139	0.025511488	0.075037679	0.003472539	0.037514406	0.123249843	0.060030001	0.041271736	0.085679372	0.046611683	0.012142068	0.007000288	0.003641485	0.000517257	0.001421871	0	0							
0	0	0	0.020623777	0.017772621	0.027710756	0.047152183	0.028222692	0.035663522	0.07008759	0.052751258	0.042094092	0.091326258	0.041985065	0.023628885	0.022870773	0.005138407	0.000932697	0.000676689	0.001373234	0	0	0.005084535	0.04125706	0.011421919	0.017513793	0.063158086	0.016817879	0.079033108	0.102373801	0.037883114	0.035733327	0.036827929	0.011691928	0.005495959	0.002262072	0.002153907	0.00021633	0.000639691	0.000425063							
0	0.000893373	0.011261316	0.008729522	0.021074826	0.019125416	0.01659171	0.049902577	0.036730781	0.043422058	0.083041837	0.02289642	0.035101091	0.081836113	0.039328714	0.017902435	0.006433839	0.002211161	0.001572527	0.000510334	0	0.001641647	0.009803	0.016724206	0.053465195	0.033710306	0.026688923	0.059328141	0.022723851	0.093787505	0.055774779	0.036639022	0.039955291	0.032991466	0.008827402	0.003965003	0.001304036	0.003850736	0.000253445	0							
0	0.008376762	0.028132712	0.010497639	0.018888315	0.065577965	0.017381084	0.022459435	0.03378686	0.013626226	0.049491723	0.091273388	0.02712204	0.018997521	0.06993408	0.026578809	0.015260586	0.008429631	0.000720583	0.005142014	0	0.012269497	0.037263437	0.020281645	0.019732458	0.049578689	0.023340456	0.01249103	0.061964746	0.035422114	0.027424718	0.062051816	0.025631036	0.015526635	0.050594152	0.012455222	0.000229951	0.002065027	0	0							
0.000507297	0.028706501	0.057003645	0.025006555	0.024236266	0.008719266	0.046008788	0.02430255	0.021013038	0.023710011	0.008291072	0.01923649	0.069778455	0.013166545	0.020502029	0.06532407	0.01495837	0.012125412	0.005834165	0.004046156	0.000790324	0.05459963	0.078281238	0.041127237	0.02897775	0.016748933	0.040548514	0.018126723	0.003315956	0.007375075	0.011699715	0.046620897	0.07118808	0.01825588	0.028529715	0.023725801	0.009908048	0.002938345	0.004225061	0.000540395							
0	0.002356479	0.091650649	0.052069863	0.047628365	0.023900587	0.011296536	0.031471497	0.01004357	0.006941451	0.031733739	0.031675171	0.015546827	0.020769215	0.013663525	0.007922916	0.039608026	0.031523117	0.000511568	0.015450222	0	0.009175534	0.138546146	0.087236454	0.04051443	0.026484329	0.011120888	0.028416907	0.018311662	0	0.041796746	0.005445574	0.008725579	0.051654034	0.005445574	0.000555294	0.020192958	0.013237482	0	0.007377084							
0	0.012512348	0.067684725	0.105204063	0.061441089	0.011981535	0.013637957	0.012749266	0.026385373	0.006497347	0.010535746	0.005310108	0.010191618	0.020933944	0.020367154	0.014911246	0.01755419	0.017374266	0.016822915	0.011971091	0	0.007853698	0.124801388	0.122582028	0.088318272	0.021744287	0.032161777	0.018236275	0.01229924	0.006919237	0.004651101	0.00636305	0.000778187	0.025770868	0.010260535	0.007214212	0.008164507	0.025777933	0.004658202	0.007379219							
0	0.010020406	0.062774574	0.142755308	0.061634871	0.04146307	0.016636569	0.015648163	0.011017991	0.022544533	0.008438542	0.006706212	0.004775365	0.005668296	0.014618145	0.018211357	0.011722198	0.007938959	0.013748953	0.010101204	0	0.011608494	0.08135102	0.156289118	0.081098577	0.050648767	0.013453302	0.006049408	0.013989857	0.010339426	0.011179839	0.003976248	0.0093349	0.002145332	0.015506937	0.017098618	0.008891803	0.001187043	0.010568013	0.008858581							
0	0.003273428	0.031718758	0.062196102	0.085162257	0.074348438	0.048508205	0.024045262	0.008907063	0.019087047	0.016078017	0.015533266	0.014481813	0.015115343	0.013152412	0.018837262	0.011032245	0.012639412	0.011271226	0.013609136	6.09E-05	0.002532838	0.035839719	0.101470134	0.11512344	0.080971595	0.052993485	0.022847844	0.007518095	0.029201628	0.003975521	0.004446979	0.005865439	0.00455813	0.015592279	0.007267927	0.004331249	0.002237213	0.00320215	0.000966773							
0	0	0.034410636	0.042486796	0.079696695	0.077255627	0.091697489	0.032786011	0.012293203	0.01796077	0.022813624	0.006251679	0.011388186	0	0.003362503	0.012530821	0.017701129	0.021124227	0.002712232	0.025035111	0	0	0.042569296	0.055401442	0.070930261	0.11784592	0.06489224	0.055536619	0.010161569	0.00422208	0.011143373	0.018828311	0.003347065	0.003124428	0.005853013	0.000176582	0.009387873	0.007186839	0.003247509	0.004638841							
0	0.00050468	0.014898226	0.088112587	0.055332507	0.07721963	0.072647393	0.045460168	0.032345162	0.007885378	0.011635466	0.005733558	0.015148136	0.004001273	0.007993703	0.003502772	0.010936275	0.015110008	0.005443254	0.026736188	0	0.000601299	0.014729992	0.093113031	0.065390683	0.062447622	0.09468613	0.059282501	0.034246455	0.002463378	0.012534807	0.001118061	0.008584919	0.00582342	0.002949547	0.007218905	0.001592028	0.006859331	0.019132649	0.006578877							
0	0.000758882	0.013802093	0.047125346	0.065677473	0.065272921	0.051931936	0.086266133	0.047441224	0.033020982	0.005271727	0.019536435	0.007199415	0.015948011	0.005238393	0.008797194	0.004007548	0.004724312	0.007105037	0.030200322	0	0.001440716	0.008730928	0.045303005	0.084364643	0.053389555	0.063352824	0.062219662	0.057866067	0.020726104	0.023266088	0.008233718	0.00494145	0.008690855	0.002720035	0.004296659	0.001779894	0.004660381	0.013677484	0.011014547							
0	0	0.02022872	0.01255174	0.052328938	0.115193366	0.039306658	0.058297006	0.062093275	0.048452221	0.030699688	0.017756501	0.011824524	0.009112771	0.014412032	0.003473556	0.001934566	0.000581167	0.00258699	0.031689325	0	0	0.009430828	0.02595272	0.043387855	0.064236834	0.078766544	0.073528253	0.085557001	0.030163151	0.023432686	0.005951701	0.004701401	0.002446357	0.003021712	0	0.003228997	0.005760154	0.001251276	0.006659485							
0	0	0	0.007181867	0.029450865	0.036438175	0.080572362	0.037400373	0.09920524	0.079101601	0.048937391	0.019282273	0.005067719	0.012933669	0.003119841	0.012205412	0.004115324	0.003743532	0.002962768	0.021164154	0	0.000893304	0.004068838	0.010885612	0.04254949	0.067805001	0.086740599	0.052292277	0.024771754	0.074620926	0.03649642	0.013457473	0.003000235	0.017838437	0.010982696	0.028054899	0	0.003955779	0.005047074	0.013656619							
0	6.51E-05	0.007139427	0.004368585	0.006856731	0.012951593	0.028344144	0.084168637	0.079219199	0.071834305	0.055556024	0.045720566	0.021905911	0.002501857	0.009981686	0.002429827	0.012626669	0	0.003382098	0.031349046	0	8.92E-05	0.018643658	0.002447089	0.011718785	0.028986659	0.051630497	0.088978718	0.069155158	0.072879573	0.055540566	0.04880694	0.027404383	0.010824766	0.012465657	0.001143794	0.003028651	0.001884857	0.000424223	0.013545392							
0	0.002244636	0.014582094	0.024055884	0.010154281	0.00826644	0.002623768	0.001354476	0.081640894	0.046802679	0.062797636	0.120683491	0.009131186	0.030344112	0.010685728	0.022168424	0.001255276	0.011278541	0.006521964	0.025262646	0	0.005688968	0.025214726	0.025408991	0.002778739	0.00973963	0.008999976	0.022384724	0.063222579	0.034699866	0.069665857	0.083836663	0.075159329	0.010474076	0.006421134	0.010987668	0.001826393	0.004890771	0.009386351	0.037359403							
5.75E-05	0.001659455	0.026185421	0.030764318	0.029146668	0.005276521	0.007772518	0.019788586	0.014842155	0.072297312	0.069687782	0.055003382	0.054271944	0.025544457	0.015998089	0.014925196	0.003898961	0.001752996	0.00433192	0.018652267	0	0.00103601	0.04955403	0.037423932	0.039511291	0.00573611	0.007380478	0.018851561	0.041468839	0.114374415	0.059590491	0.04162136	0.05746221	0.02109591	0.009152666	0.002368598	0	0	0.007977124	0.013537489							
0	0.02206805	0.009766208	0.035662544	0.03510255	0.016754714	0.002814957	0.001581429	0.00600562	0.021168693	0.064299897	0.048272428	0.070791079	0.057438909	0.040640286	0.028606058	0.016261798	0.007295729	0.006677548	0.023194114	0.000204324	0.03155197	0.014237234	0.055794545	0.03411489	0.021709682	0.010628708	0.007370466	0.006391799	0.011800892	0.051007783	0.069969719	0.072609368	0.030319467	0.02648179	0.016067565	0.006565995	0.000410588	0.011138825	0.007221779							
0	0.049115554	0.110547952	0.022904771	0.026771308	0.022482629	0.013856395	0.010843154	0.00323167	0.002541004	0.018677664	0.068932814	0.047817057	0.029178832	0.045615382	0.024282326	0.007335963	0.001658605	1.97E-05	0.005721441	0.002170757	0.071127431	0.142883449	0.014917232	0.041361141	0.023167825	0.004180264	0	0.019187689	0.004662633	0.008905313	0.032857897	0.035491749	0.017681496	0.034885291	0.022395465	0.006346091	0.000905739	0	0.005338364							
0	0.010144395	0.117054861	0.076240257	0.011147137	0.038365183	0.01503346	0.024284627	0.007231891	0.015424398	0.005069872	0.017923022	0.054581713	0.027462694	0.030710481	0.042131195	0.024399322	0.009700898	0.002797556	0.00841611	0	0.016876347	0.112912263	0.103715547	0.01228053	0.050493868	0.010896794	0.0160576	0	0.004218413	0.016411765	0.007166337	0.030577011	0.019702813	0.020053096	0.020674162	0.014742787	0.002522128	0.000473471	0.002105998							
0	0.036968966	0.137800045	0.1021481	0.056557394	0.011860303	0.026014386	0.007049143	0.001204662	0.001374885	0.005344065	0.003076244	0.014266997	0.006664998	0.03991029	0.022951958	0.018886334	0.006832309	0.003051763	0.002884452	0	0.038698823	0.19139438	0.083159544	0.083265925	0.01040716	0.020305975	0.006277704	0.004086468	0.00985124	0	0.005357111	0.012046977	0.012459848	0.00307414	0.005587774	0	0.005496432	0.003515604	0.000167604							
#																																														
#	1000																																													
#	wt_srv	females	1	2	3	4	5	6	7	8	9	10	11	12	13	14	15	16	17	18	19	20
#Carey replaced 2001 onward with empirical weight at age w three yr rolling avg for ages 15 to 20 according to methods in doc
#Careys weights differed for older ages from Toms but the reason could not be pinned down	
#Carey left pre 2001 alone which is assumed to be calculated through the length weight relationship
#Note that wt_srv is the same as wt_pop 
0.009	0.015	0.03	0.059	0.112	0.183	0.267	0.363	0.439	0.489	0.577	0.57	0.612	0.667	0.714	0.79	0.862	0.939	0.889	0.815			
0.009	0.015	0.03	0.059	0.112	0.183	0.267	0.363	0.439	0.489	0.577	0.57	0.612	0.667	0.714	0.79	0.862	0.939	0.889	0.815			
0.009	0.015	0.03	0.059	0.112	0.183	0.267	0.363	0.439	0.489	0.577	0.57	0.612	0.667	0.714	0.79	0.862	0.939	0.889	0.815			
0.009	0.015	0.03	0.059	0.112	0.183	0.267	0.363	0.439	0.489	0.577	0.57	0.612	0.667	0.714	0.79	0.862	0.939	0.889	0.815			
0.009	0.015	0.03	0.059	0.112	0.183	0.267	0.363	0.439	0.489	0.577	0.57	0.612	0.667	0.714	0.79	0.862	0.939	0.889	0.815			
0.009	0.015	0.03	0.059	0.112	0.183	0.267	0.363	0.439	0.489	0.577	0.57	0.612	0.667	0.714	0.79	0.862	0.939	0.889	0.815			
0.009	0.015	0.03	0.059	0.112	0.183	0.267	0.363	0.439	0.489	0.577	0.57	0.612	0.667	0.714	0.79	0.862	0.939	0.889	0.815			
0.009	0.018	0.052	0.077	0.101	0.153	0.212	0.282	0.391	0.421	0.538	0.494	0.643	0.614	0.908	0.969	0.935	0.935	0.948	0.88			
0.009	0.013	0.032	0.102	0.154	0.2	0.277	0.312	0.431	0.418	0.497	0.466	0.608	0.63	0.817	0.864	0.992	1.08	1.022	0.88			
0.009	0.014	0.029	0.06	0.133	0.205	0.249	0.331	0.421	0.473	0.588	0.543	0.584	0.799	0.729	0.803	0.963	1.022	0.983	0.88			
0.009	0.021	0.033	0.068	0.152	0.249	0.33	0.397	0.511	0.503	0.615	0.62	0.539	0.615	0.717	0.757	0.896	1.013	0.993	0.91			
0.009	0.015	0.029	0.044	0.104	0.188	0.295	0.369	0.43	0.51	0.545	0.515	0.611	0.547	0.72	0.777	0.875	1.015	0.97	0.864			
0.009	0.015	0.034	0.065	0.115	0.205	0.339	0.494	0.521	0.487	0.614	0.598	0.634	0.746	0.647	0.755	0.866	1.02	0.956	0.864			
0.009	0.015	0.028	0.048	0.117	0.192	0.311	0.419	0.414	0.508	0.604	0.708	0.615	0.647	0.631	0.731	0.806	0.913	0.881	0.83			
0.009	0.016	0.025	0.055	0.093	0.175	0.236	0.38	0.495	0.559	0.609	0.564	0.566	0.723	0.661	0.727	0.801	0.908	0.87	0.83			
0.009	0.009	0.015	0.039	0.082	0.145	0.235	0.335	0.431	0.547	0.612	0.62	0.614	0.685	0.68	0.793	0.838	0.896	0.835	0.794			
0.009	0.009	0.022	0.031	0.072	0.117	0.184	0.306	0.349	0.462	0.549	0.574	0.705	0.667	0.694	0.802	0.856	0.855	0.798	0.819			
0.009	0.009	0.018	0.037	0.058	0.095	0.166	0.218	0.332	0.416	0.445	0.544	0.585	0.628	0.716	0.767	0.841	0.826	0.795	0.806			
0.009	0.009	0.022	0.031	0.082	0.108	0.182	0.228	0.305	0.41	0.534	0.629	0.555	0.645	0.72	0.79	0.854	0.851	0.828	0.826			
0.009	0.009	0.025	0.047	0.075	0.105	0.174	0.207	0.325	0.43	0.442	0.544	0.555	0.656	0.696	0.788	0.87	0.838	0.803	0.813			
0.009	0.009	0.025	0.039	0.072	0.112	0.157	0.218	0.268	0.39	0.41	0.465	0.681	0.673	0.666	0.729	0.869	0.803	0.785	0.812			
0.009	0.007	0.022	0.053	0.072	0.128	0.171	0.245	0.281	0.354	0.448	0.514	0.52	0.621	0.638	0.686	0.856	0.78	0.821	0.813			
0.009	0.016	0.021	0.045	0.082	0.102	0.173	0.199	0.238	0.344	0.393	0.418	0.468	0.665	0.632	0.66	0.808	0.782	0.824	0.81			
0.009	0.016	0.023	0.049	0.072	0.115	0.173	0.198	0.226	0.318	0.339	0.393	0.42	0.556	0.604	0.659	0.791	0.758	0.811	0.808			
0.009	0.016	0.017	0.029	0.045	0.086	0.114	0.178	0.237	0.245	0.32	0.387	0.437	0.489	0.591	0.646	0.745	0.737	0.803	0.838			
0.009	0.016	0	0.033	0.062	0.094	0.136	0.2	0.245	0.293	0.339	0.406	0.41	0.472	0.56	0.617	0.687	0.735	0.816	0.851			
#CRM replaced 2001 onward with empirical weight at age w three yr rolling avg for ages 15 to 20 according to methods in doc	
0	0.02	0.039142857	0.081333333	0.080307692	0.115636364	0.159111111	0.218	0.228625	0.299	0.3316	0.380333333	0.488666667	0.513225806	0.525396078	0.635083333	0.690666667	0.844842857	0.857022222	0.905944444			
0	0.015333333	0.039272727	0.077428571	0.111272727	0.12365	0.1804	0.233857143	0.271666667	0.342333333	0.350631579	0.425612903	0.4396	0.518	0.536773856	0.609845238	0.661717172	0.745033333	0.809355556	0.928462963			
0.003	0.011375	0.039511111	0.068941176	0.122133333	0.1304	0.194333333	0.215846154	0.3402	0.354615385	0.4692	0.401	0.483724138	0.589142857	0.559583125	0.594396313	0.685494949	0.692166667	0.7458	0.891113757			
0	0.036	0.035702703	0.090434783	0.197363636	0.201	0.424	0.278875	0.2952	0.463333333	0.455	0.581111111	0.591142857	0.55625	0.598648485	0.61856298	0.669956488	0.653711111	0.731	0.845098605			
0	0.013	0.031368421	0.070037037	0.144820513	0.229714286	0.228666667	0.294571429	0.332875	0.363	0.436333333	0.503	0.448	0.525111111	0.597137374	0.624504779	0.642683761	0.660933333	0.724051282	0.777646753			
0	0.013	0.023111111	0.045111111	0.099666667	0.153875	0.238	0.26125	0.329	0.3631	0.357142857	0.4895	0.455333333	0.485	0.588155556	0.606814815	0.602394872	0.661647619	0.708801282	0.742810774			
0	0.008	0.018181818	0.035	0.07	0.136909091	0.217714286	0.2505625	0.335666667	0.3402	0.4804	0.4255	0.512	0.574888889	0.593314286	0.549064815	0.6106	0.638603175	0.683570513	0.756325926			
0	0	0.017111111	0.038833333	0.06056	0.136333333	0.169794872	0.323	0.313	0.515142857	0.447846154	0.601333333	0.496	0	0.552580952	0.559583333	0.609711111	0.632343915	0.680852564	0.759533769			
0	0.008	0.014615385	0.031741935	0.056	0.1024	0.156809524	0.271548387	0.32016	0.348285714	0.3988	0.433666667	0.474909091	0.4484	0.564297619	0.623638889	0.63608547	0.601074074	0.707732194	0.756599296			
0	0.012	0.022	0.046777778	0.069538462	0.115333333	0.145565217	0.244564103	0.32472	0.370941176	0.479333333	0.448727273	0.447	0.619076923	0.564583333	0.630333333	0.692418803	0.600074074	0.61802963	0.72202206			
0	0	0.0352	0.076333333	0.144214286	0.170233333	0.1873	0.270368421	0.3475	0.396090909	0.475882353	0.5346	0.530428571	0.603666667	0.613842593	0.691444444	0.727974359	0.722444444	0.519362963	0.737139707			
0	0	0	0.038	0.089272727	0.1316	0.1817	0.2588	0.326666667	0.3868	0.474444444	0.562	0.616666667	0.68375	0.642259259	0.657349206	0.745833333	0.740666667	0.539733333	0.762791933			
0	0.01	0.033555556	0.107333333	0.107333333	0.137666667	0.241714286	0.235090909	0.342166667	0.378521739	0.444526316	0.572857143	0.623454545	0.68	0.64637037	0.759904762	0.706233333	0.536666667	0.663333333	0.764380663			
0	0.012	0.0308	0.0736	0.1016	0.184666667	0.142	0.134	0.33175	0.3598	0.451	0.532645161	0.645	0.615166667	0.722111111	0.718201058	0.7789	0.469238095	0.777333333	0.780953418			
0.006	0.013333333	0.032695652	0.087157895	0.129375	0.274	0.254	0.3448	0.3315	0.398777778	0.492222222	0.60475	0.5810625	0.656727273	0.728311111	0.740296296	0.7614	0.533015873	0.831466667	0.796670851			
0	0.019096774	0.0762	0.07796875	0.196181818	0.1891	0.275	0.248	0.416	0.447375	0.469058824	0.541214286	0.538047619	0.5571875	0.72665098	0.665157407	0.769619048	0.803749206	0.79855	0.848219357			
0	0.013055556	0.045681818	0.109333333	0.171230769	0.255941176	0.2936	0.313714286	0.385	0.6175	0.474714286	0.523692308	0.586277778	0.524153846	0.671684314	0.667805556	0.735244048	0.810844444	1.05055	0.897690342			
0.0015	0.010714286	0.04514	0.100678571	0.188909091	0.256243243	0.315333333	0.375285714	0.46325	0.427333333	0.457	0.500285714	0.539235294	0.609583333	0.650766365	0.670972222	0.756088492	0.783122222	0.961083333	0.914760603			
0	0.017066667	0.04234375	0.101185185	0.18866	0.266	0.41535	0.407555556	0.3925	0.405	0.557333333	0.679	0.56925	0.642461538	0.625648718	0.677756944	0.741077288	0.726674603	0.911777778	0.904533937			
0	0.017066667	0.04234375	0.101185185	0.18866	0.266	0.41535	0.407555556	0.3925	0.405	0.557333333	0.679	0.56925	0.642461538	0.625648718	0.677756944	0.741077288	0.726674603	0.911777778	0.904533937	#Same as 2019 value		
#	wt_srv_Males	0.002	0.003	0.004	0.005	0.006	0.007	0.008	0.009	0.01	0.011	0.012	0.013	0.014	0.015	0.016	0.017	0.018	0.019			
0.007	0.011	0.013	0.026	0.055	0.1	0.153	0.213	0.256	0.259	0.311	0.301	0.314	0.353	0.367	0.33	0.455	0.342	0.366	0.36			
0.007	0.011	0.013	0.026	0.055	0.1	0.153	0.213	0.256	0.259	0.311	0.301	0.314	0.353	0.367	0.33	0.455	0.342	0.366	0.36			
0.007	0.011	0.013	0.026	0.055	0.1	0.153	0.213	0.256	0.259	0.311	0.301	0.314	0.353	0.367	0.33	0.455	0.342	0.366	0.36			
0.007	0.011	0.013	0.026	0.055	0.1	0.153	0.213	0.256	0.259	0.311	0.301	0.314	0.353	0.367	0.33	0.455	0.342	0.366	0.36			
0.007	0.011	0.013	0.026	0.055	0.1	0.153	0.213	0.256	0.259	0.311	0.301	0.314	0.353	0.367	0.33	0.455	0.342	0.366	0.36			
0.007	0.011	0.013	0.026	0.055	0.1	0.153	0.213	0.256	0.259	0.311	0.301	0.314	0.353	0.367	0.33	0.455	0.342	0.366	0.36			
0.002	0.014	0.047	0.078	0.088	0.145	0.176	0.205	0.208	0.282	0.339	0.239	0.273	0.352	0.31	0.582	0.373	0.325	0.36	0.399			
0.002	0.014	0.047	0.078	0.088	0.145	0.176	0.205	0.208	0.282	0.339	0.239	0.273	0.352	0.31	0.582	0.373	0.325	0.36	0.399			
0.002	0.015	0.029	0.093	0.132	0.149	0.191	0.219	0.201	0.24	0.208	0.255	0.297	0.306	0.306	0.49	0.373	0.325	0.36	0.399			
0.002	0.018	0.023	0.053	0.12	0.13	0.198	0.216	0.228	0.284	0.256	0.251	0.292	0.293	0.294	0.447	0.346	0.325	0.36	0.399			
0.002	0.018	0.034	0.061	0.135	0.206	0.228	0.256	0.252	0.327	0.335	0.327	0.575	0.369	0.298	0.481	0.353	0.325	0.36	0.399			
0.002	0.018	0.027	0.037	0.092	0.168	0.261	0.252	0.253	0.26	0.299	0.327	0.575	0.369	0.3	0.501	0.357	0.325	0.36	0.399			
0.002	0.012	0.029	0.065	0.101	0.176	0.257	0.303	0.277	0.26	0.299	0.327	0.575	0.369	0.3	0.501	0.354	0.325	0.36	0.399			
0.002	0.014	0.022	0.049	0.11	0.172	0.233	0.301	0.337	0.438	0.324	0.278	0.345	0.458	0.302	0.538	0.352	0.342	0.36	0.399			
0.002	0.012	0.022	0.048	0.097	0.156	0.208	0.293	0.286	0.368	0.313	0.356	0.345	0.341	0.31	0.562	0.365	0.358	0.36	0.372			
0.002	0.006	0.014	0.033	0.066	0.125	0.203	0.29	0.305	0.292	0.314	0.377	0.336	0.398	0.32	0.542	0.363	0.374	0.36	0.35			
0.002	0.012	0.011	0.03	0.062	0.105	0.174	0.225	0.243	0.312	0.322	0.425	0.351	0.422	0.34	0.521	0.36	0.391	0.36	0.35			
0.002	0.008	0.013	0.031	0.053	0.089	0.166	0.202	0.244	0.234	0.323	0.311	0.345	0.318	0.347	0.477	0.376	0.407	0.36	0.35			
0.002	0.007	0.019	0.035	0.069	0.096	0.149	0.166	0.263	0.309	0.353	0.34	0.471	0.355	0.369	0.432	0.391	0.407	0.36	0.35			
0.002	0.011	0.02	0.041	0.066	0.093	0.143	0.216	0.216	0.242	0.286	0.317	0.361	0.362	0.383	0.42	0.399	0.407	0.368	0.377			
0.002	0.011	0.029	0.039	0.069	0.093	0.153	0.175	0.218	0.247	0.281	0.303	0.379	0.306	0.387	0.408	0.406	0.407	0.375	0.399			
0.002	0.006	0.02	0.045	0.07	0.113	0.152	0.205	0.205	0.232	0.302	0.294	0.245	0.359	0.352	0.391	0.42	0.422	0.383	0.399			
0.002	0.006	0.018	0.04	0.071	0.112	0.147	0.208	0.215	0.219	0.272	0.263	0.323	0.255	0.362	0.398	0.419	0.437	0.39	0.399			
0.002	0.006	0.023	0.041	0.072	0.083	0.148	0.174	0.225	0.225	0.232	0.257	0.245	0.325	0.356	0.407	0.417	0.478	0.398	0.399			
0.002	0.006	0.015	0.031	0.041	0.092	0.142	0.155	0.19	0.2	0.239	0.255	0.229	0.262	0.338	0.404	0.425	0.505	0.398	0.399			
0.002	0.006	0.015	0.038	0.034	0.068	0.12	0.163	0.205	0.205	0.23	0.26	0.277	0.269	0.318	0.382	0.406	0.52	0.406	0.399			
#CRM replaced 2001 onward with empirical weight at age w three yr rolling avg for ages 15 to 20 according to methods in doc	
0	0.022	0.029142857	0.065714286	0.073833333	0.101466667	0.138363636	0.189157895	0.244	0.232235294	0.238307692	0.319272727	0.344555556	0.372470588	0.398333333	0.387955556	0.373166667	0.463333333	0.394	0.156666667			
0	0.0162	0.03232	0.0695	0.09	0.1123125	0.166166667	0.22075	0.270421053	0.225333333	0.268857143	0.284071429	0.298571429	0.3005	0.379944444	0.385222222	0.405166667	0.408	0.394	0.156666667			
0.002	0.013304348	0.039111111	0.068083333	0.1068	0.11025	0.1816	0.162571429	0.387	0.277333333	0.3904	0.283846154	0.298818182	0.378285714	0.348344444	0.381377778	0.436166667	0.382888889	0.328	0.167111111			
0	0.023333333	0.04256	0.112	0.2066	0.154222222	0.186	0.3165	0.262	0	0.360153846	0.302	0.3864	0.338933333	0.324177778	0.4081	0.382190476	0.403822222	0.115333333	0.312711111			
0	0.014	0.026	0.067069767	0.148176471	0.188571429	0.234444444	0.2665	0.284	0.302	0.409	0.4024	0.428	0.279714286	0.319733333	0.406877778	0.36202381	0.396340741	0.243333333	0.422044444			
0	0.007714286	0.0172	0.046341463	0.098238095	0.154411765	0.214	0.2215	0.233428571	0.2536	0.2436	0.282666667	0.335666667	0.360666667	0.320066667	0.414319444	0.362801587	0.41122963	0.269272727	0.406574359			
0.004	0.007333333	0.014615385	0.037	0.076060606	0.130206897	0.183894737	0.230571429	0.28225	0.241	0.278	0.341333333	0.2955	0.2895	0.339447619	0.352708333	0.401896825	0.40922963	0.451828283	0.398307692			
0	0	0.017666667	0.031272727	0.050666667	0.123305556	0.151619048	0.238647059	0.254	0.236	0.351	0.299714286	0.325333333	0.342	0.342336508	0.396263889	0.400996825	0.434377778	0.447161616	0.439641026			
0	0.008	0.0158	0.030594595	0.056608696	0.092	0.159463415	0.21336	0.232923077	0.234	0.302	0.399	0.343428571	0.327	0.345603175	0.412	0.401219048	0.413118519	0.439755556	0.457911111			
0	0.013	0.029	0.034952381	0.07104	0.1011	0.129391304	0.188727273	0.264190476	0.317454545	0.2878	0.38	0.325333333	0.2865	0.356222222	0.389777778	0.405933333	0.397518519	0.3822	0.463216667			
0	0	0.034	0.054928571	0.078785714	0.1169375	0.178894737	0.222631579	0.28448	0.284727273	0.354909091	0.322	0.386	0.4035	0.371333333	0.227777778	0.413888889	0.39312963	0.4282	0.467438889			
0	0.012	0.0152	0.037666667	0.0832	0.140769231	0.181333333	0.194666667	0.2768	0.2948	0.327111111	0.296	0.444	0.328333333	0.391333333	0.212814815	0.281888889	0.355277778	0.45175	0.466652778			
0	0.008	0.045333333	0.04	0.091666667	0.174333333	0.162666667	0.207625	0.253818182	0.28	0.282666667	0.346428571	0.367538462	0.336	0.375866667	0.259481481	0.263111111	0.374833333	0.50275	0.473953283			
0	0.0144	0.035142857	0.07325	0.11	0.118	0.185	0.198	0.25	0.2432	0.289428571	0.340923077	0.362	0.4135	0.396088889	0.374814815	0.272222222	0.393055556	0.47325	0.467731061			
0	0.018	0.033625	0.093157895	0.142307692	0.146	0.24	0.27	0.2716	0.304266667	0.331636364	0.389333333	0.374571429	0.468333333	0.380088889	0.38	0.272222222	0.291722222	0.4693	0.452672727			
0.004	0.019310345	0.064	0.08865	0.1869375	0.203142857	0.179	0.266	0.342	0.271	0.338909091	0.332470588	0.322133333	0.408	0.394434343	0.39175	0.268	0.344666667	0.420411111	0.474			
0.0035	0.012090909	0.047509804	0.1010625	0.155428571	0.203083333	0.184	0	0.2976	0.265	0.221333333	0.329916667	0.305538462	0.482777778	0.362497835	0.409511905	0.287888889	0.361833333	0.280577778	0.508575758			
0	0.011357143	0.0372	0.101067797	0.175166667	0.220884615	0.24075	0.2602	0	0.3	0.30375	0.476	0.3012	0.353777778	0.372264502	0.402145238	0.418638889	0.536833333	0.289111111	0.544794805			
0	0.018	0.041825	0.0898	0.170944444	0.224375	0.303909091	0.30575	0.278	0.325333333	0.3075	0.363	0.412428571	0.328555556	0.380652381	0.3843	0.413372222	0.4822	0.288888889	0.559361472			
0	0.018	0.041825	0.0898	0.170944444	0.224375	0.303909091	0.30575	0.278	0.325333333	0.3075	0.363	0.412428571	0.328555556	0.380652381	0.3843	0.413372222	0.4822	0.288888889	0.559361472	# Same as 2019 value		
#	wt_pop_females	1	2	3	4	5	6	7	8	9	10	11	12	13	14	15	16	17	18	19	20	
0.009	0.015	0.03	0.059	0.112	0.183	0.267	0.363	0.439	0.489	0.577	0.57	0.612	0.667	0.714	0.79	0.862	0.939	0.889	0.815			
0.009	0.015	0.03	0.059	0.112	0.183	0.267	0.363	0.439	0.489	0.577	0.57	0.612	0.667	0.714	0.79	0.862	0.939	0.889	0.815			
0.009	0.015	0.03	0.059	0.112	0.183	0.267	0.363	0.439	0.489	0.577	0.57	0.612	0.667	0.714	0.79	0.862	0.939	0.889	0.815			
0.009	0.015	0.03	0.059	0.112	0.183	0.267	0.363	0.439	0.489	0.577	0.57	0.612	0.667	0.714	0.79	0.862	0.939	0.889	0.815			
0.009	0.015	0.03	0.059	0.112	0.183	0.267	0.363	0.439	0.489	0.577	0.57	0.612	0.667	0.714	0.79	0.862	0.939	0.889	0.815			
0.009	0.015	0.03	0.059	0.112	0.183	0.267	0.363	0.439	0.489	0.577	0.57	0.612	0.667	0.714	0.79	0.862	0.939	0.889	0.815			
0.009	0.015	0.03	0.059	0.112	0.183	0.267	0.363	0.439	0.489	0.577	0.57	0.612	0.667	0.714	0.79	0.862	0.939	0.889	0.815			
0.009	0.018	0.052	0.077	0.101	0.153	0.212	0.282	0.391	0.421	0.538	0.494	0.643	0.614	0.908	0.969	0.935	0.935	0.948	0.88			
0.009	0.013	0.032	0.102	0.154	0.2	0.277	0.312	0.431	0.418	0.497	0.466	0.608	0.63	0.817	0.864	0.992	1.08	1.022	0.88			
0.009	0.014	0.029	0.06	0.133	0.205	0.249	0.331	0.421	0.473	0.588	0.543	0.584	0.799	0.729	0.803	0.963	1.022	0.983	0.88			
0.009	0.021	0.033	0.068	0.152	0.249	0.33	0.397	0.511	0.503	0.615	0.62	0.539	0.615	0.717	0.757	0.896	1.013	0.993	0.91			
0.009	0.015	0.029	0.044	0.104	0.188	0.295	0.369	0.43	0.51	0.545	0.515	0.611	0.547	0.72	0.777	0.875	1.015	0.97	0.864			
0.009	0.015	0.034	0.065	0.115	0.205	0.339	0.494	0.521	0.487	0.614	0.598	0.634	0.746	0.647	0.755	0.866	1.02	0.956	0.864			
0.009	0.015	0.028	0.048	0.117	0.192	0.311	0.419	0.414	0.508	0.604	0.708	0.615	0.647	0.631	0.731	0.806	0.913	0.881	0.83			
0.009	0.016	0.025	0.055	0.093	0.175	0.236	0.38	0.495	0.559	0.609	0.564	0.566	0.723	0.661	0.727	0.801	0.908	0.87	0.83			
0.009	0.009	0.015	0.039	0.082	0.145	0.235	0.335	0.431	0.547	0.612	0.62	0.614	0.685	0.68	0.793	0.838	0.896	0.835	0.794			
0.009	0.009	0.022	0.031	0.072	0.117	0.184	0.306	0.349	0.462	0.549	0.574	0.705	0.667	0.694	0.802	0.856	0.855	0.798	0.819			
0.009	0.009	0.018	0.037	0.058	0.095	0.166	0.218	0.332	0.416	0.445	0.544	0.585	0.628	0.716	0.767	0.841	0.826	0.795	0.806			
0.009	0.009	0.022	0.031	0.082	0.108	0.182	0.228	0.305	0.41	0.534	0.629	0.555	0.645	0.72	0.79	0.854	0.851	0.828	0.826			
0.009	0.009	0.025	0.047	0.075	0.105	0.174	0.207	0.325	0.43	0.442	0.544	0.555	0.656	0.696	0.788	0.87	0.838	0.803	0.813			
0.009	0.009	0.025	0.039	0.072	0.112	0.157	0.218	0.268	0.39	0.41	0.465	0.681	0.673	0.666	0.729	0.869	0.803	0.785	0.812			
0.009	0.007	0.022	0.053	0.072	0.128	0.171	0.245	0.281	0.354	0.448	0.514	0.52	0.621	0.638	0.686	0.856	0.78	0.821	0.813			
0.009	0.016	0.021	0.045	0.082	0.102	0.173	0.199	0.238	0.344	0.393	0.418	0.468	0.665	0.632	0.66	0.808	0.782	0.824	0.81			
0.009	0.016	0.023	0.049	0.072	0.115	0.173	0.198	0.226	0.318	0.339	0.393	0.42	0.556	0.604	0.659	0.791	0.758	0.811	0.808			
0.009	0.016	0.017	0.029	0.045	0.086	0.114	0.178	0.237	0.245	0.32	0.387	0.437	0.489	0.591	0.646	0.745	0.737	0.803	0.838			
0.009	0.016	0	0.033	0.062	0.094	0.136	0.2	0.245	0.293	0.339	0.406	0.41	0.472	0.56	0.617	0.687	0.735	0.816	0.851		
#CRM replaced 2001 onward with empirical weight at age w three yr rolling avg for ages 15 to 20 according to methods in doc		
0	0.02	0.039142857	0.081333333	0.080307692	0.115636364	0.159111111	0.218	0.228625	0.299	0.3316	0.380333333	0.488666667	0.513225806	0.525396078	0.635083333	0.690666667	0.844842857	0.857022222	0.905944444			
0	0.015333333	0.039272727	0.077428571	0.111272727	0.12365	0.1804	0.233857143	0.271666667	0.342333333	0.350631579	0.425612903	0.4396	0.518	0.536773856	0.609845238	0.661717172	0.745033333	0.809355556	0.928462963			
0.003	0.011375	0.039511111	0.068941176	0.122133333	0.1304	0.194333333	0.215846154	0.3402	0.354615385	0.4692	0.401	0.483724138	0.589142857	0.559583125	0.594396313	0.685494949	0.692166667	0.7458	0.891113757			
0	0.036	0.035702703	0.090434783	0.197363636	0.201	0.424	0.278875	0.2952	0.463333333	0.455	0.581111111	0.591142857	0.55625	0.598648485	0.61856298	0.669956488	0.653711111	0.731	0.845098605			
0	0.013	0.031368421	0.070037037	0.144820513	0.229714286	0.228666667	0.294571429	0.332875	0.363	0.436333333	0.503	0.448	0.525111111	0.597137374	0.624504779	0.642683761	0.660933333	0.724051282	0.777646753			
0	0.013	0.023111111	0.045111111	0.099666667	0.153875	0.238	0.26125	0.329	0.3631	0.357142857	0.4895	0.455333333	0.485	0.588155556	0.606814815	0.602394872	0.661647619	0.708801282	0.742810774			
0	0.008	0.018181818	0.035	0.07	0.136909091	0.217714286	0.2505625	0.335666667	0.3402	0.4804	0.4255	0.512	0.574888889	0.593314286	0.549064815	0.6106	0.638603175	0.683570513	0.756325926			
0	0	0.017111111	0.038833333	0.06056	0.136333333	0.169794872	0.323	0.313	0.515142857	0.447846154	0.601333333	0.496	0	0.552580952	0.559583333	0.609711111	0.632343915	0.680852564	0.759533769			
0	0.008	0.014615385	0.031741935	0.056	0.1024	0.156809524	0.271548387	0.32016	0.348285714	0.3988	0.433666667	0.474909091	0.4484	0.564297619	0.623638889	0.63608547	0.601074074	0.707732194	0.756599296			
0	0.012	0.022	0.046777778	0.069538462	0.115333333	0.145565217	0.244564103	0.32472	0.370941176	0.479333333	0.448727273	0.447	0.619076923	0.564583333	0.630333333	0.692418803	0.600074074	0.61802963	0.72202206			
0	0	0.0352	0.076333333	0.144214286	0.170233333	0.1873	0.270368421	0.3475	0.396090909	0.475882353	0.5346	0.530428571	0.603666667	0.613842593	0.691444444	0.727974359	0.722444444	0.519362963	0.737139707			
0	0	0	0.038	0.089272727	0.1316	0.1817	0.2588	0.326666667	0.3868	0.474444444	0.562	0.616666667	0.68375	0.642259259	0.657349206	0.745833333	0.740666667	0.539733333	0.762791933			
0	0.01	0.033555556	0.107333333	0.107333333	0.137666667	0.241714286	0.235090909	0.342166667	0.378521739	0.444526316	0.572857143	0.623454545	0.68	0.64637037	0.759904762	0.706233333	0.536666667	0.663333333	0.764380663			
0	0.012	0.0308	0.0736	0.1016	0.184666667	0.142	0.134	0.33175	0.3598	0.451	0.532645161	0.645	0.615166667	0.722111111	0.718201058	0.7789	0.469238095	0.777333333	0.780953418			
0.006	0.013333333	0.032695652	0.087157895	0.129375	0.274	0.254	0.3448	0.3315	0.398777778	0.492222222	0.60475	0.5810625	0.656727273	0.728311111	0.740296296	0.7614	0.533015873	0.831466667	0.796670851			
0	0.019096774	0.0762	0.07796875	0.196181818	0.1891	0.275	0.248	0.416	0.447375	0.469058824	0.541214286	0.538047619	0.5571875	0.72665098	0.665157407	0.769619048	0.803749206	0.79855	0.848219357			
0	0.013055556	0.045681818	0.109333333	0.171230769	0.255941176	0.2936	0.313714286	0.385	0.6175	0.474714286	0.523692308	0.586277778	0.524153846	0.671684314	0.667805556	0.735244048	0.810844444	1.05055	0.897690342			
0.0015	0.010714286	0.04514	0.100678571	0.188909091	0.256243243	0.315333333	0.375285714	0.46325	0.427333333	0.457	0.500285714	0.539235294	0.609583333	0.650766365	0.670972222	0.756088492	0.783122222	0.961083333	0.914760603			
0	0.017066667	0.04234375	0.101185185	0.18866	0.266	0.41535	0.407555556	0.3925	0.405	0.557333333	0.679	0.56925	0.642461538	0.625648718	0.677756944	0.741077288	0.726674603	0.911777778	0.904533937			
0	0.017066667	0.04234375	0.101185185	0.18866	0.266	0.41535	0.407555556	0.3925	0.405	0.557333333	0.679	0.56925	0.642461538	0.625648718	0.677756944	0.741077288	0.726674603	0.911777778	0.904533937	# Same as 2019 value		
#	wt_pop_males	1	2	3	4	5	6	7	8	9	10	11	12	13	14	15	16	17	18	19	20	
0.007	0.011	0.013	0.026	0.055	0.1	0.153	0.213	0.256	0.259	0.311	0.301	0.314	0.353	0.367	0.33	0.455	0.342	0.366	0.36			
0.007	0.011	0.013	0.026	0.055	0.1	0.153	0.213	0.256	0.259	0.311	0.301	0.314	0.353	0.367	0.33	0.455	0.342	0.366	0.36			
0.007	0.011	0.013	0.026	0.055	0.1	0.153	0.213	0.256	0.259	0.311	0.301	0.314	0.353	0.367	0.33	0.455	0.342	0.366	0.36			
0.007	0.011	0.013	0.026	0.055	0.1	0.153	0.213	0.256	0.259	0.311	0.301	0.314	0.353	0.367	0.33	0.455	0.342	0.366	0.36			
0.007	0.011	0.013	0.026	0.055	0.1	0.153	0.213	0.256	0.259	0.311	0.301	0.314	0.353	0.367	0.33	0.455	0.342	0.366	0.36			
0.007	0.011	0.013	0.026	0.055	0.1	0.153	0.213	0.256	0.259	0.311	0.301	0.314	0.353	0.367	0.33	0.455	0.342	0.366	0.36			
0.002	0.014	0.047	0.078	0.088	0.145	0.176	0.205	0.208	0.282	0.339	0.239	0.273	0.352	0.31	0.582	0.373	0.325	0.36	0.399			
0.002	0.014	0.047	0.078	0.088	0.145	0.176	0.205	0.208	0.282	0.339	0.239	0.273	0.352	0.31	0.582	0.373	0.325	0.36	0.399			
0.002	0.015	0.029	0.093	0.132	0.149	0.191	0.219	0.201	0.24	0.208	0.255	0.297	0.306	0.306	0.49	0.373	0.325	0.36	0.399			
0.002	0.018	0.023	0.053	0.12	0.13	0.198	0.216	0.228	0.284	0.256	0.251	0.292	0.293	0.294	0.447	0.346	0.325	0.36	0.399			
0.002	0.018	0.034	0.061	0.135	0.206	0.228	0.256	0.252	0.327	0.335	0.327	0.575	0.369	0.298	0.481	0.353	0.325	0.36	0.399			
0.002	0.018	0.027	0.037	0.092	0.168	0.261	0.252	0.253	0.26	0.299	0.327	0.575	0.369	0.3	0.501	0.357	0.325	0.36	0.399			
0.002	0.012	0.029	0.065	0.101	0.176	0.257	0.303	0.277	0.26	0.299	0.327	0.575	0.369	0.3	0.501	0.354	0.325	0.36	0.399			
0.002	0.014	0.022	0.049	0.11	0.172	0.233	0.301	0.337	0.438	0.324	0.278	0.345	0.458	0.302	0.538	0.352	0.342	0.36	0.399			
0.002	0.012	0.022	0.048	0.097	0.156	0.208	0.293	0.286	0.368	0.313	0.356	0.345	0.341	0.31	0.562	0.365	0.358	0.36	0.372			
0.002	0.006	0.014	0.033	0.066	0.125	0.203	0.29	0.305	0.292	0.314	0.377	0.336	0.398	0.32	0.542	0.363	0.374	0.36	0.35			
0.002	0.012	0.011	0.03	0.062	0.105	0.174	0.225	0.243	0.312	0.322	0.425	0.351	0.422	0.34	0.521	0.36	0.391	0.36	0.35			
0.002	0.008	0.013	0.031	0.053	0.089	0.166	0.202	0.244	0.234	0.323	0.311	0.345	0.318	0.347	0.477	0.376	0.407	0.36	0.35			
0.002	0.007	0.019	0.035	0.069	0.096	0.149	0.166	0.263	0.309	0.353	0.34	0.471	0.355	0.369	0.432	0.391	0.407	0.36	0.35			
0.002	0.011	0.02	0.041	0.066	0.093	0.143	0.216	0.216	0.242	0.286	0.317	0.361	0.362	0.383	0.42	0.399	0.407	0.368	0.377			
0.002	0.011	0.029	0.039	0.069	0.093	0.153	0.175	0.218	0.247	0.281	0.303	0.379	0.306	0.387	0.408	0.406	0.407	0.375	0.399			
0.002	0.006	0.02	0.045	0.07	0.113	0.152	0.205	0.205	0.232	0.302	0.294	0.245	0.359	0.352	0.391	0.42	0.422	0.383	0.399			
0.002	0.006	0.018	0.04	0.071	0.112	0.147	0.208	0.215	0.219	0.272	0.263	0.323	0.255	0.362	0.398	0.419	0.437	0.39	0.399			
0.002	0.006	0.023	0.041	0.072	0.083	0.148	0.174	0.225	0.225	0.232	0.257	0.245	0.325	0.356	0.407	0.417	0.478	0.398	0.399			
0.002	0.006	0.015	0.031	0.041	0.092	0.142	0.155	0.19	0.2	0.239	0.255	0.229	0.262	0.338	0.404	0.425	0.505	0.398	0.399			
0.002	0.006	0.015	0.038	0.034	0.068	0.12	0.163	0.205	0.205	0.23	0.26	0.277	0.269	0.318	0.382	0.406	0.52	0.406	0.399	
#CRM replaced 2001 onward with empirical weight at age w three yr rolling avg for ages 15 to 20 according to methods in doc		
0	0.022	0.029142857	0.065714286	0.073833333	0.101466667	0.138363636	0.189157895	0.244	0.232235294	0.238307692	0.319272727	0.344555556	0.372470588	0.398333333	0.387955556	0.373166667	0.463333333	0.394	0.156666667			
0	0.0162	0.03232	0.0695	0.09	0.1123125	0.166166667	0.22075	0.270421053	0.225333333	0.268857143	0.284071429	0.298571429	0.3005	0.379944444	0.385222222	0.405166667	0.408	0.394	0.156666667			
0.002	0.013304348	0.039111111	0.068083333	0.1068	0.11025	0.1816	0.162571429	0.387	0.277333333	0.3904	0.283846154	0.298818182	0.378285714	0.348344444	0.381377778	0.436166667	0.382888889	0.328	0.167111111			
0	0.023333333	0.04256	0.112	0.2066	0.154222222	0.186	0.3165	0.262	0	0.360153846	0.302	0.3864	0.338933333	0.324177778	0.4081	0.382190476	0.403822222	0.115333333	0.312711111			
0	0.014	0.026	0.067069767	0.148176471	0.188571429	0.234444444	0.2665	0.284	0.302	0.409	0.4024	0.428	0.279714286	0.319733333	0.406877778	0.36202381	0.396340741	0.243333333	0.422044444			
0	0.007714286	0.0172	0.046341463	0.098238095	0.154411765	0.214	0.2215	0.233428571	0.2536	0.2436	0.282666667	0.335666667	0.360666667	0.320066667	0.414319444	0.362801587	0.41122963	0.269272727	0.406574359			
0.004	0.007333333	0.014615385	0.037	0.076060606	0.130206897	0.183894737	0.230571429	0.28225	0.241	0.278	0.341333333	0.2955	0.2895	0.339447619	0.352708333	0.401896825	0.40922963	0.451828283	0.398307692			
0	0	0.017666667	0.031272727	0.050666667	0.123305556	0.151619048	0.238647059	0.254	0.236	0.351	0.299714286	0.325333333	0.342	0.342336508	0.396263889	0.400996825	0.434377778	0.447161616	0.439641026			
0	0.008	0.0158	0.030594595	0.056608696	0.092	0.159463415	0.21336	0.232923077	0.234	0.302	0.399	0.343428571	0.327	0.345603175	0.412	0.401219048	0.413118519	0.439755556	0.457911111			
0	0.013	0.029	0.034952381	0.07104	0.1011	0.129391304	0.188727273	0.264190476	0.317454545	0.2878	0.38	0.325333333	0.2865	0.356222222	0.389777778	0.405933333	0.397518519	0.3822	0.463216667			
0	0	0.034	0.054928571	0.078785714	0.1169375	0.178894737	0.222631579	0.28448	0.284727273	0.354909091	0.322	0.386	0.4035	0.371333333	0.227777778	0.413888889	0.39312963	0.4282	0.467438889			
0	0.012	0.0152	0.037666667	0.0832	0.140769231	0.181333333	0.194666667	0.2768	0.2948	0.327111111	0.296	0.444	0.328333333	0.391333333	0.212814815	0.281888889	0.355277778	0.45175	0.466652778			
0	0.008	0.045333333	0.04	0.091666667	0.174333333	0.162666667	0.207625	0.253818182	0.28	0.282666667	0.346428571	0.367538462	0.336	0.375866667	0.259481481	0.263111111	0.374833333	0.50275	0.473953283			
0	0.0144	0.035142857	0.07325	0.11	0.118	0.185	0.198	0.25	0.2432	0.289428571	0.340923077	0.362	0.4135	0.396088889	0.374814815	0.272222222	0.393055556	0.47325	0.467731061			
0	0.018	0.033625	0.093157895	0.142307692	0.146	0.24	0.27	0.2716	0.304266667	0.331636364	0.389333333	0.374571429	0.468333333	0.380088889	0.38	0.272222222	0.291722222	0.4693	0.452672727			
0.004	0.019310345	0.064	0.08865	0.1869375	0.203142857	0.179	0.266	0.342	0.271	0.338909091	0.332470588	0.322133333	0.408	0.394434343	0.39175	0.268	0.344666667	0.420411111	0.474			
0.0035	0.012090909	0.047509804	0.1010625	0.155428571	0.203083333	0.184	0	0.2976	0.265	0.221333333	0.329916667	0.305538462	0.482777778	0.362497835	0.409511905	0.287888889	0.361833333	0.280577778	0.508575758			
0	0.011357143	0.0372	0.101067797	0.175166667	0.220884615	0.24075	0.2602	0	0.3	0.30375	0.476	0.3012	0.353777778	0.372264502	0.402145238	0.418638889	0.536833333	0.289111111	0.544794805			
0	0.018	0.041825	0.0898	0.170944444	0.224375	0.303909091	0.30575	0.278	0.325333333	0.3075	0.363	0.412428571	0.328555556	0.380652381	0.3843	0.413372222	0.4822	0.288888889	0.559361472			
0	0.018	0.041825	0.0898	0.170944444	0.224375	0.303909091	0.30575	0.278	0.325333333	0.3075	0.363	0.412428571	0.328555556	0.380652381	0.3843	0.413372222	0.4822	0.288888889	0.559361472	# Same as 2019 value		
#	maturity	(1	nages)	
#   Carey made no changes to maturity for 2020 assessment																																										
0	0	0	0	0.001	0.008	0.061	0.2	0.505	0.75	0.888	0.929	0.955	0.979	0.983	0.991	0.996	0.997	0.997	0.997																											
0	0	0	0	0.001	0.008	0.061	0.2	0.505	0.75	0.888	0.929	0.955	0.979	0.983	0.991	0.996	0.997	0.997	0.997																											
0	0	0	0	0.001	0.008	0.061	0.2	0.505	0.75	0.888	0.929	0.955	0.979	0.983	0.991	0.996	0.997	0.997	0.997																											
0	0	0	0	0.001	0.008	0.061	0.2	0.505	0.75	0.888	0.929	0.955	0.979	0.983	0.991	0.996	0.997	0.997	0.997																											
0	0	0	0	0.001	0.008	0.061	0.2	0.505	0.75	0.888	0.929	0.955	0.979	0.983	0.991	0.996	0.997	0.997	0.997																											
0	0	0	0	0.001	0.008	0.061	0.2	0.505	0.75	0.888	0.929	0.955	0.979	0.983	0.991	0.996	0.997	0.997	0.997																											
0	0	0	0	0.001	0.008	0.061	0.2	0.505	0.75	0.888	0.929	0.955	0.979	0.983	0.991	0.996	0.997	0.997	0.997																											
0	0	0	0	0.001	0.008	0.061	0.2	0.505	0.75	0.888	0.929	0.955	0.979	0.983	0.991	0.996	0.997	0.997	0.997																											
0	0	0	0	0.001	0.008	0.061	0.2	0.505	0.75	0.888	0.929	0.955	0.979	0.983	0.991	0.996	0.997	0.997	0.997																											
0	0	0	0	0.001	0.008	0.061	0.2	0.505	0.75	0.888	0.929	0.955	0.979	0.983	0.991	0.996	0.997	0.997	0.997																											
0	0	0	0	0.001	0.008	0.061	0.2	0.505	0.75	0.888	0.929	0.955	0.979	0.983	0.991	0.996	0.997	0.997	0.997																											
0	0	0	0	0.001	0.008	0.061	0.2	0.505	0.75	0.888	0.929	0.955	0.979	0.983	0.991	0.996	0.997	0.997	0.997																											
0	0	0	0	0.001	0.008	0.061	0.2	0.505	0.75	0.888	0.929	0.955	0.979	0.983	0.991	0.996	0.997	0.997	0.997																											
0	0	0	0	0.001	0.008	0.061	0.2	0.505	0.75	0.888	0.929	0.955	0.979	0.983	0.991	0.996	0.997	0.997	0.997																											
0	0	0	0	0.001	0.008	0.061	0.2	0.505	0.75	0.888	0.929	0.955	0.979	0.983	0.991	0.996	0.997	0.997	0.997																											
0	0	0	0	0.001	0.008	0.061	0.2	0.505	0.75	0.888	0.929	0.955	0.979	0.983	0.991	0.996	0.997	0.997	0.997																											
0	0	0	0	0.001	0.008	0.061	0.2	0.505	0.75	0.888	0.929	0.955	0.979	0.983	0.991	0.996	0.997	0.997	0.997																											
0	0	0	0	0.001	0.008	0.061	0.2	0.505	0.75	0.888	0.929	0.955	0.979	0.983	0.991	0.996	0.997	0.997	0.997																											
0	0	0	0	0.001	0.008	0.061	0.2	0.505	0.75	0.888	0.929	0.955	0.979	0.983	0.991	0.996	0.997	0.997	0.997																											
0	0	0	0	0.001	0.008	0.061	0.2	0.505	0.75	0.888	0.929	0.955	0.979	0.983	0.991	0.996	0.997	0.997	0.997																											
0	0	0	0	0.001	0.008	0.061	0.2	0.505	0.75	0.888	0.929	0.955	0.979	0.983	0.991	0.996	0.997	0.997	0.997																											
0	0	0	0	0.001	0.008	0.061	0.2	0.505	0.75	0.888	0.929	0.955	0.979	0.983	0.991	0.996	0.997	0.997	0.997																											
0	0	0	0	0.001	0.008	0.061	0.2	0.505	0.75	0.888	0.929	0.955	0.979	0.983	0.991	0.996	0.997	0.997	0.997																											
0	0	0	0	0.001	0.008	0.061	0.2	0.505	0.75	0.888	0.929	0.955	0.979	0.983	0.991	0.996	0.997	0.997	0.997																											
0	0	0	0	0.001	0.008	0.061	0.2	0.505	0.75	0.888	0.929	0.955	0.979	0.983	0.991	0.996	0.997	0.997	0.997																											
0	0	0	0	0.001	0.008	0.061	0.2	0.505	0.75	0.888	0.929	0.955	0.979	0.983	0.991	0.996	0.997	0.997	0.997																											
0	0	0	0	0.001	0.008	0.061	0.2	0.505	0.75	0.888	0.929	0.955	0.979	0.983	0.991	0.996	0.997	0.997	0.997																											
0	0	0	0	0.001	0.008	0.061	0.2	0.505	0.75	0.888	0.929	0.955	0.979	0.983	0.991	0.996	0.997	0.997	0.997																											
0	0	0	0	0.001	0.008	0.061	0.2	0.505	0.75	0.888	0.929	0.955	0.979	0.983	0.991	0.996	0.997	0.997	0.997																											
0	0	0	0	0.001	0.008	0.061	0.2	0.505	0.75	0.888	0.929	0.955	0.979	0.983	0.991	0.996	0.997	0.997	0.997																											
0	0	0	0	0.001	0.008	0.061	0.2	0.505	0.75	0.888	0.929	0.955	0.979	0.983	0.991	0.996	0.997	0.997	0.997																											
0	0	0	0	0.001	0.008	0.061	0.2	0.505	0.75	0.888	0.929	0.955	0.979	0.983	0.991	0.996	0.997	0.997	0.997																											
0	0	0	0	0.001	0.008	0.061	0.2	0.505	0.75	0.888	0.929	0.955	0.979	0.983	0.991	0.996	0.997	0.997	0.997																											
0	0	0	0	0.001	0.008	0.061	0.2	0.505	0.75	0.888	0.929	0.955	0.979	0.983	0.991	0.996	0.997	0.997	0.997																											
0	0	0	0	0.001	0.008	0.061	0.2	0.505	0.75	0.888	0.929	0.955	0.979	0.983	0.991	0.996	0.997	0.997	0.997																											
0	0	0	0	0.001	0.008	0.061	0.2	0.505	0.75	0.888	0.929	0.955	0.979	0.983	0.991	0.996	0.997	0.997	0.997																											
0	0	0	0	0.001	0.008	0.061	0.2	0.505	0.75	0.888	0.929	0.955	0.979	0.983	0.991	0.996	0.997	0.997	0.997																											
0	0	0	0	0.001	0.008	0.061	0.2	0.505	0.75	0.888	0.929	0.955	0.979	0.983	0.991	0.996	0.997	0.997	0.997																											
0	0	0	0	0.001	0.008	0.061	0.2	0.505	0.75	0.888	0.929	0.955	0.979	0.983	0.991	0.996	0.997	0.997	0.997																											
0	0	0	0	0.001	0.008	0.061	0.2	0.505	0.75	0.888	0.929	0.955	0.979	0.983	0.991	0.996	0.997	0.997	0.997																											
0	0	0	0	0.001	0.008	0.061	0.2	0.505	0.75	0.888	0.929	0.955	0.979	0.983	0.991	0.996	0.997	0.997	0.997																											
0	0	0	0	0.001	0.008	0.061	0.2	0.505	0.75	0.888	0.929	0.955	0.979	0.983	0.991	0.996	0.997	0.997	0.997																											
0	0	0	0	0.001	0.008	0.061	0.2	0.505	0.75	0.888	0.929	0.955	0.979	0.983	0.991	0.996	0.997	0.997	0.997																											
0	0	0	0	0.001	0.008	0.061	0.2	0.505	0.75	0.888	0.929	0.955	0.979	0.983	0.991	0.996	0.997	0.997	0.997																											
0	0	0	0	0.001	0.008	0.061	0.2	0.505	0.75	0.888	0.929	0.955	0.979	0.983	0.991	0.996	0.997	0.997	0.997	# Same as 2018 value																										
0	0	0	0	0.001	0.008	0.061	0.2	0.51_nrs05	0.75	0.888	0.929	0.955	0.979	0.983	0.991	0.996	0.997	0.997	0.997																											
#	old	schedule																																												
#	init_age_comp	Flag	whether	initial	age	comp	independent	or	not	(0	#ERROR!	NOT)																																		
1																																														
#	Number	of	q	(catchability)	environmental	covariates	(by	number	of	surveys)																																				
0																																														
#	spawnmo																																													
2																																														
#	Survey	1	month																																											
7																																														
#	Sample	size	for	wts	at	age	1982-2010	20-Jan	
#  These sample sizes assumed not used and make no sense to Carey																																					
2	24	40	49	87	77	57	79	39	44	42	53	53	41	19	16	12	4	4	16																											
0	1	3	29	43	94	95	45	60	45	38	61	55	43	51	20	13	10	0	20																											
0	0	11	55	82	79	79	61	53	56	58	38	42	43	53	34	21	12	5	34																											
0	0	5	33	89	125	60	80	67	38	45	41	37	40	44	42	24	20	3	42																											
0	0	2	9	40	86	162	53	66	48	46	34	39	30	35	27	32	11	12	27																											
0	0	1	20	26	173	89	122	45	39	42	31	34	22	24	29	24	23	25	29																											
0	0	2	3	52	7	146	69	51	12	19	15	18	31	19	10	12	12	16	10																											
0	0	1	6	27	121	31	199	89	59	13	16	27	19	28	17	10	8	22	17																											
0	0	2	18	27	62	151	31	187	58	56	12	13	17	9	26	21	13	14	26																											
0	0	1	20	44	19	45	134	15	170	38	57	11	17	12	19	24	18	7	19																											
0	0	1	31	57	54	23	26	91	11	98	14	32	11	14	19	12	18	12	19																											
0	0	3	11	36	58	32	21	21	111	8	93	15	17	8	9	13	16	8	9																											
0	2	6	9	17	45	78	45	32	21	94	1	61	5	25	10	5	8	16	10																											
0	0	3	35	33	26	79	67	22	21	7	85	3	96	13	12	18	11	14	12																											
0	0	5	16	122	36	28	44	43	28	17	21	71	14	89	15	12	16	15	15																											
0	0	10	40	51	84	21	18	37	18	11	16	12	46	6	30	7	11	8	30																											
0	0	7	15	41	49	101	31	27	32	35	33	15	16	21	9	40	20	14	9																											
0	0	2	32	48	55	57	176	33	25	57	42	26	12	16	32	20	41	21	32																											
0	0	1	4	29	23	28	63	92	20	30	25	21	12	15	16	24	24	30	16																											
0	2	1	15	31	80	42	59	64	88	34	11	21	13	11	17	11	21	8	17																											
0	0	11	22	28	45	120	56	55	43	75	32	15	32	19	20	14	15	23	20																											
0	0	6	24	43	42	41	158	35	44	24	36	17	9	20	18	13	11	14	18																											
1	13	24	42	89	81	42	40	112	24	15	20	24	12	5	20	19	12	9	20																											
0	6	27	48	31	71	59	26	47	94	15	12	15	20	10	7	16	11	12	7																											
0	1	20	40	44	28	48	34	18	22	41	9	10	9	8	9	3	8	12	9																											
0	1	13	105	73	79	47	83	39	19	32	57	15	19	16	12	14	18	16	12																											
0	0	4	16	119	102	99	68	75	34	21	35	53	16	11	11	20	11	13	11																											
0	1	7	18	27	144	90	95	48	39	38	18	17	35	13	9	7	10	14	9																											
0	0	9	45	70	66	149	82	80	32	35	21	15	16	23	14	8	14	21	11																											
0	0	9	45	70	66	149	82	80	32	35	21	15	16	23	14	8	14	21	11																											
0	0	9	45	70	66	149	82	80	32	35	21	15	16	23	14	8	14	21	11																											
#	May	SST	anomalies	from	Pribs	1954	-	2010	(same	length	as	model)																																		
#   code says this is a growth covariate from styr to endyr 1975 to 2020
0.4	0.413157895	0.083157895	-0.186842105	1.143157895	1.173157895	0.423157895	0.743157895	0.583157895	0.493157895	0.113157895	0.383157895	0.373157895	0.303157895	1.213157895	0.543157895	0.753157895	0.483157895	-0.986842105	-0.586842105	-0.296842105	0.443157895	-0.526842105	-1.146842105	0.573157895	1.143157895	1.213157895	0.973157895	1.573157895	-0.756842105	0.463157895	-0.756842105	-0.966842105	-0.896842105	0.343157895	-0.226842105	-0.076842105	-0.216842105	-0.346842105	-0.616842105	0.703157895	-0.486842105	-0.776842105	0.363157895	0	0	
# EOF check																																														
123456																																														
																																														
																																														
																																														
																																														
																																														
																																														
																																														
																																														
