#endyr_in
2020
#nages
20
#a_lw_f
0.00618
#b_lw_f
3.1765
#a_lw_m
0.00505
#b_lw_m
3.2243
#nfsh
1
#obs_catch
 12.014 9.964 5.319 7.038 5.874 8.798 9.021 11.843 13.619 37.679 18.75 19.611 40.822 86.366 68.912 35.253 56.0575 52.7227 64.2615 59.6068 55.0291 46.9292 67.8148 33.644 41.0898 49.6679 29.4768 41.8668 36.0861 48.6809 37.3625 36.4559 37.1261 51.2762 48.7158 53.2004 60.5345 75.9451 59.7513 51.6901 45.4676 45.0838 35.2215 28.269 25.8 25.8
#nyrs_fsh_age_c
 0
#nyrs_fsh_age_s
 38
#yrs_fsh_age_c

#yrs_fsh_age_s
 1979 1980 1981 1982 1983 1984 1985 1986 1987 1988 1989 1990 1991 1992 1993 1994 1998 1999 2000 2001 2002 2003 2004 2005 2006 2007 2008 2009 2010 2011 2012 2013 2014 2015 2016 2017 2018 2019
#oac_fsh_c

#oac_fsh_s
 0 0 0 0.000209215 0.000164187 0.00105274 0.00855397 0.0430108 0.16303 0.165336 0.0530752 0.0546635 0.0552296 0.0440693 0.0226745 0.0156178 0.000257722 0 0.000109669 0 0 0 0 8.34e-005 0.000490169 0.00071514 0.0105632 0.0220274 0.0504313 0.0891616 0.0634365 0.0741637 0.0421945 0.0171758 0 0.00250299 0 0 0 0
 0 0 0.0083923 0.0426667 0.0619307 0.0339029 0.069585 0.0435024 0.0345273 0.108745 0.0818106 0.0306045 0.0370014 0.0252498 0.0207391 0.00746879 0 0 0 0 0 0.00412853 0.0402993 0.0201805 0.0871304 0.0456849 0.0250792 0.0244199 0.0326448 0.0612131 0.0242412 0.0149257 0.0046968 0.00772301 0.00150626 0 0 0 0 0
 0 9.56e-005 0.0247216 0.0443374 0.0170981 0.135341 0.044579 0.0232841 0.0221222 0.0351523 0.103036 0.0432597 0.0373161 0.0124538 0.0230018 0.0108101 0.00200773 0.000948094 0 0 0 0.00248542 0.0436621 0.0666117 0.036742 0.170666 0.0218895 0.0124747 0.01907 0.0310787 0.0132297 0.000801575 0.00057788 0.000216239 0.000654309 0.000208782 6.71e-005 0 0 0
 0 0 0.0228433 0.0232455 0.02486 0.102162 0.120397 0.103473 0.043176 0.0521799 0.036704 0.0310351 0.0305334 0.0175662 0.00289661 0.00559083 0.00364145 0 0.000893811 0 0 0.00266761 0.0139902 0.0321786 0.0267495 0.0297795 0.08528 0.0483209 0.0167171 0.0211927 0.0189697 0.0525051 0.0229909 0.00745944 0 0 0 0 0 0
 0 0 0.000588229 0.00996645 0.0288763 0.0259604 0.0783695 0.102075 0.0809289 0.0778122 0.0435105 0.0550334 0.110537 0.0526074 0.0392626 0.0393162 0.0075649 0.00464746 0.00150149 0 0 0 0.000159053 0.0085962 0.024337 0.0145772 0.028159 0.046841 0.0145069 0.0192653 0.00306176 0.0114916 0.0311677 0.0187086 0.0161173 0.00445347 0 0 0 0
 0 0 0.00118123 0.0120689 0.0220672 0.0250627 0.0428066 0.0503348 0.0871745 0.0688083 0.0395793 0.0437519 0.0728678 0.0449348 0.041574 0.0319648 0.0090742 0 0.0090742 0 0 0.00221028 0.0103237 0.0670165 0.0413492 0.0176607 0.0650918 0.0318807 0.0603858 0.015145 0.0113024 0.0145822 0.00354485 0.0166578 0.0118675 0.0128456 0.00354485 0 0 0.0122657
 0 0.00161257 0.00765731 0.0503106 0.102398 0.0602491 0.0635485 0.0608005 0.0319531 0.0525167 0.0132678 0.00646384 0.00275998 0.0057615 0.0137919 0.0172102 0.00225967 0.00218053 0.00154366 0.00409828 0 0.00735846 0.0284209 0.0918442 0.149259 0.0956978 0.0417413 0.0305614 0.0243179 0.0145571 0.00274121 0.000177466 0.00153442 0.007084 0.000539536 0.00153566 0.00224608 0 0 0
 0 0 0 0.00216573 0.0338487 0.0705868 0.085543 0.0652861 0.0934052 0.0353335 0.0917138 0.0146466 0.0146426 0.0135543 0.00455297 0.0130549 0.0128471 0.000433488 0 0.0123717 0 0 0.00615786 0.0263261 0.0798486 0.151453 0.0731684 0.0406468 0.0303352 0 0.0280773 0 0 0 0 0 0 0 0 0
 0 0 0.0117429 0.0363151 0.0282694 0.074118 0.145732 0.0443389 0.0267349 0.0307078 0.0249669 0.046963 0.0104157 0.00294368 0.00357015 0.00179279 0.00344148 0.00262337 0.000828639 0.00513328 0 0.000453553 0.0206048 0.0348645 0.0855514 0.0818842 0.127711 0.0414543 0.0510153 0.0249067 0 0.0278926 0 0 0 0 0.00302369 0 0 0
 0 0 0.00369231 0.00753921 0.0980767 0.0476505 0.0784407 0.0760005 0.0495462 0.0164351 0.0375632 0.0133538 0.0204531 0.0153377 0 0.00217492 0.0032546 0.0117845 0.00382722 0.00461344 0 0.000727802 0.00343509 0.0234886 0.0834618 0.12815 0.136874 0.0479537 0.038455 0.00226799 0.0147268 0.0133213 0 0.00464416 0 0 0 0.00797763 0.00477258 0
 0 6.74e-005 0.000900255 0.00781905 0.0320034 0.104736 0.0720494 0.0943765 0.0774478 0.0269036 0.0195251 0.0287651 0.0155577 0.0237553 0.0142206 0.00405958 0.00124015 0.00124015 0.0129599 0.00985688 0 0.000145763 0.00228764 0.0206002 0.0735003 0.109794 0.0810777 0.0462145 0.0423843 0.0235376 0.012929 0.00560115 0.00604701 0.0139579 0 0.0121412 0 0 0 0.00229791
 0 0 0.00271205 0.0247631 0.0312153 0.050564 0.0669836 0.105965 0.0506072 0.027975 0.0257767 0.00359777 0.0207874 0.00782112 0.00985425 0.00595594 0.00373396 0 0 0.00599972 0 0 0.00648194 0.0604748 0.0567778 0.137462 0.108774 0.0787842 0.0355074 0.0274438 0.0220183 0.00363704 0.00828412 0.00588432 0.00207944 0 0 0.00207944 0 0
 0 3.89e-005 0.00402827 0.0145572 0.0103146 0.0168605 0.0195539 0.0674483 0.0434998 0.0485833 0.0420078 0.018448 0.0106511 0.00957875 0.00471554 0.00828737 0.000438528 0.00118717 0.000714297 0.00470538 0 0.000442471 0.0165186 0.0311688 0.0177893 0.059586 0.0850934 0.157466 0.10805 0.0654299 0.037692 0.0272753 0.0168043 0.0102401 0.0143088 0.00971352 0.0082654 0.00279176 0.000675283 0.00507055
 0 0 0.000122335 0.000231458 0.00893588 0.0120547 0.019947 0.0453251 0.0572885 0.0152623 0.0459727 0.0310932 0.0129785 0.012025 0.00701106 0.00168938 0.00751122 0.00321405 0.00310637 0.0049501 0 0 0.00305104 0.00941276 0.0505908 0.0460885 0.0595892 0.154876 0.12162 0.0614085 0.0810203 0.0437274 0.0136536 0.0185226 0.011489 0.000723663 0.0310796 0.00119527 0.00114573 0.00208641
 0 0 0 0 0 0.00584811 0.0198315 0.0366266 0.0329001 0.122228 0.0192544 0.0297762 0.0242506 0.00615335 0.0048851 0.00335117 0.00295648 0.00273168 0.00201278 0.00431978 0 0 0 0 0 0.0283809 0.0681663 0.0956654 0.119101 0.246275 0.0207688 0.0284932 0.0285454 0.011438 0.00144822 0.0010703 0.00832729 0.0109353 0.0125323 0.00172607
 0 0 0 0.000488566 0 0.00188441 0.0234515 0.039561 0.0499963 0.0632718 0.0577925 0.0182619 0.0301787 0.0240108 0.00846686 0.00717883 0.00281734 0.000702777 0.00402341 0.00341753 0 0 0 0.00355805 0 0.0115233 0.0843081 0.174023 0.0798756 0.0871988 0.123849 0.0219198 0.0355842 0.0186339 0.00862799 0.00804246 0.000451463 6.01e-005 0.00630724 0.000532944
 0 0 0 0 0.00229411 0.00201734 0.00921319 0.0196705 0.0127021 0.0239933 0.102422 0.0706199 0.0487678 0.0519799 0.0136421 0.0108194 0.0207402 0.0125178 0.00239518 0.00608394 0 0 0 0 0.00462873 0.00250327 0.00669208 0.0328857 0.0307414 0.0758381 0.210126 0.0944207 0.0322498 0.0357389 0.0205641 0.00768593 0.019202 0.0155746 0.000404612 0.0008656
 0 0 0 0 0.00672298 0.00729914 0.0104073 0.00727275 0.0378935 0.0210685 0.0397478 0.187553 0.0697695 0.046722 0.0337664 0.00767441 0.00623451 0.00512574 0.00148002 0.00556801 0 0 0 0 0.00587472 0.0058778 0.013178 0.00862195 0.0920998 0.0322875 0.0782003 0.176113 0.046488 0.0153146 0.0230834 0.00678039 0.000553255 0.000225659 0.000340979 0.000655448
 0 0 0 0 0.00371102 0.00586802 0.00618014 0.0129765 0.0362397 0.0707613 0.0207113 0.0540297 0.159944 0.0617496 0.0260139 0.0197976 0.0173536 0.00338925 0.00518316 0.00114856 0 0 0 0 0.00759643 0.00296658 0.0080226 0.0114433 0.0252109 0.130907 0.051119 0.0463184 0.108557 0.0442757 0.0331593 0.0123602 0.00534728 0.00316711 0.00342171 0.00106995
 0 0 0 0 0.00393835 0.0195086 0.0231388 0.014498 0.0196992 0.027602 0.082286 0.0451805 0.0603891 0.100886 0.0661558 0.0183234 0.0211017 0.00697881 0.00392019 0.0076261 0 0 0 0 0.0101243 0.0116411 0.0238222 0.0326615 0.0274951 0.0644938 0.117962 0.0444796 0.049819 0.056808 0.0276156 0.00777045 0.00308226 0.000501716 0.000256275 0.000234638
 0 0 0 0.00160725 0.00239505 0.00905092 0.0114344 0.01288 0.0373204 0.0245857 0.0465061 0.0728989 0.0417161 0.0496805 0.093212 0.0402514 0.0197999 0.0279908 0.00468645 0.00160777 0 0 0 0.0026005 0.00654506 0.0214617 0.0120058 0.0146384 0.0522206 0.0493943 0.0719968 0.114901 0.0371244 0.00853894 0.068273 0.0338202 0.00611103 0.00204612 0.000385995 0.000312446
 0 0.000240534 0 0.00347728 0.00971799 0.00804687 0.0204909 0.0149987 0.017065 0.0366025 0.0206554 0.0686284 0.0863942 0.038244 0.0493201 0.0570686 0.0465141 0.0131173 0.00812723 0.00612038 0 0.00109899 0.000263565 0.00890028 0.00644639 0.0211166 0.0275517 0.0391049 0.0415291 0.0449291 0.0376308 0.0469997 0.0793654 0.0363838 0.0302542 0.0383762 0.0183855 0.00867748 0.00395996 0.00419683
 0 4.72e-005 0.000129315 0 0.00422308 0.02113 0.00921894 0.0197849 0.025697 0.00809269 0.0597255 0.0386842 0.0578269 0.104414 0.0388339 0.0121362 0.0859289 0.0316878 0.0181875 0.0198092 0 0.000138998 0.000421594 0 0.0107333 0.0170575 0.0118193 0.0314649 0.0405005 0.0326964 0.0628266 0.0285689 0.0297072 0.0804272 0.0217717 0.013855 0.0275641 0.0195536 0.00610417 0.00923149
 0 0 0.000975482 0.00617982 0.0128136 0.0126304 0.0221085 0.0116838 0.0300761 0.0367573 0.0283943 0.0385492 0.0341678 0.0469873 0.0852049 0.037935 0.0447484 0.0499894 0.023962 0.0355042 0 0 0.00341525 0.0120336 0.033739 0.0253363 0.0444708 0.0168397 0.0364244 0.0657564 0.0278973 0.0339984 0.0188621 0.0303887 0.0265939 0.0190192 0.00945311 0.0249316 0.00610161 0.00607095
 0 0 0 0.00197956 0.0126141 0.0274431 0.0236641 0.0259942 0.0252433 0.0411159 0.0364061 0.032416 0.0376682 0.0246029 0.0394942 0.0979461 0.0368479 0.0198875 0.0513872 0.0461549 0 0 0 0.00495285 0.0241208 0.0315428 0.0246115 0.032026 0.032134 0.0225767 0.0142423 0.0224473 0.0320707 0.0205183 0.0341203 0.0521319 0.0128466 0.0190448 0.0239693 0.0157784
 0 0 0 0.00180547 0.00983951 0.0279614 0.0495716 0.0225211 0.0494578 0.0325853 0.067084 0.0312099 0.028083 0.0170761 0.0225858 0.0276275 0.054566 0.0280108 0.0332643 0.0941579 0 0 0 0.00458809 0.0270557 0.0362619 0.0454539 0.0515014 0.042918 0.028126 0.0291482 0.0150403 0.0252375 0.0120964 0.00750585 0.0195975 0.0084777 0.00892721 0.01397 0.0266867
 0 0 0 0.00377341 0.00505106 0.0236076 0.0402524 0.0513636 0.0413523 0.0830376 0.0339432 0.0418246 0.0343413 0.0204503 0.0359973 0.036193 0.0434815 0.0456709 0.0201801 0.0763242 0 0 0 0.00699483 0.00827559 0.0160156 0.0392981 0.0426001 0.0353981 0.0513543 0.0104126 0.0182148 0.0168734 0.0228244 0.0136883 0.00875985 0.0262795 0.0175492 0.00471818 0.0238986
 0 0 0 0.00154532 0.00154023 0.00947147 0.0346811 0.0617348 0.0653922 0.030506 0.0487303 0.0332005 0.0454631 0.0282706 0.0265405 0.0254182 0.025634 0.0194781 0.0656184 0.0523551 0 0 0 0.00331729 0.00457838 0.0253892 0.050589 0.0680771 0.0713065 0.0303286 0.0500248 0.0216062 0.0059697 0.0134403 0.0137502 0.0180958 0.00954145 0.0107478 0.0167658 0.0108921
 0 0 0 0 0.00191796 0.0156124 0.0213637 0.0424619 0.0793889 0.0441619 0.0305825 0.0682297 0.0358781 0.0249958 0.0205181 0.0132369 0.0142787 0.0238603 0.0240508 0.0908595 0 0 0 0 0.00829316 0.0131799 0.052297 0.0704393 0.0897538 0.0807488 0.0263418 0.0288262 0.00527466 0.0214136 0.0019218 0.0046817 0.00892713 0.00539551 0.0124236 0.018685
 0 0 0 0 0 0.00335512 0.00994135 0.0609704 0.0694653 0.0895502 0.0951376 0.0302853 0.022405 0.013125 0.0217555 0.0123586 0.0278382 0.00464502 0.0126851 0.0853999 0 0 0 0 0 0.0153706 0.0189118 0.0515432 0.10654 0.0784357 0.0556036 0.0178259 0.034505 0.0114681 0.00855735 0.0115878 0.00315979 0.00411588 0.000444155 0.0230132
 0 0 0 0 0.000722961 0.00569227 0.0235078 0.0437558 0.0447139 0.087236 0.143347 0.0550268 0.0307152 0.0354834 0.0213863 0.0153592 0.0146463 0.00702545 0.0109142 0.0676944 0 0 0 0 0.00176374 0.00834938 0.0331095 0.041599 0.0439248 0.0935601 0.0860937 0.0212677 0.0144258 0.0112256 0.0105653 0.00622404 0.0104745 0.0014068 0.000883813 0.00789931
 0 0 0 0 0 0.00330641 0.0144841 0.0552867 0.0704988 0.0702441 0.105976 0.0682535 0.0370466 0.0258186 0.00813035 0.0139233 0.0198219 0.00804619 0.00491683 0.0371266 0 0 0 0 0 0.00182653 0.0105285 0.0842513 0.0603367 0.0583835 0.0698137 0.0790164 0.0251027 0.0100347 0.00756572 0.00303058 0.0149751 0.00667895 0.00129114 0.0242841
 0 0 0 0.000532352 0 0 0.00201915 0.00652105 0.044834 0.0451788 0.0862683 0.113216 0.0961636 0.0381044 0.00498425 0.0215105 0.00320539 0.00465828 0.00625552 0.0355527 0 0 0 0.000962332 0 0 0.000160525 0.0120027 0.086936 0.0647397 0.0465795 0.123491 0.0559855 0.0427853 0.00878881 0.0203719 0.00414091 0.00868603 0.0062011 0.00916425
 0 0 0 0 0 0.000396303 0.00418202 0.000416621 0.0181803 0.07871 0.0487629 0.0736038 0.0894754 0.0706765 0.0287772 0.00748812 0.00832568 0.00568027 0.00646319 0.0218971 0 0 0 0 0 0.00233081 0.00829297 0.00461489 0.024295 0.124737 0.0843349 0.0838951 0.0915916 0.0506703 0.0175416 0.0125283 0.00494522 0.00465691 0.00852494 0.0140054
 0 0.00012413 0.000123479 0.0014619 0.000913611 0.00713657 0.00417169 0.000625391 0.000852036 0.0294118 0.104692 0.0954199 0.0903187 0.0969086 0.0570936 0.0204189 0.00326468 0.0122607 0.00524568 0.0235903 0 0.000385469 0.000403106 0.00293092 0.00734738 0.0105689 0.00496168 0.00719902 0.0113596 0.0330373 0.0804058 0.0809015 0.0585518 0.0427964 0.0526423 0.0142321 0.00588284 0.00928742 0.00572517 0.0173476
 0 0 0.000366465 0.00240424 0.00574617 0.013256 0.00533819 0.00596315 0.00679006 0.00303522 0.0184314 0.142814 0.089267 0.0815548 0.0900767 0.0558101 0.0210577 0.00761593 0.00743866 0.0196708 0 0 0.00165785 0.00350376 0.00716525 0.0147029 0.00356297 0.0134517 0.011606 0.00798898 0.0297561 0.0824056 0.0715354 0.0731863 0.0325142 0.0350942 0.0245198 0.000449694 0.0020242 0.00823921
 0 0 0.000235998 0.00341611 0.00703944 0.0145464 0.0176924 0.0178738 0.00503087 0.00977633 0.010126 0.0411825 0.128018 0.106919 0.0659945 0.0643877 0.0401121 0.0334043 0.00506442 0.0231721 0 0 0.000973841 0.00988356 0.00820666 0.0170111 0.0148868 0.0145015 0.0072769 0.00759049 0.0083702 0.0320822 0.0928012 0.0702051 0.0493405 0.0352018 0.019654 0.0105437 0.00052068 0.00695804
 0 0.00012581 0.00378927 0.0116223 0.0145202 0.00780557 0.0157155 0.0132308 0.0123117 0.00762798 0.0169432 0.0147602 0.0410984 0.128748 0.100433 0.0673421 0.0956841 0.0295104 0.00992745 0.0218011 0 0.000690657 0.0102222 0.0281997 0.0327557 0.0185938 0.027357 0.0226261 0.0135153 0.00690386 0.0148922 0.015248 0.0278339 0.0638032 0.039352 0.0323541 0.0122878 0.0101183 0.00647985 0.00376935
#wt_fsh_in
 0.009 0.015 0.03 0.059 0.112 0.183 0.267 0.363 0.439 0.489 0.577 0.57 0.612 0.667 0.714 0.79 0.862 0.939 0.889 0.815 0.007 0.011 0.013 0.026 0.055 0.1 0.153 0.213 0.256 0.259 0.311 0.301 0.314 0.353 0.367 0.33 0.455 0.342 0.366 0.36
 0.009 0.015 0.03 0.059 0.112 0.183 0.267 0.363 0.439 0.489 0.577 0.57 0.612 0.667 0.714 0.79 0.862 0.939 0.889 0.815 0.007 0.011 0.013 0.026 0.055 0.1 0.153 0.213 0.256 0.259 0.311 0.301 0.314 0.353 0.367 0.33 0.455 0.342 0.366 0.36
 0.009 0.015 0.03 0.059 0.112 0.183 0.267 0.363 0.439 0.489 0.577 0.57 0.612 0.667 0.714 0.79 0.862 0.939 0.889 0.815 0.007 0.011 0.013 0.026 0.055 0.1 0.153 0.213 0.256 0.259 0.311 0.301 0.314 0.353 0.367 0.33 0.455 0.342 0.366 0.36
 0.009 0.015 0.03 0.059 0.112 0.183 0.267 0.363 0.439 0.489 0.577 0.57 0.612 0.667 0.714 0.79 0.862 0.939 0.889 0.815 0.007 0.011 0.013 0.026 0.055 0.1 0.153 0.213 0.256 0.259 0.311 0.301 0.314 0.353 0.367 0.33 0.455 0.342 0.366 0.36
 0.009 0.015 0.03 0.059 0.112 0.183 0.267 0.363 0.439 0.489 0.577 0.57 0.612 0.667 0.714 0.79 0.862 0.939 0.889 0.815 0.007 0.011 0.013 0.026 0.055 0.1 0.153 0.213 0.256 0.259 0.311 0.301 0.314 0.353 0.367 0.33 0.455 0.342 0.366 0.36
 0.009 0.015 0.03 0.059 0.112 0.183 0.267 0.363 0.439 0.489 0.577 0.57 0.612 0.667 0.714 0.79 0.862 0.939 0.889 0.815 0.007 0.011 0.013 0.026 0.055 0.1 0.153 0.213 0.256 0.259 0.311 0.301 0.314 0.353 0.367 0.33 0.455 0.342 0.366 0.36
 0.009 0.015 0.03 0.059 0.112 0.183 0.267 0.363 0.439 0.489 0.577 0.57 0.612 0.667 0.714 0.79 0.862 0.939 0.889 0.815 0.007 0.011 0.013 0.026 0.055 0.1 0.153 0.213 0.256 0.259 0.311 0.301 0.314 0.353 0.367 0.33 0.455 0.342 0.366 0.36
 0.009 0.015 0.03 0.059 0.112 0.183 0.267 0.363 0.439 0.489 0.577 0.57 0.612 0.667 0.714 0.79 0.862 0.939 0.889 0.815 0.007 0.011 0.013 0.026 0.055 0.1 0.153 0.213 0.256 0.259 0.311 0.301 0.314 0.353 0.367 0.33 0.455 0.342 0.366 0.36
 0.009 0.015 0.03 0.059 0.112 0.183 0.267 0.363 0.439 0.489 0.577 0.57 0.612 0.667 0.714 0.79 0.862 0.939 0.889 0.815 0.007 0.011 0.013 0.026 0.055 0.1 0.153 0.213 0.256 0.259 0.311 0.301 0.314 0.353 0.367 0.33 0.455 0.342 0.366 0.36
 0.009 0.015 0.03 0.059 0.112 0.183 0.267 0.363 0.439 0.489 0.577 0.57 0.612 0.667 0.714 0.79 0.862 0.939 0.889 0.815 0.007 0.011 0.013 0.026 0.055 0.1 0.153 0.213 0.256 0.259 0.311 0.301 0.314 0.353 0.367 0.33 0.455 0.342 0.366 0.36
 0.009 0.015 0.03 0.059 0.112 0.183 0.267 0.363 0.439 0.489 0.577 0.57 0.612 0.667 0.714 0.79 0.862 0.939 0.889 0.815 0.007 0.011 0.013 0.026 0.055 0.1 0.153 0.213 0.256 0.259 0.311 0.301 0.314 0.353 0.367 0.33 0.455 0.342 0.366 0.36
 0.009 0.015 0.03 0.059 0.112 0.183 0.267 0.363 0.439 0.489 0.577 0.57 0.612 0.667 0.714 0.79 0.862 0.939 0.889 0.815 0.007 0.011 0.013 0.026 0.055 0.1 0.153 0.213 0.256 0.259 0.311 0.301 0.314 0.353 0.367 0.33 0.455 0.342 0.366 0.36
 0.009 0.015 0.03 0.059 0.112 0.183 0.267 0.363 0.439 0.489 0.577 0.57 0.612 0.667 0.714 0.79 0.862 0.939 0.889 0.815 0.007 0.011 0.013 0.026 0.055 0.1 0.153 0.213 0.256 0.259 0.311 0.301 0.314 0.353 0.367 0.33 0.455 0.342 0.366 0.36
 0.009 0.015 0.03 0.059 0.112 0.183 0.267 0.363 0.439 0.489 0.577 0.57 0.612 0.667 0.714 0.79 0.862 0.939 0.889 0.815 0.007 0.011 0.013 0.026 0.055 0.1 0.153 0.213 0.256 0.259 0.311 0.301 0.314 0.353 0.367 0.33 0.455 0.342 0.366 0.36
 0.009 0.015 0.03 0.059 0.112 0.183 0.267 0.363 0.439 0.489 0.577 0.57 0.612 0.667 0.714 0.79 0.862 0.939 0.889 0.815 0.007 0.011 0.013 0.026 0.055 0.1 0.153 0.213 0.256 0.259 0.311 0.301 0.314 0.353 0.367 0.33 0.455 0.342 0.366 0.36
 0.009 0.015 0.03 0.059 0.112 0.183 0.267 0.363 0.439 0.489 0.577 0.57 0.612 0.667 0.714 0.79 0.862 0.939 0.889 0.815 0.007 0.011 0.013 0.026 0.055 0.1 0.153 0.213 0.256 0.259 0.311 0.301 0.314 0.353 0.367 0.33 0.455 0.342 0.366 0.36
 0.009 0.01 0.0670784 0.112036 0.200056 0.198269 0.257656 0.372581 0.511367 0.581133 0.61948 0.76036 0.665674 0.832389 0.909809 0.856071 1.26992 1.07167 1.02604 0.982329 0.007 0.01 0.0556471 0.107929 0.127664 0.193046 0.211173 0.281458 0.337928 0.412192 0.432691 0.452548 0.492272 0.638478 0.46928 0.54322 0.563778 0.759243 1.02026 0.801911
 0.009 0.014 0.0682588 0.0624315 0.118753 0.192264 0.259046 0.325807 0.427144 0.537291 0.651451 0.689766 0.701983 0.706553 0.849937 0.909667 0.931689 0.882607 0.861141 0.990971 0.007 0.011 0.0681483 0.073153 0.108484 0.147306 0.190333 0.220547 0.280262 0.326336 0.385027 0.454513 0.52417 0.452971 0.554843 0.909667 0.452587 0.884125 0.862617 0.994484
 0.009 0.012 0.027 0.053 0.09 0.2 0.286929 0.336397 0.422958 0.541198 0.599737 0.691142 0.726221 0.790224 0.840138 0.904238 0.866484 0.882249 0.967111 0.859434 0.007 0.011 0.02 0.038 0.063 0.2 0.27978 0.29688 0.340304 0.362364 0.463215 0.531122 0.522628 0.561057 0.852198 0.933962 0.584799 0.510438 0.565249 0.856273
 0.009 0.011 0.026 0.0676375 0.078 0.101411 0.16385 0.263713 0.371935 0.469755 0.567541 0.599138 0.672489 0.680527 0.910767 0.84704 0.969795 1.5 0.998729 0.923608 0.007 0.01 0.023 0.064028 0.067 0.115899 0.141213 0.221745 0.232967 0.294241 0.292549 0.384943 0.44085 0.486424 0.661403 0.534135 1.00069 1.5 0.619558 0.977946
 0.009 0.0124 0.0436675 0.0708209 0.119762 0.174989 0.246896 0.3323 0.434481 0.523675 0.603042 0.662081 0.675674 0.735339 0.84493 0.861403 0.979977 1.05511 0.948404 0.914268 0.007 0.0106 0.0359591 0.061822 0.0842295 0.15125 0.1951 0.246726 0.289492 0.330827 0.376896 0.424825 0.458784 0.498386 0.580945 0.650197 0.611371 0.799161 0.686736 0.798123
 0.009 0.01188 0.0464009 0.0731851 0.121314 0.173387 0.242875 0.32616 0.433577 0.53061 0.60825 0.680497 0.688408 0.749006 0.871116 0.875684 1.00357 1.07833 0.960285 0.934122 0.007 0.01052 0.0405509 0.0689864 0.0900754 0.1615 0.20352 0.253471 0.296191 0.345192 0.390076 0.44959 0.487741 0.527463 0.623734 0.714236 0.642645 0.890593 0.750884 0.885747
 0.009 0.012256 0.0422654 0.065415 0.105566 0.16841 0.239919 0.316875 0.418019 0.520506 0.606004 0.664525 0.692955 0.73233 0.863377 0.879606 0.950304 1.07966 0.947134 0.924481 0.007 0.010624 0.0375316 0.0611979 0.0825577 0.155191 0.201989 0.247874 0.287843 0.331792 0.381553 0.448998 0.486835 0.50526 0.654625 0.748439 0.658418 0.916863 0.697009 0.902514
 0.009 0.011 0.026 0.05 0.116544 0.168329 0.176824 0.231504 0.275618 0.375267 0.417334 0.494857 0.5516 0.608534 0.564213 0.744594 0.78194 0.835938 0.959295 0.892349 0.007 0.01 0.023 0.044 0.122394 0.166941 0.158932 0.197313 0.223142 0.232265 0.244933 0.281145 0.358703 0.396177 0.368029 0.459854 0.507265 0.465751 0.897028 0.812581
 0.009 0.011 0.026 0.05 0.273983 0.183624 0.257904 0.281054 0.270737 0.339061 0.41815 0.44471 0.47502 0.517756 0.558 0.617308 0.713394 0.572758 0.846223 0.794244 0.007 0.01 0.023 0.044 0.172598 0.131699 0.192007 0.220973 0.183404 0.201234 0.233641 0.253083 0.266389 0.300548 0.318889 0.400706 0.687076 0.696633 0.845609 0.814188
 0.009 0.011 0.026 0.05 0.159886 0.174707 0.247124 0.234335 0.232584 0.28841 0.354508 0.424085 0.421535 0.452597 0.511 0.50644 0.570489 0.671855 0.607216 0.694925 0.007 0.01 0.023 0.044 0.142505 0.136386 0.154683 0.195468 0.222261 0.219523 0.232724 0.27286 0.299279 0.322009 0.33042 0.399362 0.522012 0.471981 0.473838 0.527036
 0.009 0.011 0.026 0.05 0.175766 0.316886 0.268368 0.250425 0.420959 0.341175 0.40083 0.418596 0.516121 0.52284 0.536024 0.555578 0.578804 0.636266 0.685574 0.741661 0.007 0.01 0.023 0.044 0.190391 0.289004 0.276737 0.231673 0.279785 0.269312 0.268641 0.305337 0.308329 0.347074 0.342577 0.414195 0.565276 0.669728 0.74966 0.945346
 0.009 0.011 0.026 0.145183 0.168139 0.173615 0.21765 0.283638 0.339501 0.331166 0.410682 0.422974 0.423887 0.491319 0.526957 0.526716 0.56551 0.581412 0.743309 0.872014 0.007 0.01 0.023 0.143036 0.183024 0.163271 0.277284 0.262632 0.255902 0.290186 0.260767 0.279838 0.311079 0.363616 0.300481 0.304741 0.40023 0.601715 0.789574 0.799238
 0.009 0.01 0.026 0.135328 0.225993 0.186369 0.305602 0.411405 0.349218 0.420801 0.45151 0.459033 0.46632 0.527014 0.542512 0.5936 0.572348 0.638701 0.603701 0.683388 0.007 0.01 0.02 0.145247 0.235143 0.225188 0.231684 0.277101 0.271419 0.292558 0.275446 0.289306 0.300475 0.299385 0.311658 0.327675 0.440239 0.4299 0.582397 0.56874
 0.009 0.01 0.04 0.051 0.194569 0.212022 0.312352 0.37177 0.385952 0.423652 0.4267 0.494814 0.483481 0.511069 0.528281 0.551511 0.627885 0.592644 0.592322 0.677073 0.007 0.01 0.04 0.047 0.180267 0.161614 0.256681 0.273434 0.263143 0.298943 0.300479 0.272867 0.30188 0.314357 0.285099 0.288479 0.367521 0.386981 0.419419 0.44962
 0.009 0.015 0.058406 0.126459 0.164828 0.239645 0.264484 0.370007 0.402454 0.448862 0.44364 0.515906 0.494389 0.501645 0.553835 0.511027 0.56805 0.587577 0.570599 0.642226 0.007 0.012 0.0572281 0.0916224 0.175452 0.203053 0.239754 0.265842 0.267116 0.282741 0.30124 0.298052 0.293712 0.328915 0.354653 0.348587 0.411228 0.368838 0.383912 0.49782
 0.009 0.017 0.025 0.0825653 0.147788 0.243129 0.277766 0.317838 0.366695 0.402436 0.452287 0.461547 0.528599 0.545988 0.477393 0.523191 0.520156 0.639407 0.591678 0.634566 0.007 0.013 0.023 0.0824681 0.136066 0.218675 0.235777 0.260647 0.288434 0.300118 0.308364 0.309492 0.327146 0.32493 0.320212 0.329728 0.317855 0.393001 0.37413 0.425967
 0.009 0.017 0.025 0.102586 0.138578 0.168894 0.273107 0.343166 0.369933 0.400743 0.442354 0.523882 0.528062 0.46501 0.511299 0.533687 0.551667 0.58033 0.579569 0.604536 0.007 0.013 0.023 0.0875621 0.146352 0.181743 0.244534 0.236206 0.251393 0.279916 0.325154 0.316455 0.306728 0.322857 0.380085 0.38294 0.442605 0.440408 0.418023 0.402617
 0.009 0.017 0.025 0.139236 0.15566 0.170082 0.217139 0.314204 0.355165 0.371929 0.4514 0.500273 0.493319 0.561895 0.553072 0.571874 0.565802 0.601755 0.549193 0.630438 0.007 0.013 0.023 0.143681 0.0994626 0.132399 0.191982 0.229287 0.255114 0.256254 0.329723 0.317812 0.332494 0.285305 0.369964 0.370752 0.350021 0.398062 0.459927 0.364309
 0.009 0.017 0.025 0.10566 0.0938872 0.174327 0.199456 0.283085 0.342797 0.406852 0.45331 0.484484 0.538022 0.518174 0.541736 0.608439 0.612757 0.567353 0.61094 0.636356 0.007 0.013 0.023 0.103977 0.109751 0.174031 0.176237 0.236842 0.273075 0.283071 0.30968 0.301363 0.35742 0.315453 0.339948 0.398595 0.355706 0.339719 0.354442 0.47587
 0.009 0.017 0.025 0.054 0.109741 0.208793 0.220412 0.284594 0.325203 0.463597 0.443404 0.476558 0.52166 0.54241 0.601033 0.664959 0.639393 0.628713 0.627231 0.646312 0.007 0.013 0.023 0.055 0.137375 0.153985 0.207218 0.252598 0.267324 0.315285 0.276587 0.314549 0.368649 0.351783 0.495878 0.392983 0.356095 0.472154 0.445835 0.4004
 0.009 0.017 0.025 0.054 0.114 0.155954 0.189556 0.255608 0.319858 0.390174 0.453639 0.509946 0.605084 0.600303 0.626598 0.660484 0.621366 0.56415 0.704416 0.63762 0.007 0.013 0.023 0.055 0.123 0.180356 0.188364 0.243921 0.257535 0.29708 0.285795 0.369978 0.322771 0.322523 0.384772 0.399362 0.524876 0.33902 0.793337 0.394965
 0.009 0.017 0.025 0.054 0.130815 0.181411 0.242478 0.229298 0.350193 0.368333 0.428656 0.510394 0.457088 0.541079 0.58617 0.613645 0.638477 0.594087 0.604908 0.663322 0.007 0.013 0.023 0.055 0.106844 0.220948 0.197051 0.230103 0.244287 0.280444 0.292046 0.33783 0.294433 0.353008 0.311835 0.408147 0.369313 0.424803 0.453169 0.513848
 0.009 0.017 0.025 0.054 0.114 0.18217 0.199273 0.26762 0.294055 0.335807 0.416308 0.473136 0.491512 0.558636 0.553885 0.686763 0.58559 0.627883 0.564466 0.638722 0.007 0.013 0.023 0.055 0.123 0.108531 0.207539 0.2213 0.24495 0.293854 0.276283 0.3058 0.354859 0.393393 0.340446 0.529452 0.359724 0.395559 0.440813 0.411529
 0.009 0.017 0.025 0.120997 0.114 0.181 0.614049 0.331477 0.354964 0.43492 0.47929 0.514736 0.54919 0.554005 0.695754 0.601563 0.669908 0.754434 0.723636 0.703768 0.007 0.013 0.023 0.0989794 0.123 0.149 0.553564 0.234373 0.252028 0.261572 0.319864 0.288075 0.312551 0.346133 0.364879 0.319772 0.347122 0.377508 0.395912 0.442011
 0.009 0.017 0.025 0.054 0.114 0.181666 0.348095 0.210637 0.429442 0.434217 0.457083 0.505216 0.525639 0.561758 0.622702 0.640104 0.646432 0.563825 0.649591 0.722383 0.007 0.013 0.023 0.055 0.123 0.180439 0.287753 0.208857 0.29865 0.276052 0.278102 0.301751 0.314122 0.343924 0.392829 0.332679 0.465757 0.349653 0.358565 0.446075
 0.009 0.06 0.05 0.150326 0.277902 0.283209 0.253344 0.283237 0.287907 0.453271 0.465441 0.493955 0.515917 0.565072 0.580228 0.652809 0.702643 0.657186 0.591659 0.668093 0.007 0.06 0.05 0.126537 0.231453 0.199282 0.183135 0.282571 0.316428 0.275116 0.296763 0.299967 0.323872 0.375169 0.358246 0.402587 0.420469 0.388295 0.405077 0.385594
 0.009 0.017 0.08 0.237303 0.255137 0.300137 0.37759 0.303638 0.377974 0.38864 0.437379 0.491787 0.508608 0.531295 0.548943 0.58431 0.647233 0.589526 0.714794 0.727711 0.007 0.013 0.08 0.140234 0.217658 0.237276 0.327079 0.296582 0.279195 0.2954 0.290051 0.322184 0.343843 0.365063 0.348301 0.360617 0.386151 0.700622 0.663377 0.487541
 0.009 0.017 0.0546379 0.154791 0.228262 0.266377 0.33411 0.443237 0.417204 0.416356 0.476656 0.497512 0.515302 0.537202 0.550595 0.575915 0.578127 0.616866 0.651609 0.73317 0.007 0.013 0.121319 0.141791 0.16232 0.235581 0.247504 0.286118 0.276578 0.356572 0.46134 0.298582 0.329345 0.349821 0.385643 0.404318 0.397526 0.463722 0.646065 0.584707
 0.009 0.01 0.0412431 0.14945 0.208555 0.24709 0.310443 0.411398 0.397921 0.536119 0.571468 0.562976 0.533234 0.529727 0.565774 0.554982 0.611961 0.649552 0.671161 0.711886 0.007 0.01 0.0422475 0.138285 0.195365 0.265562 0.286569 0.310487 0.335043 0.374199 0.333007 0.445233 0.282555 0.315081 0.392084 0.384068 0.475086 0.380404 0.519248 0.627889
 0.009 0.017 0.0501762 0.149174 0.216771 0.255696 0.324717 0.330429 0.38209 0.445721 0.481605 0.510289 0.51974 0.545011 0.573648 0.601624 0.637279 0.615391 0.655763 0.712649 0.007 0.0218 0.0633132 0.120369 0.185959 0.223628 0.266408 0.276923 0.301179 0.315468 0.331852 0.333543 0.318748 0.349811 0.37542 0.376854 0.428998 0.456539 0.518466 0.506361
#nsmpl_fsh_c

#nsmpl_fsh_s
 200 200 200 200 200 200 200 200 200 200 200 200 200 200 200 200 200 200 200 200 200 200 200 200 200 200 200 200 200 200 200 200 200 200 200 200 200 200
#nsrv
1
#nyrs_srv
 38
#yrs_srv
 1982 1983 1984 1985 1986 1987 1988 1989 1990 1991 1992 1993 1994 1995 1996 1997 1998 1999 2000 2001 2002 2003 2004 2005 2006 2007 2008 2009 2010 2011 2012 2013 2014 2015 2016 2017 2018 2019
#mo_srv
 7
#obs_srv
 578.714 714.093 799.423 693.064 1021.23 1269.58 1478.97 1323.3 1382.91 1585.26 1548.69 1994.68 2723.8 2179.97 2062.35 2605.53 2168.83 1619.9 2073.3 2336.76 1879.62 2109.1 2193.97 2114.33 2216.31 2036.43 2032.94 1541.09 2065.75 1977.9 1920.82 1753.21 1858.06 1414.17 1461.85 1340.06 1051.13 974.646
#obs_se_srv
 74.082 81.8512 81.8245 58.7741 83.7444 91.2209 101.508 91.0846 89.0197 95.9681 112.279 122.047 223.254 130.54 121.954 190.305 123.517 162.031 317.086 259.013 171.433 196.191 183.57 150.249 149.969 278.952 300.655 159.02 203.358 164.582 185.893 136.589 129.333 130.458 130.97 100.071 114.63 91.6383
#nyrs_srv_age_c
 0
#nyrs_srv_age_s
 41
#yrs_srv_age_c

#yrs_srv_age_s
 1979 1980 1981 1982 1983 1984 1985 1986 1987 1988 1989 1990 1991 1992 1993 1994 1995 1996 1997 1998 1999 2000 2001 2002 2003 2004 2005 2006 2007 2008 2009 2010 2011 2012 2013 2014 2015 2016 2017 2018 2019
#nsmpl_srv_c

#nsmpl_srv_s
 200 200 200 200 200 200 200 200 200 200 200 200 200 200 200 200 200 200 200 200 200 200 200 200 200 200 200 200 200 200 200 200 200 200 200 200 200 200 200 200 200
#oac_srv_c

#oac_srv_s
 0 0 0.0136616 0.0516972 0.0368 0.0828869 0.034087 0.0294129 0.0581352 0.0429907 0.0128967 0.0155924 0.0168259 0.0132449 0.00832478 0.00405219 0.000167022 0 0.000133788 0 0 0 0.0251897 0.0902536 0.0742152 0.100657 0.0619607 0.0452871 0.0755302 0.054815 0.0203411 0.018297 0.00410428 0.00817312 0 0.000266648 0 0 0 0
 0 0 0.0467893 0.0681502 0.0836813 0.0467646 0.0438567 0.023393 0.0197666 0.0668525 0.0496389 0.0191993 0.0147037 0.0092504 0.00724254 0.00341622 0 0 0 0 0 0.0147965 0.0815959 0.0343737 0.124348 0.0565548 0.0293991 0.0240078 0.0345528 0.0571921 0.0197381 0.0109692 0.00283703 0.00637409 0.000555428 0 0 0 0 0
 7.72e-005 0.0293619 0.0466587 0.104354 0.025706 0.115279 0.0277252 0.0147906 0.0121274 0.0183811 0.0381664 0.0161466 0.0133329 0.00518105 0.00816049 0.00380389 0.000950219 0.000629711 0 0 0 0.0613187 0.0524504 0.0878812 0.0395879 0.155023 0.0209604 0.0117543 0.0230272 0.035565 0.0174147 0.0050562 0.00289932 0.00140226 0.00355883 0.00096807 0.000299842 0 0 0
 0 0.00319599 0.0428687 0.052885 0.0464256 0.123799 0.0892023 0.0506223 0.0157011 0.0189061 0.0128873 0.0116409 0.0116404 0.00594667 0.00199253 0.00276598 0.00245098 0 0.000467199 0 0 0.018515 0.0341352 0.113711 0.123821 0.045311 0.0840082 0.0298458 0.0116932 0.00571976 0.00530206 0.0238841 0.00850343 0.00215254 0 0 0 0 0 0
 0 0.00109403 0.0785545 0.0658477 0.0791593 0.0401543 0.0528592 0.0535295 0.0239347 0.0235276 0.0104454 0.0135827 0.0209222 0.0100773 0.0061531 0.00652124 0.00138337 0.000589074 0.000241622 0 0 0.0171464 0.0949325 0.0924902 0.100009 0.0489834 0.0378482 0.0491426 0.0230094 0.0160375 0.00529977 0.00763801 0.00860836 0.00509091 0.00454015 0.000646745 0 0 0 0
 0 0.0107706 0.0587272 0.0910345 0.0693067 0.0479454 0.0509053 0.0355007 0.0321908 0.0231048 0.00634141 0.00907413 0.0136109 0.00374737 0.00509383 0.00349449 0.000565488 0 0.000565488 0 0 0.0167818 0.0545217 0.167357 0.0847851 0.0357652 0.0821155 0.0228005 0.0412127 0.00577228 0.00570374 0.00429486 0.00138808 0.0052272 0.0064848 0.00173852 0.00138808 0 0 0.000683586
 0.00122072 0.0190875 0.0369844 0.119269 0.119707 0.0499264 0.0444586 0.0370132 0.0169251 0.0283859 0.00656959 0.00348514 0.00148658 0.00285746 0.006336 0.00841795 0.00121232 0.000567717 0.000548644 0.00214132 0.0011667 0.0198555 0.0605755 0.139068 0.129442 0.0665034 0.0277875 0.0184593 0.0149557 0.00733474 0.00141105 0 0.000114599 0.000846833 0.00383521 0.000123391 0.000707179 0.00121198 0 0
 0 0 0.0277133 0.0704668 0.116181 0.0936117 0.0512634 0.0259567 0.0306024 0.00985607 0.0214332 0.00390189 0.00369992 0.0033936 0.000976296 0.00354219 0.00314743 0.000127736 0 0.00226598 0 0 0.0527348 0.131627 0.125688 0.120565 0.0432117 0.0243789 0.0185863 0 0.015068 0 0 0 0 0 0 0 0 0
 0 0 0.033862 0.095043 0.0629707 0.0812655 0.0984167 0.0231807 0.0154412 0.0166396 0.012644 0.0237504 0.00521921 0.00146135 0.00178738 0.000641682 0.0016269 0.000753095 0.000422631 0.00305454 0 0.00294665 0.091663 0.083132 0.127094 0.0678202 0.072444 0.0218625 0.028666 0.0121541 0 0.0125065 0 0 0 0 0.00153058 0 0 0
 0 0.0131132 0.0787759 0.0717305 0.145785 0.0401841 0.0491823 0.0425154 0.0249098 0.00784824 0.015586 0.00541218 0.00871116 0.00634269 0 0.000814537 0.0013637 0.0051046 0.00158103 0.00175067 0 0.0229942 0.0560509 0.118051 0.0947476 0.0779156 0.0625409 0.0189114 0.0127042 0.00052246 0.00487774 0.0055744 0 0.000983614 0 0 0 0.00209897 0.00131576 0
 0 0.00859967 0.057668 0.0662133 0.0703737 0.0974589 0.0517212 0.050819 0.0366748 0.0115206 0.00790844 0.0112665 0.00664443 0.00687577 0.00394861 0.00144398 0.000313224 0.000313224 0.00242512 0.00166538 0 0.00838358 0.0639045 0.08207 0.101078 0.0998225 0.0617499 0.0337699 0.0259891 0.0078668 0.0061259 0.00274114 0.00357103 0.00511923 0 0.00215762 0 0 0 0.00179687
 0 0.00123885 0.0413777 0.129558 0.0944182 0.0546783 0.0542884 0.029403 0.0315862 0.0176322 0.00965845 0.00463727 0.00445903 0.00104219 0.00245408 0.000123843 0 0.000869915 0 0.0024548 0 0.000859708 0.0671423 0.178067 0.0933118 0.0487831 0.0721866 0.00814839 0.0197869 0.0173391 0.00499005 0.00179111 0.00287119 0.000952629 0.00207681 0 0 0 0 0.00181305
 0 0 0.00528996 0.120369 0.097908 0.0797082 0.0445843 0.0470566 0.0293043 0.0201839 0.0146391 0.0126729 0.00473006 0.00506634 0.00292311 0.00147898 0 0.000382222 0.000528525 0.00284455 0 0.0012014 0.00490607 0.162168 0.12715 0.0602561 0.0560061 0.0393136 0.0177336 0.0224169 0.0118274 0.00114452 0.0040465 0.00127604 0.00088443 0 0 0 0 0
 0 0 0.019214 0.0381336 0.124338 0.116198 0.0503594 0.0448527 0.0269875 0.0226034 0.0223832 0.0129746 0.00781348 0.00521481 0.00356695 0.00176267 0.00102118 0 0.00113719 0.00053549 0 0.000779344 0.0110191 0.0358577 0.178372 0.113646 0.0355522 0.0590856 0.0276977 0.00852141 0.0103441 0.00659163 0.0064258 0.00440872 0.00142369 0.000903524 0.000276559 0 0 0
 0 0.00114126 0.0254788 0.0487202 0.0543578 0.129081 0.0757212 0.0405421 0.0332293 0.029463 0.00548066 0.00897442 0.00856176 0.00501971 0.00266322 0.000854522 0 0 0.000408388 0.000408388 0 0.00194535 0.0509997 0.0572896 0.0421408 0.177044 0.0930258 0.0384143 0.0409609 0.0123936 0.00674377 0.00261837 0.00233238 0.00252962 0.00107373 0 0 0 0 0.000382738
 0 0 0.015777 0.0553538 0.0462898 0.0399674 0.131394 0.0940158 0.0365057 0.0114031 0.0247193 0.0131563 0.00711144 0.00784033 0.00383189 0.00260696 0.000544442 0.000754293 0.00156712 0.00105226 0 0.00283295 0.0175196 0.0884833 0.0432506 0.0502328 0.167967 0.0532509 0.0342333 0.0114412 0.0187278 0.00607386 0.00382824 0.00461549 0.00203169 0.000972296 0.000323982 0 0.000323982 0
 0 0 0 0.047424 0.0880892 0.0419515 0.0246259 0.114722 0.0669874 0.0296372 0.0315229 0.0237948 0.00881182 0.00426289 0.00927434 0 0.000946322 0.000337983 0.000337983 0.000850161 0 0 0.014522 0.0398973 0.106162 0.0444182 0.0401733 0.11999 0.0722564 0.0188853 0.0212928 0.0137839 0.00637754 0.00866536 0 0 0 0 0 0
 0 0.000616161 0.0376296 0.0197845 0.0342573 0.0834873 0.0251578 0.0505907 0.0990818 0.0652182 0.0164503 0.00796804 0.0137898 0.00476853 0.00491629 0.0053489 0.00151311 0.000888924 0.000140272 0.0008912 0 0.00295943 0.0551178 0.0244529 0.0355589 0.10258 0.0295803 0.0409483 0.117547 0.0639517 0.0211175 0.0113981 0.00963502 0.00227882 0.00504159 0.00338016 0.00176698 0.000186573 0 0
 0 0 0.0171843 0.0644259 0.0119678 0.0293404 0.103395 0.0406703 0.0273612 0.08953 0.0313415 0.0204313 0.0267562 0.00719696 0.00860661 0.0108516 0.00530788 0.00245503 0 0.00118305 0 0.000280474 0.0258846 0.0583241 0.0353907 0.0476483 0.11316 0.00449555 0.0529161 0.0799975 0.0254056 0.0319734 0.00920355 0.0147897 0.0025256 0 0 0 0 0
 0 0 0.00990077 0.0310535 0.0335476 0.0298394 0.0407772 0.0752762 0.0231973 0.0212192 0.112575 0.0556838 0.018331 0.0115977 0.0151139 0.00220327 0.00205615 0.00113226 0.00114486 0.00203987 0 0 0.0153262 0.0435961 0.0548801 0.031863 0.060329 0.109518 0.0270234 0.0396735 0.0547382 0.0541542 0.0161396 0.00139019 0.00167305 0.00157163 0.0013572 6.2e-005 0 1.57e-005
 0 0 0.0028346 0.00514021 0.0138458 0.0376497 0.0122021 0.0468188 0.0765324 0.0527651 0.038271 0.102112 0.0253307 0.0204295 0.00830904 0.0131898 0.00313871 0.00229112 0.0015356 0.000234716 0 0 0.00543639 0.00883139 0.0255115 0.0750377 0.00347254 0.0375144 0.12325 0.06003 0.0412717 0.0856794 0.0466117 0.0121421 0.00700029 0.00364149 0.000517257 0.00142187 0 0
 0 0 0 0.0206238 0.0177726 0.0277108 0.0471522 0.0282227 0.0356635 0.0700876 0.0527513 0.0420941 0.0913263 0.0419851 0.0236289 0.0228708 0.00513841 0.000932697 0.000676689 0.00137323 0 0 0.00508454 0.0412571 0.0114219 0.0175138 0.0631581 0.0168179 0.0790331 0.102374 0.0378831 0.0357333 0.0368279 0.0116919 0.00549596 0.00226207 0.00215391 0.00021633 0.000639691 0.000425063
 0 0.000893373 0.0112613 0.00872952 0.0210748 0.0191254 0.0165917 0.0499026 0.0367308 0.0434221 0.0830418 0.0228964 0.0351011 0.0818361 0.0393287 0.0179024 0.00643384 0.00221116 0.00157253 0.000510334 0 0.00164165 0.009803 0.0167242 0.0534652 0.0337103 0.0266889 0.0593281 0.0227239 0.0937875 0.0557748 0.036639 0.0399553 0.0329915 0.0088274 0.003965 0.00130404 0.00385074 0.000253445 0
 0 0.00837676 0.0281327 0.0104976 0.0188883 0.065578 0.0173811 0.0224594 0.0337869 0.0136262 0.0494917 0.0912734 0.027122 0.0189975 0.0699341 0.0265788 0.0152606 0.00842963 0.000720583 0.00514201 0 0.0122695 0.0372634 0.0202816 0.0197325 0.0495787 0.0233405 0.012491 0.0619647 0.0354221 0.0274247 0.0620518 0.025631 0.0155266 0.0505942 0.0124552 0.000229951 0.00206503 0 0
 0.000507297 0.0287065 0.0570036 0.0250066 0.0242363 0.00871927 0.0460088 0.0243026 0.021013 0.02371 0.00829107 0.0192365 0.0697785 0.0131665 0.020502 0.0653241 0.0149584 0.0121254 0.00583417 0.00404616 0.000790324 0.0545996 0.0782812 0.0411272 0.0289778 0.0167489 0.0405485 0.0181267 0.00331596 0.00737508 0.0116997 0.0466209 0.0711881 0.0182559 0.0285297 0.0237258 0.00990805 0.00293835 0.00422506 0.000540395
 0 0.00235648 0.0916506 0.0520699 0.0476284 0.0239006 0.0112965 0.0314715 0.0100436 0.00694145 0.0317337 0.0316752 0.0155468 0.0207692 0.0136635 0.00792292 0.039608 0.0315231 0.000511568 0.0154502 0 0.00917553 0.138546 0.0872365 0.0405144 0.0264843 0.0111209 0.0284169 0.0183117 0 0.0417967 0.00544557 0.00872558 0.051654 0.00544557 0.000555294 0.020193 0.0132375 0 0.00737708
 0 0.0125123 0.0676847 0.105204 0.0614411 0.0119815 0.013638 0.0127493 0.0263854 0.00649735 0.0105357 0.00531011 0.0101916 0.0209339 0.0203672 0.0149112 0.0175542 0.0173743 0.0168229 0.0119711 0 0.0078537 0.124801 0.122582 0.0883183 0.0217443 0.0321618 0.0182363 0.0122992 0.00691924 0.0046511 0.00636305 0.000778187 0.0257709 0.0102605 0.00721421 0.00816451 0.0257779 0.0046582 0.00737922
 0 0.0100204 0.0627746 0.142755 0.0616349 0.0414631 0.0166366 0.0156482 0.011018 0.0225445 0.00843854 0.00670621 0.00477537 0.0056683 0.0146181 0.0182114 0.0117222 0.00793896 0.013749 0.0101012 0 0.0116085 0.081351 0.156289 0.0810986 0.0506488 0.0134533 0.00604941 0.0139899 0.0103394 0.0111798 0.00397625 0.0093349 0.00214533 0.0155069 0.0170986 0.0088918 0.00118704 0.010568 0.00885858
 0 0.00327343 0.0317188 0.0621961 0.0851623 0.0743484 0.0485082 0.0240453 0.00890706 0.019087 0.016078 0.0155333 0.0144818 0.0151153 0.0131524 0.0188373 0.0110322 0.0126394 0.0112712 0.0136091 6.09e-005 0.00253284 0.0358397 0.10147 0.115123 0.0809716 0.0529935 0.0228478 0.00751809 0.0292016 0.00397552 0.00444698 0.00586544 0.00455813 0.0155923 0.00726793 0.00433125 0.00223721 0.00320215 0.000966773
 0 0 0.0344106 0.0424868 0.0796967 0.0772556 0.0916975 0.032786 0.0122932 0.0179608 0.0228136 0.00625168 0.0113882 0 0.0033625 0.0125308 0.0177011 0.0211242 0.00271223 0.0250351 0 0 0.0425693 0.0554014 0.0709303 0.117846 0.0648922 0.0555366 0.0101616 0.00422208 0.0111434 0.0188283 0.00334707 0.00312443 0.00585301 0.000176582 0.00938787 0.00718684 0.00324751 0.00463884
 0 0.00050468 0.0148982 0.0881126 0.0553325 0.0772196 0.0726474 0.0454602 0.0323452 0.00788538 0.0116355 0.00573356 0.0151481 0.00400127 0.0079937 0.00350277 0.0109363 0.01511 0.00544325 0.0267362 0 0.000601299 0.01473 0.093113 0.0653907 0.0624476 0.0946861 0.0592825 0.0342465 0.00246338 0.0125348 0.00111806 0.00858492 0.00582342 0.00294955 0.00721891 0.00159203 0.00685933 0.0191326 0.00657888
 0 0.000758882 0.0138021 0.0471253 0.0656775 0.0652729 0.0519319 0.0862661 0.0474412 0.033021 0.00527173 0.0195364 0.00719942 0.015948 0.00523839 0.00879719 0.00400755 0.00472431 0.00710504 0.0302003 0 0.00144072 0.00873093 0.045303 0.0843646 0.0533896 0.0633528 0.0622197 0.0578661 0.0207261 0.0232661 0.00823372 0.00494145 0.00869086 0.00272004 0.00429666 0.00177989 0.00466038 0.0136775 0.0110145
 0 0 0.0202287 0.0125517 0.0523289 0.115193 0.0393067 0.058297 0.0620933 0.0484522 0.0306997 0.0177565 0.0118245 0.00911277 0.014412 0.00347356 0.00193457 0.000581167 0.00258699 0.0316893 0 0 0.00943083 0.0259527 0.0433879 0.0642368 0.0787665 0.0735283 0.085557 0.0301632 0.0234327 0.0059517 0.0047014 0.00244636 0.00302171 0 0.003229 0.00576015 0.00125128 0.00665949
 0 0 0 0.00718187 0.0294509 0.0364382 0.0805724 0.0374004 0.0992052 0.0791016 0.0489374 0.0192823 0.00506772 0.0129337 0.00311984 0.0122054 0.00411532 0.00374353 0.00296277 0.0211642 0 0.000893304 0.00406884 0.0108856 0.0425495 0.067805 0.0867406 0.0522923 0.0247718 0.0746209 0.0364964 0.0134575 0.00300024 0.0178384 0.0109827 0.0280549 0 0.00395578 0.00504707 0.0136566
 0 6.51e-005 0.00713943 0.00436859 0.00685673 0.0129516 0.0283441 0.0841686 0.0792192 0.0718343 0.055556 0.0457206 0.0219059 0.00250186 0.00998169 0.00242983 0.0126267 0 0.0033821 0.031349 0 8.92e-005 0.0186437 0.00244709 0.0117188 0.0289867 0.0516305 0.0889787 0.0691552 0.0728796 0.0555406 0.0488069 0.0274044 0.0108248 0.0124657 0.00114379 0.00302865 0.00188486 0.000424223 0.0135454
 0 0.00224464 0.0145821 0.0240559 0.0101543 0.00826644 0.00262377 0.00135448 0.0816409 0.0468027 0.0627976 0.120683 0.00913119 0.0303441 0.0106857 0.0221684 0.00125528 0.0112785 0.00652196 0.0252626 0 0.00568897 0.0252147 0.025409 0.00277874 0.00973963 0.00899998 0.0223847 0.0632226 0.0346999 0.0696659 0.0838367 0.0751593 0.0104741 0.00642113 0.0109877 0.00182639 0.00489077 0.00938635 0.0373594
 5.75e-005 0.00165946 0.0261854 0.0307643 0.0291467 0.00527652 0.00777252 0.0197886 0.0148422 0.0722973 0.0696878 0.0550034 0.0542719 0.0255445 0.0159981 0.0149252 0.00389896 0.001753 0.00433192 0.0186523 0 0.00103601 0.049554 0.0374239 0.0395113 0.00573611 0.00738048 0.0188516 0.0414688 0.114374 0.0595905 0.0416214 0.0574622 0.0210959 0.00915267 0.0023686 0 0 0.00797712 0.0135375
 0 0.0220681 0.00976621 0.0356625 0.0351026 0.0167547 0.00281496 0.00158143 0.00600562 0.0211687 0.0642999 0.0482724 0.0707911 0.0574389 0.0406403 0.0286061 0.0162618 0.00729573 0.00667755 0.0231941 0.000204324 0.031552 0.0142372 0.0557945 0.0341149 0.0217097 0.0106287 0.00737047 0.0063918 0.0118009 0.0510078 0.0699697 0.0726094 0.0303195 0.0264818 0.0160676 0.006566 0.000410588 0.0111388 0.00722178
 0 0.0491156 0.110548 0.0229048 0.0267713 0.0224826 0.0138564 0.0108432 0.00323167 0.002541 0.0186777 0.0689328 0.0478171 0.0291788 0.0456154 0.0242823 0.00733596 0.0016586 1.97e-005 0.00572144 0.00217076 0.0711274 0.142883 0.0149172 0.0413611 0.0231678 0.00418026 0 0.0191877 0.00466263 0.00890531 0.0328579 0.0354917 0.0176815 0.0348853 0.0223955 0.00634609 0.000905739 0 0.00533836
 0 0.0101444 0.117055 0.0762403 0.0111471 0.0383652 0.0150335 0.0242846 0.00723189 0.0154244 0.00506987 0.017923 0.0545817 0.0274627 0.0307105 0.0421312 0.0243993 0.0097009 0.00279756 0.00841611 0 0.0168763 0.112912 0.103716 0.0122805 0.0504939 0.0108968 0.0160576 0 0.00421841 0.0164118 0.00716634 0.030577 0.0197028 0.0200531 0.0206742 0.0147428 0.00252213 0.000473471 0.002106
 0 0.036969 0.1378 0.102148 0.0565574 0.0118603 0.0260144 0.00704914 0.00120466 0.00137488 0.00534406 0.00307624 0.014267 0.006665 0.0399103 0.022952 0.0188863 0.00683231 0.00305176 0.00288445 0 0.0386988 0.191394 0.0831595 0.0832659 0.0104072 0.020306 0.0062777 0.00408647 0.00985124 0 0.00535711 0.012047 0.0124598 0.00307414 0.00558777 0 0.00549643 0.0035156 0.000167604
#wt_srv_f_in
 0.009 0.015 0.03 0.059 0.112 0.183 0.267 0.363 0.439 0.489 0.577 0.57 0.612 0.667 0.714 0.79 0.862 0.939 0.889 0.815
 0.009 0.015 0.03 0.059 0.112 0.183 0.267 0.363 0.439 0.489 0.577 0.57 0.612 0.667 0.714 0.79 0.862 0.939 0.889 0.815
 0.009 0.015 0.03 0.059 0.112 0.183 0.267 0.363 0.439 0.489 0.577 0.57 0.612 0.667 0.714 0.79 0.862 0.939 0.889 0.815
 0.009 0.015 0.03 0.059 0.112 0.183 0.267 0.363 0.439 0.489 0.577 0.57 0.612 0.667 0.714 0.79 0.862 0.939 0.889 0.815
 0.009 0.015 0.03 0.059 0.112 0.183 0.267 0.363 0.439 0.489 0.577 0.57 0.612 0.667 0.714 0.79 0.862 0.939 0.889 0.815
 0.009 0.015 0.03 0.059 0.112 0.183 0.267 0.363 0.439 0.489 0.577 0.57 0.612 0.667 0.714 0.79 0.862 0.939 0.889 0.815
 0.009 0.015 0.03 0.059 0.112 0.183 0.267 0.363 0.439 0.489 0.577 0.57 0.612 0.667 0.714 0.79 0.862 0.939 0.889 0.815
 0.009 0.018 0.052 0.077 0.101 0.153 0.212 0.282 0.391 0.421 0.538 0.494 0.643 0.614 0.908 0.969 0.935 0.935 0.948 0.88
 0.009 0.013 0.032 0.102 0.154 0.2 0.277 0.312 0.431 0.418 0.497 0.466 0.608 0.63 0.817 0.864 0.992 1.08 1.022 0.88
 0.009 0.014 0.029 0.06 0.133 0.205 0.249 0.331 0.421 0.473 0.588 0.543 0.584 0.799 0.729 0.803 0.963 1.022 0.983 0.88
 0.009 0.021 0.033 0.068 0.152 0.249 0.33 0.397 0.511 0.503 0.615 0.62 0.539 0.615 0.717 0.757 0.896 1.013 0.993 0.91
 0.009 0.015 0.029 0.044 0.104 0.188 0.295 0.369 0.43 0.51 0.545 0.515 0.611 0.547 0.72 0.777 0.875 1.015 0.97 0.864
 0.009 0.015 0.034 0.065 0.115 0.205 0.339 0.494 0.521 0.487 0.614 0.598 0.634 0.746 0.647 0.755 0.866 1.02 0.956 0.864
 0.009 0.015 0.028 0.048 0.117 0.192 0.311 0.419 0.414 0.508 0.604 0.708 0.615 0.647 0.631 0.731 0.806 0.913 0.881 0.83
 0.009 0.016 0.025 0.055 0.093 0.175 0.236 0.38 0.495 0.559 0.609 0.564 0.566 0.723 0.661 0.727 0.801 0.908 0.87 0.83
 0.009 0.009 0.015 0.039 0.082 0.145 0.235 0.335 0.431 0.547 0.612 0.62 0.614 0.685 0.68 0.793 0.838 0.896 0.835 0.794
 0.009 0.009 0.022 0.031 0.072 0.117 0.184 0.306 0.349 0.462 0.549 0.574 0.705 0.667 0.694 0.802 0.856 0.855 0.798 0.819
 0.009 0.009 0.018 0.037 0.058 0.095 0.166 0.218 0.332 0.416 0.445 0.544 0.585 0.628 0.716 0.767 0.841 0.826 0.795 0.806
 0.009 0.009 0.022 0.031 0.082 0.108 0.182 0.228 0.305 0.41 0.534 0.629 0.555 0.645 0.72 0.79 0.854 0.851 0.828 0.826
 0.009 0.009 0.025 0.047 0.075 0.105 0.174 0.207 0.325 0.43 0.442 0.544 0.555 0.656 0.696 0.788 0.87 0.838 0.803 0.813
 0.009 0.009 0.025 0.039 0.072 0.112 0.157 0.218 0.268 0.39 0.41 0.465 0.681 0.673 0.666 0.729 0.869 0.803 0.785 0.812
 0.009 0.007 0.022 0.053 0.072 0.128 0.171 0.245 0.281 0.354 0.448 0.514 0.52 0.621 0.638 0.686 0.856 0.78 0.821 0.813
 0.009 0.016 0.021 0.045 0.082 0.102 0.173 0.199 0.238 0.344 0.393 0.418 0.468 0.665 0.632 0.66 0.808 0.782 0.824 0.81
 0.009 0.016 0.023 0.049 0.072 0.115 0.173 0.198 0.226 0.318 0.339 0.393 0.42 0.556 0.604 0.659 0.791 0.758 0.811 0.808
 0.009 0.016 0.017 0.029 0.045 0.086 0.114 0.178 0.237 0.245 0.32 0.387 0.437 0.489 0.591 0.646 0.745 0.737 0.803 0.838
 0.009 0.016 0 0.033 0.062 0.094 0.136 0.2 0.245 0.293 0.339 0.406 0.41 0.472 0.56 0.617 0.687 0.735 0.816 0.851
 0 0.02 0.0391429 0.0813333 0.0803077 0.115636 0.159111 0.218 0.228625 0.299 0.3316 0.380333 0.488667 0.513226 0.525396 0.635083 0.690667 0.844843 0.857022 0.905944
 0 0.0153333 0.0392727 0.0774286 0.111273 0.12365 0.1804 0.233857 0.271667 0.342333 0.350632 0.425613 0.4396 0.518 0.536774 0.609845 0.661717 0.745033 0.809356 0.928463
 0.003 0.011375 0.0395111 0.0689412 0.122133 0.1304 0.194333 0.215846 0.3402 0.354615 0.4692 0.401 0.483724 0.589143 0.559583 0.594396 0.685495 0.692167 0.7458 0.891114
 0 0.036 0.0357027 0.0904348 0.197364 0.201 0.424 0.278875 0.2952 0.463333 0.455 0.581111 0.591143 0.55625 0.598648 0.618563 0.669956 0.653711 0.731 0.845099
 0 0.013 0.0313684 0.070037 0.144821 0.229714 0.228667 0.294571 0.332875 0.363 0.436333 0.503 0.448 0.525111 0.597137 0.624505 0.642684 0.660933 0.724051 0.777647
 0 0.013 0.0231111 0.0451111 0.0996667 0.153875 0.238 0.26125 0.329 0.3631 0.357143 0.4895 0.455333 0.485 0.588156 0.606815 0.602395 0.661648 0.708801 0.742811
 0 0.008 0.0181818 0.035 0.07 0.136909 0.217714 0.250563 0.335667 0.3402 0.4804 0.4255 0.512 0.574889 0.593314 0.549065 0.6106 0.638603 0.683571 0.756326
 0 0 0.0171111 0.0388333 0.06056 0.136333 0.169795 0.323 0.313 0.515143 0.447846 0.601333 0.496 0 0.552581 0.559583 0.609711 0.632344 0.680853 0.759534
 0 0.008 0.0146154 0.0317419 0.056 0.1024 0.15681 0.271548 0.32016 0.348286 0.3988 0.433667 0.474909 0.4484 0.564298 0.623639 0.636085 0.601074 0.707732 0.756599
 0 0.012 0.022 0.0467778 0.0695385 0.115333 0.145565 0.244564 0.32472 0.370941 0.479333 0.448727 0.447 0.619077 0.564583 0.630333 0.692419 0.600074 0.61803 0.722022
 0 0 0.0352 0.0763333 0.144214 0.170233 0.1873 0.270368 0.3475 0.396091 0.475882 0.5346 0.530429 0.603667 0.613843 0.691444 0.727974 0.722444 0.519363 0.73714
 0 0 0 0.038 0.0892727 0.1316 0.1817 0.2588 0.326667 0.3868 0.474444 0.562 0.616667 0.68375 0.642259 0.657349 0.745833 0.740667 0.539733 0.762792
 0 0.01 0.0335556 0.107333 0.107333 0.137667 0.241714 0.235091 0.342167 0.378522 0.444526 0.572857 0.623455 0.68 0.64637 0.759905 0.706233 0.536667 0.663333 0.764381
 0 0.012 0.0308 0.0736 0.1016 0.184667 0.142 0.134 0.33175 0.3598 0.451 0.532645 0.645 0.615167 0.722111 0.718201 0.7789 0.469238 0.777333 0.780953
 0.006 0.0133333 0.0326957 0.0871579 0.129375 0.274 0.254 0.3448 0.3315 0.398778 0.492222 0.60475 0.581063 0.656727 0.728311 0.740296 0.7614 0.533016 0.831467 0.796671
 0 0.0190968 0.0762 0.0779688 0.196182 0.1891 0.275 0.248 0.416 0.447375 0.469059 0.541214 0.538048 0.557187 0.726651 0.665157 0.769619 0.803749 0.79855 0.848219
 0 0.0130556 0.0456818 0.109333 0.171231 0.255941 0.2936 0.313714 0.385 0.6175 0.474714 0.523692 0.586278 0.524154 0.671684 0.667806 0.735244 0.810844 1.05055 0.89769
 0.0015 0.0107143 0.04514 0.100679 0.188909 0.256243 0.315333 0.375286 0.46325 0.427333 0.457 0.500286 0.539235 0.609583 0.650766 0.670972 0.756088 0.783122 0.961083 0.914761
 0 0.0170667 0.0423437 0.101185 0.18866 0.266 0.41535 0.407556 0.3925 0.405 0.557333 0.679 0.56925 0.642462 0.625649 0.677757 0.741077 0.726675 0.911778 0.904534
 0 0.0170667 0.0423437 0.101185 0.18866 0.266 0.41535 0.407556 0.3925 0.405 0.557333 0.679 0.56925 0.642462 0.625649 0.677757 0.741077 0.726675 0.911778 0.904534
#wt_srv_m_in
 0.007 0.011 0.013 0.026 0.055 0.1 0.153 0.213 0.256 0.259 0.311 0.301 0.314 0.353 0.367 0.33 0.455 0.342 0.366 0.36
 0.007 0.011 0.013 0.026 0.055 0.1 0.153 0.213 0.256 0.259 0.311 0.301 0.314 0.353 0.367 0.33 0.455 0.342 0.366 0.36
 0.007 0.011 0.013 0.026 0.055 0.1 0.153 0.213 0.256 0.259 0.311 0.301 0.314 0.353 0.367 0.33 0.455 0.342 0.366 0.36
 0.007 0.011 0.013 0.026 0.055 0.1 0.153 0.213 0.256 0.259 0.311 0.301 0.314 0.353 0.367 0.33 0.455 0.342 0.366 0.36
 0.007 0.011 0.013 0.026 0.055 0.1 0.153 0.213 0.256 0.259 0.311 0.301 0.314 0.353 0.367 0.33 0.455 0.342 0.366 0.36
 0.007 0.011 0.013 0.026 0.055 0.1 0.153 0.213 0.256 0.259 0.311 0.301 0.314 0.353 0.367 0.33 0.455 0.342 0.366 0.36
 0.002 0.014 0.047 0.078 0.088 0.145 0.176 0.205 0.208 0.282 0.339 0.239 0.273 0.352 0.31 0.582 0.373 0.325 0.36 0.399
 0.002 0.014 0.047 0.078 0.088 0.145 0.176 0.205 0.208 0.282 0.339 0.239 0.273 0.352 0.31 0.582 0.373 0.325 0.36 0.399
 0.002 0.015 0.029 0.093 0.132 0.149 0.191 0.219 0.201 0.24 0.208 0.255 0.297 0.306 0.306 0.49 0.373 0.325 0.36 0.399
 0.002 0.018 0.023 0.053 0.12 0.13 0.198 0.216 0.228 0.284 0.256 0.251 0.292 0.293 0.294 0.447 0.346 0.325 0.36 0.399
 0.002 0.018 0.034 0.061 0.135 0.206 0.228 0.256 0.252 0.327 0.335 0.327 0.575 0.369 0.298 0.481 0.353 0.325 0.36 0.399
 0.002 0.018 0.027 0.037 0.092 0.168 0.261 0.252 0.253 0.26 0.299 0.327 0.575 0.369 0.3 0.501 0.357 0.325 0.36 0.399
 0.002 0.012 0.029 0.065 0.101 0.176 0.257 0.303 0.277 0.26 0.299 0.327 0.575 0.369 0.3 0.501 0.354 0.325 0.36 0.399
 0.002 0.014 0.022 0.049 0.11 0.172 0.233 0.301 0.337 0.438 0.324 0.278 0.345 0.458 0.302 0.538 0.352 0.342 0.36 0.399
 0.002 0.012 0.022 0.048 0.097 0.156 0.208 0.293 0.286 0.368 0.313 0.356 0.345 0.341 0.31 0.562 0.365 0.358 0.36 0.372
 0.002 0.006 0.014 0.033 0.066 0.125 0.203 0.29 0.305 0.292 0.314 0.377 0.336 0.398 0.32 0.542 0.363 0.374 0.36 0.35
 0.002 0.012 0.011 0.03 0.062 0.105 0.174 0.225 0.243 0.312 0.322 0.425 0.351 0.422 0.34 0.521 0.36 0.391 0.36 0.35
 0.002 0.008 0.013 0.031 0.053 0.089 0.166 0.202 0.244 0.234 0.323 0.311 0.345 0.318 0.347 0.477 0.376 0.407 0.36 0.35
 0.002 0.007 0.019 0.035 0.069 0.096 0.149 0.166 0.263 0.309 0.353 0.34 0.471 0.355 0.369 0.432 0.391 0.407 0.36 0.35
 0.002 0.011 0.02 0.041 0.066 0.093 0.143 0.216 0.216 0.242 0.286 0.317 0.361 0.362 0.383 0.42 0.399 0.407 0.368 0.377
 0.002 0.011 0.029 0.039 0.069 0.093 0.153 0.175 0.218 0.247 0.281 0.303 0.379 0.306 0.387 0.408 0.406 0.407 0.375 0.399
 0.002 0.006 0.02 0.045 0.07 0.113 0.152 0.205 0.205 0.232 0.302 0.294 0.245 0.359 0.352 0.391 0.42 0.422 0.383 0.399
 0.002 0.006 0.018 0.04 0.071 0.112 0.147 0.208 0.215 0.219 0.272 0.263 0.323 0.255 0.362 0.398 0.419 0.437 0.39 0.399
 0.002 0.006 0.023 0.041 0.072 0.083 0.148 0.174 0.225 0.225 0.232 0.257 0.245 0.325 0.356 0.407 0.417 0.478 0.398 0.399
 0.002 0.006 0.015 0.031 0.041 0.092 0.142 0.155 0.19 0.2 0.239 0.255 0.229 0.262 0.338 0.404 0.425 0.505 0.398 0.399
 0.002 0.006 0.015 0.038 0.034 0.068 0.12 0.163 0.205 0.205 0.23 0.26 0.277 0.269 0.318 0.382 0.406 0.52 0.406 0.399
 0 0.022 0.0291429 0.0657143 0.0738333 0.101467 0.138364 0.189158 0.244 0.232235 0.238308 0.319273 0.344556 0.372471 0.398333 0.387956 0.373167 0.463333 0.394 0.156667
 0 0.0162 0.03232 0.0695 0.09 0.112312 0.166167 0.22075 0.270421 0.225333 0.268857 0.284071 0.298571 0.3005 0.379944 0.385222 0.405167 0.408 0.394 0.156667
 0.002 0.0133043 0.0391111 0.0680833 0.1068 0.11025 0.1816 0.162571 0.387 0.277333 0.3904 0.283846 0.298818 0.378286 0.348344 0.381378 0.436167 0.382889 0.328 0.167111
 0 0.0233333 0.04256 0.112 0.2066 0.154222 0.186 0.3165 0.262 0 0.360154 0.302 0.3864 0.338933 0.324178 0.4081 0.38219 0.403822 0.115333 0.312711
 0 0.014 0.026 0.0670698 0.148176 0.188571 0.234444 0.2665 0.284 0.302 0.409 0.4024 0.428 0.279714 0.319733 0.406878 0.362024 0.396341 0.243333 0.422044
 0 0.00771429 0.0172 0.0463415 0.0982381 0.154412 0.214 0.2215 0.233429 0.2536 0.2436 0.282667 0.335667 0.360667 0.320067 0.414319 0.362802 0.41123 0.269273 0.406574
 0.004 0.00733333 0.0146154 0.037 0.0760606 0.130207 0.183895 0.230571 0.28225 0.241 0.278 0.341333 0.2955 0.2895 0.339448 0.352708 0.401897 0.40923 0.451828 0.398308
 0 0 0.0176667 0.0312727 0.0506667 0.123306 0.151619 0.238647 0.254 0.236 0.351 0.299714 0.325333 0.342 0.342337 0.396264 0.400997 0.434378 0.447162 0.439641
 0 0.008 0.0158 0.0305946 0.0566087 0.092 0.159463 0.21336 0.232923 0.234 0.302 0.399 0.343429 0.327 0.345603 0.412 0.401219 0.413119 0.439756 0.457911
 0 0.013 0.029 0.0349524 0.07104 0.1011 0.129391 0.188727 0.26419 0.317455 0.2878 0.38 0.325333 0.2865 0.356222 0.389778 0.405933 0.397519 0.3822 0.463217
 0 0 0.034 0.0549286 0.0787857 0.116937 0.178895 0.222632 0.28448 0.284727 0.354909 0.322 0.386 0.4035 0.371333 0.227778 0.413889 0.39313 0.4282 0.467439
 0 0.012 0.0152 0.0376667 0.0832 0.140769 0.181333 0.194667 0.2768 0.2948 0.327111 0.296 0.444 0.328333 0.391333 0.212815 0.281889 0.355278 0.45175 0.466653
 0 0.008 0.0453333 0.04 0.0916667 0.174333 0.162667 0.207625 0.253818 0.28 0.282667 0.346429 0.367538 0.336 0.375867 0.259481 0.263111 0.374833 0.50275 0.473953
 0 0.0144 0.0351429 0.07325 0.11 0.118 0.185 0.198 0.25 0.2432 0.289429 0.340923 0.362 0.4135 0.396089 0.374815 0.272222 0.393056 0.47325 0.467731
 0 0.018 0.033625 0.0931579 0.142308 0.146 0.24 0.27 0.2716 0.304267 0.331636 0.389333 0.374571 0.468333 0.380089 0.38 0.272222 0.291722 0.4693 0.452673
 0.004 0.0193103 0.064 0.08865 0.186938 0.203143 0.179 0.266 0.342 0.271 0.338909 0.332471 0.322133 0.408 0.394434 0.39175 0.268 0.344667 0.420411 0.474
 0.0035 0.0120909 0.0475098 0.101062 0.155429 0.203083 0.184 0 0.2976 0.265 0.221333 0.329917 0.305538 0.482778 0.362498 0.409512 0.287889 0.361833 0.280578 0.508576
 0 0.0113571 0.0372 0.101068 0.175167 0.220885 0.24075 0.2602 0 0.3 0.30375 0.476 0.3012 0.353778 0.372265 0.402145 0.418639 0.536833 0.289111 0.544795
 0 0.018 0.041825 0.0898 0.170944 0.224375 0.303909 0.30575 0.278 0.325333 0.3075 0.363 0.412429 0.328556 0.380652 0.3843 0.413372 0.4822 0.288889 0.559361
 0 0.018 0.041825 0.0898 0.170944 0.224375 0.303909 0.30575 0.278 0.325333 0.3075 0.363 0.412429 0.328556 0.380652 0.3843 0.413372 0.4822 0.288889 0.559361
#wt_pop_f_in
 0.009 0.015 0.03 0.059 0.112 0.183 0.267 0.363 0.439 0.489 0.577 0.57 0.612 0.667 0.714 0.79 0.862 0.939 0.889 0.815
 0.009 0.015 0.03 0.059 0.112 0.183 0.267 0.363 0.439 0.489 0.577 0.57 0.612 0.667 0.714 0.79 0.862 0.939 0.889 0.815
 0.009 0.015 0.03 0.059 0.112 0.183 0.267 0.363 0.439 0.489 0.577 0.57 0.612 0.667 0.714 0.79 0.862 0.939 0.889 0.815
 0.009 0.015 0.03 0.059 0.112 0.183 0.267 0.363 0.439 0.489 0.577 0.57 0.612 0.667 0.714 0.79 0.862 0.939 0.889 0.815
 0.009 0.015 0.03 0.059 0.112 0.183 0.267 0.363 0.439 0.489 0.577 0.57 0.612 0.667 0.714 0.79 0.862 0.939 0.889 0.815
 0.009 0.015 0.03 0.059 0.112 0.183 0.267 0.363 0.439 0.489 0.577 0.57 0.612 0.667 0.714 0.79 0.862 0.939 0.889 0.815
 0.009 0.015 0.03 0.059 0.112 0.183 0.267 0.363 0.439 0.489 0.577 0.57 0.612 0.667 0.714 0.79 0.862 0.939 0.889 0.815
 0.009 0.018 0.052 0.077 0.101 0.153 0.212 0.282 0.391 0.421 0.538 0.494 0.643 0.614 0.908 0.969 0.935 0.935 0.948 0.88
 0.009 0.013 0.032 0.102 0.154 0.2 0.277 0.312 0.431 0.418 0.497 0.466 0.608 0.63 0.817 0.864 0.992 1.08 1.022 0.88
 0.009 0.014 0.029 0.06 0.133 0.205 0.249 0.331 0.421 0.473 0.588 0.543 0.584 0.799 0.729 0.803 0.963 1.022 0.983 0.88
 0.009 0.021 0.033 0.068 0.152 0.249 0.33 0.397 0.511 0.503 0.615 0.62 0.539 0.615 0.717 0.757 0.896 1.013 0.993 0.91
 0.009 0.015 0.029 0.044 0.104 0.188 0.295 0.369 0.43 0.51 0.545 0.515 0.611 0.547 0.72 0.777 0.875 1.015 0.97 0.864
 0.009 0.015 0.034 0.065 0.115 0.205 0.339 0.494 0.521 0.487 0.614 0.598 0.634 0.746 0.647 0.755 0.866 1.02 0.956 0.864
 0.009 0.015 0.028 0.048 0.117 0.192 0.311 0.419 0.414 0.508 0.604 0.708 0.615 0.647 0.631 0.731 0.806 0.913 0.881 0.83
 0.009 0.016 0.025 0.055 0.093 0.175 0.236 0.38 0.495 0.559 0.609 0.564 0.566 0.723 0.661 0.727 0.801 0.908 0.87 0.83
 0.009 0.009 0.015 0.039 0.082 0.145 0.235 0.335 0.431 0.547 0.612 0.62 0.614 0.685 0.68 0.793 0.838 0.896 0.835 0.794
 0.009 0.009 0.022 0.031 0.072 0.117 0.184 0.306 0.349 0.462 0.549 0.574 0.705 0.667 0.694 0.802 0.856 0.855 0.798 0.819
 0.009 0.009 0.018 0.037 0.058 0.095 0.166 0.218 0.332 0.416 0.445 0.544 0.585 0.628 0.716 0.767 0.841 0.826 0.795 0.806
 0.009 0.009 0.022 0.031 0.082 0.108 0.182 0.228 0.305 0.41 0.534 0.629 0.555 0.645 0.72 0.79 0.854 0.851 0.828 0.826
 0.009 0.009 0.025 0.047 0.075 0.105 0.174 0.207 0.325 0.43 0.442 0.544 0.555 0.656 0.696 0.788 0.87 0.838 0.803 0.813
 0.009 0.009 0.025 0.039 0.072 0.112 0.157 0.218 0.268 0.39 0.41 0.465 0.681 0.673 0.666 0.729 0.869 0.803 0.785 0.812
 0.009 0.007 0.022 0.053 0.072 0.128 0.171 0.245 0.281 0.354 0.448 0.514 0.52 0.621 0.638 0.686 0.856 0.78 0.821 0.813
 0.009 0.016 0.021 0.045 0.082 0.102 0.173 0.199 0.238 0.344 0.393 0.418 0.468 0.665 0.632 0.66 0.808 0.782 0.824 0.81
 0.009 0.016 0.023 0.049 0.072 0.115 0.173 0.198 0.226 0.318 0.339 0.393 0.42 0.556 0.604 0.659 0.791 0.758 0.811 0.808
 0.009 0.016 0.017 0.029 0.045 0.086 0.114 0.178 0.237 0.245 0.32 0.387 0.437 0.489 0.591 0.646 0.745 0.737 0.803 0.838
 0.009 0.016 0 0.033 0.062 0.094 0.136 0.2 0.245 0.293 0.339 0.406 0.41 0.472 0.56 0.617 0.687 0.735 0.816 0.851
 0 0.02 0.0391429 0.0813333 0.0803077 0.115636 0.159111 0.218 0.228625 0.299 0.3316 0.380333 0.488667 0.513226 0.525396 0.635083 0.690667 0.844843 0.857022 0.905944
 0 0.0153333 0.0392727 0.0774286 0.111273 0.12365 0.1804 0.233857 0.271667 0.342333 0.350632 0.425613 0.4396 0.518 0.536774 0.609845 0.661717 0.745033 0.809356 0.928463
 0.003 0.011375 0.0395111 0.0689412 0.122133 0.1304 0.194333 0.215846 0.3402 0.354615 0.4692 0.401 0.483724 0.589143 0.559583 0.594396 0.685495 0.692167 0.7458 0.891114
 0 0.036 0.0357027 0.0904348 0.197364 0.201 0.424 0.278875 0.2952 0.463333 0.455 0.581111 0.591143 0.55625 0.598648 0.618563 0.669956 0.653711 0.731 0.845099
 0 0.013 0.0313684 0.070037 0.144821 0.229714 0.228667 0.294571 0.332875 0.363 0.436333 0.503 0.448 0.525111 0.597137 0.624505 0.642684 0.660933 0.724051 0.777647
 0 0.013 0.0231111 0.0451111 0.0996667 0.153875 0.238 0.26125 0.329 0.3631 0.357143 0.4895 0.455333 0.485 0.588156 0.606815 0.602395 0.661648 0.708801 0.742811
 0 0.008 0.0181818 0.035 0.07 0.136909 0.217714 0.250563 0.335667 0.3402 0.4804 0.4255 0.512 0.574889 0.593314 0.549065 0.6106 0.638603 0.683571 0.756326
 0 0 0.0171111 0.0388333 0.06056 0.136333 0.169795 0.323 0.313 0.515143 0.447846 0.601333 0.496 0 0.552581 0.559583 0.609711 0.632344 0.680853 0.759534
 0 0.008 0.0146154 0.0317419 0.056 0.1024 0.15681 0.271548 0.32016 0.348286 0.3988 0.433667 0.474909 0.4484 0.564298 0.623639 0.636085 0.601074 0.707732 0.756599
 0 0.012 0.022 0.0467778 0.0695385 0.115333 0.145565 0.244564 0.32472 0.370941 0.479333 0.448727 0.447 0.619077 0.564583 0.630333 0.692419 0.600074 0.61803 0.722022
 0 0 0.0352 0.0763333 0.144214 0.170233 0.1873 0.270368 0.3475 0.396091 0.475882 0.5346 0.530429 0.603667 0.613843 0.691444 0.727974 0.722444 0.519363 0.73714
 0 0 0 0.038 0.0892727 0.1316 0.1817 0.2588 0.326667 0.3868 0.474444 0.562 0.616667 0.68375 0.642259 0.657349 0.745833 0.740667 0.539733 0.762792
 0 0.01 0.0335556 0.107333 0.107333 0.137667 0.241714 0.235091 0.342167 0.378522 0.444526 0.572857 0.623455 0.68 0.64637 0.759905 0.706233 0.536667 0.663333 0.764381
 0 0.012 0.0308 0.0736 0.1016 0.184667 0.142 0.134 0.33175 0.3598 0.451 0.532645 0.645 0.615167 0.722111 0.718201 0.7789 0.469238 0.777333 0.780953
 0.006 0.0133333 0.0326957 0.0871579 0.129375 0.274 0.254 0.3448 0.3315 0.398778 0.492222 0.60475 0.581063 0.656727 0.728311 0.740296 0.7614 0.533016 0.831467 0.796671
 0 0.0190968 0.0762 0.0779688 0.196182 0.1891 0.275 0.248 0.416 0.447375 0.469059 0.541214 0.538048 0.557187 0.726651 0.665157 0.769619 0.803749 0.79855 0.848219
 0 0.0130556 0.0456818 0.109333 0.171231 0.255941 0.2936 0.313714 0.385 0.6175 0.474714 0.523692 0.586278 0.524154 0.671684 0.667806 0.735244 0.810844 1.05055 0.89769
 0.0015 0.0107143 0.04514 0.100679 0.188909 0.256243 0.315333 0.375286 0.46325 0.427333 0.457 0.500286 0.539235 0.609583 0.650766 0.670972 0.756088 0.783122 0.961083 0.914761
 0 0.0170667 0.0423437 0.101185 0.18866 0.266 0.41535 0.407556 0.3925 0.405 0.557333 0.679 0.56925 0.642462 0.625649 0.677757 0.741077 0.726675 0.911778 0.904534
 0 0.0170667 0.0423437 0.101185 0.18866 0.266 0.41535 0.407556 0.3925 0.405 0.557333 0.679 0.56925 0.642462 0.625649 0.677757 0.741077 0.726675 0.911778 0.904534
#wt_pop_m_in
 0.007 0.011 0.013 0.026 0.055 0.1 0.153 0.213 0.256 0.259 0.311 0.301 0.314 0.353 0.367 0.33 0.455 0.342 0.366 0.36
 0.007 0.011 0.013 0.026 0.055 0.1 0.153 0.213 0.256 0.259 0.311 0.301 0.314 0.353 0.367 0.33 0.455 0.342 0.366 0.36
 0.007 0.011 0.013 0.026 0.055 0.1 0.153 0.213 0.256 0.259 0.311 0.301 0.314 0.353 0.367 0.33 0.455 0.342 0.366 0.36
 0.007 0.011 0.013 0.026 0.055 0.1 0.153 0.213 0.256 0.259 0.311 0.301 0.314 0.353 0.367 0.33 0.455 0.342 0.366 0.36
 0.007 0.011 0.013 0.026 0.055 0.1 0.153 0.213 0.256 0.259 0.311 0.301 0.314 0.353 0.367 0.33 0.455 0.342 0.366 0.36
 0.007 0.011 0.013 0.026 0.055 0.1 0.153 0.213 0.256 0.259 0.311 0.301 0.314 0.353 0.367 0.33 0.455 0.342 0.366 0.36
 0.002 0.014 0.047 0.078 0.088 0.145 0.176 0.205 0.208 0.282 0.339 0.239 0.273 0.352 0.31 0.582 0.373 0.325 0.36 0.399
 0.002 0.014 0.047 0.078 0.088 0.145 0.176 0.205 0.208 0.282 0.339 0.239 0.273 0.352 0.31 0.582 0.373 0.325 0.36 0.399
 0.002 0.015 0.029 0.093 0.132 0.149 0.191 0.219 0.201 0.24 0.208 0.255 0.297 0.306 0.306 0.49 0.373 0.325 0.36 0.399
 0.002 0.018 0.023 0.053 0.12 0.13 0.198 0.216 0.228 0.284 0.256 0.251 0.292 0.293 0.294 0.447 0.346 0.325 0.36 0.399
 0.002 0.018 0.034 0.061 0.135 0.206 0.228 0.256 0.252 0.327 0.335 0.327 0.575 0.369 0.298 0.481 0.353 0.325 0.36 0.399
 0.002 0.018 0.027 0.037 0.092 0.168 0.261 0.252 0.253 0.26 0.299 0.327 0.575 0.369 0.3 0.501 0.357 0.325 0.36 0.399
 0.002 0.012 0.029 0.065 0.101 0.176 0.257 0.303 0.277 0.26 0.299 0.327 0.575 0.369 0.3 0.501 0.354 0.325 0.36 0.399
 0.002 0.014 0.022 0.049 0.11 0.172 0.233 0.301 0.337 0.438 0.324 0.278 0.345 0.458 0.302 0.538 0.352 0.342 0.36 0.399
 0.002 0.012 0.022 0.048 0.097 0.156 0.208 0.293 0.286 0.368 0.313 0.356 0.345 0.341 0.31 0.562 0.365 0.358 0.36 0.372
 0.002 0.006 0.014 0.033 0.066 0.125 0.203 0.29 0.305 0.292 0.314 0.377 0.336 0.398 0.32 0.542 0.363 0.374 0.36 0.35
 0.002 0.012 0.011 0.03 0.062 0.105 0.174 0.225 0.243 0.312 0.322 0.425 0.351 0.422 0.34 0.521 0.36 0.391 0.36 0.35
 0.002 0.008 0.013 0.031 0.053 0.089 0.166 0.202 0.244 0.234 0.323 0.311 0.345 0.318 0.347 0.477 0.376 0.407 0.36 0.35
 0.002 0.007 0.019 0.035 0.069 0.096 0.149 0.166 0.263 0.309 0.353 0.34 0.471 0.355 0.369 0.432 0.391 0.407 0.36 0.35
 0.002 0.011 0.02 0.041 0.066 0.093 0.143 0.216 0.216 0.242 0.286 0.317 0.361 0.362 0.383 0.42 0.399 0.407 0.368 0.377
 0.002 0.011 0.029 0.039 0.069 0.093 0.153 0.175 0.218 0.247 0.281 0.303 0.379 0.306 0.387 0.408 0.406 0.407 0.375 0.399
 0.002 0.006 0.02 0.045 0.07 0.113 0.152 0.205 0.205 0.232 0.302 0.294 0.245 0.359 0.352 0.391 0.42 0.422 0.383 0.399
 0.002 0.006 0.018 0.04 0.071 0.112 0.147 0.208 0.215 0.219 0.272 0.263 0.323 0.255 0.362 0.398 0.419 0.437 0.39 0.399
 0.002 0.006 0.023 0.041 0.072 0.083 0.148 0.174 0.225 0.225 0.232 0.257 0.245 0.325 0.356 0.407 0.417 0.478 0.398 0.399
 0.002 0.006 0.015 0.031 0.041 0.092 0.142 0.155 0.19 0.2 0.239 0.255 0.229 0.262 0.338 0.404 0.425 0.505 0.398 0.399
 0.002 0.006 0.015 0.038 0.034 0.068 0.12 0.163 0.205 0.205 0.23 0.26 0.277 0.269 0.318 0.382 0.406 0.52 0.406 0.399
 0 0.022 0.0291429 0.0657143 0.0738333 0.101467 0.138364 0.189158 0.244 0.232235 0.238308 0.319273 0.344556 0.372471 0.398333 0.387956 0.373167 0.463333 0.394 0.156667
 0 0.0162 0.03232 0.0695 0.09 0.112312 0.166167 0.22075 0.270421 0.225333 0.268857 0.284071 0.298571 0.3005 0.379944 0.385222 0.405167 0.408 0.394 0.156667
 0.002 0.0133043 0.0391111 0.0680833 0.1068 0.11025 0.1816 0.162571 0.387 0.277333 0.3904 0.283846 0.298818 0.378286 0.348344 0.381378 0.436167 0.382889 0.328 0.167111
 0 0.0233333 0.04256 0.112 0.2066 0.154222 0.186 0.3165 0.262 0 0.360154 0.302 0.3864 0.338933 0.324178 0.4081 0.38219 0.403822 0.115333 0.312711
 0 0.014 0.026 0.0670698 0.148176 0.188571 0.234444 0.2665 0.284 0.302 0.409 0.4024 0.428 0.279714 0.319733 0.406878 0.362024 0.396341 0.243333 0.422044
 0 0.00771429 0.0172 0.0463415 0.0982381 0.154412 0.214 0.2215 0.233429 0.2536 0.2436 0.282667 0.335667 0.360667 0.320067 0.414319 0.362802 0.41123 0.269273 0.406574
 0.004 0.00733333 0.0146154 0.037 0.0760606 0.130207 0.183895 0.230571 0.28225 0.241 0.278 0.341333 0.2955 0.2895 0.339448 0.352708 0.401897 0.40923 0.451828 0.398308
 0 0 0.0176667 0.0312727 0.0506667 0.123306 0.151619 0.238647 0.254 0.236 0.351 0.299714 0.325333 0.342 0.342337 0.396264 0.400997 0.434378 0.447162 0.439641
 0 0.008 0.0158 0.0305946 0.0566087 0.092 0.159463 0.21336 0.232923 0.234 0.302 0.399 0.343429 0.327 0.345603 0.412 0.401219 0.413119 0.439756 0.457911
 0 0.013 0.029 0.0349524 0.07104 0.1011 0.129391 0.188727 0.26419 0.317455 0.2878 0.38 0.325333 0.2865 0.356222 0.389778 0.405933 0.397519 0.3822 0.463217
 0 0 0.034 0.0549286 0.0787857 0.116937 0.178895 0.222632 0.28448 0.284727 0.354909 0.322 0.386 0.4035 0.371333 0.227778 0.413889 0.39313 0.4282 0.467439
 0 0.012 0.0152 0.0376667 0.0832 0.140769 0.181333 0.194667 0.2768 0.2948 0.327111 0.296 0.444 0.328333 0.391333 0.212815 0.281889 0.355278 0.45175 0.466653
 0 0.008 0.0453333 0.04 0.0916667 0.174333 0.162667 0.207625 0.253818 0.28 0.282667 0.346429 0.367538 0.336 0.375867 0.259481 0.263111 0.374833 0.50275 0.473953
 0 0.0144 0.0351429 0.07325 0.11 0.118 0.185 0.198 0.25 0.2432 0.289429 0.340923 0.362 0.4135 0.396089 0.374815 0.272222 0.393056 0.47325 0.467731
 0 0.018 0.033625 0.0931579 0.142308 0.146 0.24 0.27 0.2716 0.304267 0.331636 0.389333 0.374571 0.468333 0.380089 0.38 0.272222 0.291722 0.4693 0.452673
 0.004 0.0193103 0.064 0.08865 0.186938 0.203143 0.179 0.266 0.342 0.271 0.338909 0.332471 0.322133 0.408 0.394434 0.39175 0.268 0.344667 0.420411 0.474
 0.0035 0.0120909 0.0475098 0.101062 0.155429 0.203083 0.184 0 0.2976 0.265 0.221333 0.329917 0.305538 0.482778 0.362498 0.409512 0.287889 0.361833 0.280578 0.508576
 0 0.0113571 0.0372 0.101068 0.175167 0.220885 0.24075 0.2602 0 0.3 0.30375 0.476 0.3012 0.353778 0.372265 0.402145 0.418639 0.536833 0.289111 0.544795
 0 0.018 0.041825 0.0898 0.170944 0.224375 0.303909 0.30575 0.278 0.325333 0.3075 0.363 0.412429 0.328556 0.380652 0.3843 0.413372 0.4822 0.288889 0.559361
 0 0.018 0.041825 0.0898 0.170944 0.224375 0.303909 0.30575 0.278 0.325333 0.3075 0.363 0.412429 0.328556 0.380652 0.3843 0.413372 0.4822 0.288889 0.559361
#maturity
 0 0 0 0 0.001 0.008 0.061 0.2 0.505 0.75 0.888 0.929 0.955 0.979 0.983 0.991 0.996 0.997 0.997 0.997
 0 0 0 0 0.001 0.008 0.061 0.2 0.505 0.75 0.888 0.929 0.955 0.979 0.983 0.991 0.996 0.997 0.997 0.997
 0 0 0 0 0.001 0.008 0.061 0.2 0.505 0.75 0.888 0.929 0.955 0.979 0.983 0.991 0.996 0.997 0.997 0.997
 0 0 0 0 0.001 0.008 0.061 0.2 0.505 0.75 0.888 0.929 0.955 0.979 0.983 0.991 0.996 0.997 0.997 0.997
 0 0 0 0 0.001 0.008 0.061 0.2 0.505 0.75 0.888 0.929 0.955 0.979 0.983 0.991 0.996 0.997 0.997 0.997
 0 0 0 0 0.001 0.008 0.061 0.2 0.505 0.75 0.888 0.929 0.955 0.979 0.983 0.991 0.996 0.997 0.997 0.997
 0 0 0 0 0.001 0.008 0.061 0.2 0.505 0.75 0.888 0.929 0.955 0.979 0.983 0.991 0.996 0.997 0.997 0.997
 0 0 0 0 0.001 0.008 0.061 0.2 0.505 0.75 0.888 0.929 0.955 0.979 0.983 0.991 0.996 0.997 0.997 0.997
 0 0 0 0 0.001 0.008 0.061 0.2 0.505 0.75 0.888 0.929 0.955 0.979 0.983 0.991 0.996 0.997 0.997 0.997
 0 0 0 0 0.001 0.008 0.061 0.2 0.505 0.75 0.888 0.929 0.955 0.979 0.983 0.991 0.996 0.997 0.997 0.997
 0 0 0 0 0.001 0.008 0.061 0.2 0.505 0.75 0.888 0.929 0.955 0.979 0.983 0.991 0.996 0.997 0.997 0.997
 0 0 0 0 0.001 0.008 0.061 0.2 0.505 0.75 0.888 0.929 0.955 0.979 0.983 0.991 0.996 0.997 0.997 0.997
 0 0 0 0 0.001 0.008 0.061 0.2 0.505 0.75 0.888 0.929 0.955 0.979 0.983 0.991 0.996 0.997 0.997 0.997
 0 0 0 0 0.001 0.008 0.061 0.2 0.505 0.75 0.888 0.929 0.955 0.979 0.983 0.991 0.996 0.997 0.997 0.997
 0 0 0 0 0.001 0.008 0.061 0.2 0.505 0.75 0.888 0.929 0.955 0.979 0.983 0.991 0.996 0.997 0.997 0.997
 0 0 0 0 0.001 0.008 0.061 0.2 0.505 0.75 0.888 0.929 0.955 0.979 0.983 0.991 0.996 0.997 0.997 0.997
 0 0 0 0 0.001 0.008 0.061 0.2 0.505 0.75 0.888 0.929 0.955 0.979 0.983 0.991 0.996 0.997 0.997 0.997
 0 0 0 0 0.001 0.008 0.061 0.2 0.505 0.75 0.888 0.929 0.955 0.979 0.983 0.991 0.996 0.997 0.997 0.997
 0 0 0 0 0.001 0.008 0.061 0.2 0.505 0.75 0.888 0.929 0.955 0.979 0.983 0.991 0.996 0.997 0.997 0.997
 0 0 0 0 0.001 0.008 0.061 0.2 0.505 0.75 0.888 0.929 0.955 0.979 0.983 0.991 0.996 0.997 0.997 0.997
 0 0 0 0 0.001 0.008 0.061 0.2 0.505 0.75 0.888 0.929 0.955 0.979 0.983 0.991 0.996 0.997 0.997 0.997
 0 0 0 0 0.001 0.008 0.061 0.2 0.505 0.75 0.888 0.929 0.955 0.979 0.983 0.991 0.996 0.997 0.997 0.997
 0 0 0 0 0.001 0.008 0.061 0.2 0.505 0.75 0.888 0.929 0.955 0.979 0.983 0.991 0.996 0.997 0.997 0.997
 0 0 0 0 0.001 0.008 0.061 0.2 0.505 0.75 0.888 0.929 0.955 0.979 0.983 0.991 0.996 0.997 0.997 0.997
 0 0 0 0 0.001 0.008 0.061 0.2 0.505 0.75 0.888 0.929 0.955 0.979 0.983 0.991 0.996 0.997 0.997 0.997
 0 0 0 0 0.001 0.008 0.061 0.2 0.505 0.75 0.888 0.929 0.955 0.979 0.983 0.991 0.996 0.997 0.997 0.997
 0 0 0 0 0.001 0.008 0.061 0.2 0.505 0.75 0.888 0.929 0.955 0.979 0.983 0.991 0.996 0.997 0.997 0.997
 0 0 0 0 0.001 0.008 0.061 0.2 0.505 0.75 0.888 0.929 0.955 0.979 0.983 0.991 0.996 0.997 0.997 0.997
 0 0 0 0 0.001 0.008 0.061 0.2 0.505 0.75 0.888 0.929 0.955 0.979 0.983 0.991 0.996 0.997 0.997 0.997
 0 0 0 0 0.001 0.008 0.061 0.2 0.505 0.75 0.888 0.929 0.955 0.979 0.983 0.991 0.996 0.997 0.997 0.997
 0 0 0 0 0.001 0.008 0.061 0.2 0.505 0.75 0.888 0.929 0.955 0.979 0.983 0.991 0.996 0.997 0.997 0.997
 0 0 0 0 0.001 0.008 0.061 0.2 0.505 0.75 0.888 0.929 0.955 0.979 0.983 0.991 0.996 0.997 0.997 0.997
 0 0 0 0 0.001 0.008 0.061 0.2 0.505 0.75 0.888 0.929 0.955 0.979 0.983 0.991 0.996 0.997 0.997 0.997
 0 0 0 0 0.001 0.008 0.061 0.2 0.505 0.75 0.888 0.929 0.955 0.979 0.983 0.991 0.996 0.997 0.997 0.997
 0 0 0 0 0.001 0.008 0.061 0.2 0.505 0.75 0.888 0.929 0.955 0.979 0.983 0.991 0.996 0.997 0.997 0.997
 0 0 0 0 0.001 0.008 0.061 0.2 0.505 0.75 0.888 0.929 0.955 0.979 0.983 0.991 0.996 0.997 0.997 0.997
 0 0 0 0 0.001 0.008 0.061 0.2 0.505 0.75 0.888 0.929 0.955 0.979 0.983 0.991 0.996 0.997 0.997 0.997
 0 0 0 0 0.001 0.008 0.061 0.2 0.505 0.75 0.888 0.929 0.955 0.979 0.983 0.991 0.996 0.997 0.997 0.997
 0 0 0 0 0.001 0.008 0.061 0.2 0.505 0.75 0.888 0.929 0.955 0.979 0.983 0.991 0.996 0.997 0.997 0.997
 0 0 0 0 0.001 0.008 0.061 0.2 0.505 0.75 0.888 0.929 0.955 0.979 0.983 0.991 0.996 0.997 0.997 0.997
 0 0 0 0 0.001 0.008 0.061 0.2 0.505 0.75 0.888 0.929 0.955 0.979 0.983 0.991 0.996 0.997 0.997 0.997
 0 0 0 0 0.001 0.008 0.061 0.2 0.505 0.75 0.888 0.929 0.955 0.979 0.983 0.991 0.996 0.997 0.997 0.997
 0 0 0 0 0.001 0.008 0.061 0.2 0.505 0.75 0.888 0.929 0.955 0.979 0.983 0.991 0.996 0.997 0.997 0.997
 0 0 0 0 0.001 0.008 0.061 0.2 0.505 0.75 0.888 0.929 0.955 0.979 0.983 0.991 0.996 0.997 0.997 0.997
 0 0 0 0 0.001 0.008 0.061 0.2 0.505 0.75 0.888 0.929 0.955 0.979 0.983 0.991 0.996 0.997 0.997 0.997
 0 0 0 0 0.001 0.008 0.061 0.2 0.51 0.75 0.888 0.929 0.955 0.979 0.983 0.991 0.996 0.997 0.997 0.997
#init_age_comp
1
#n_env_cov
 0
#env_cov

#spawnmo
2
#srv_mo
 7
#n_wts
 2 24 40 49 87 77 57 79 39 44 42 53 53 41 19 16 12 4 4 16
 0 1 3 29 43 94 95 45 60 45 38 61 55 43 51 20 13 10 0 20
 0 0 11 55 82 79 79 61 53 56 58 38 42 43 53 34 21 12 5 34
 0 0 5 33 89 125 60 80 67 38 45 41 37 40 44 42 24 20 3 42
 0 0 2 9 40 86 162 53 66 48 46 34 39 30 35 27 32 11 12 27
 0 0 1 20 26 173 89 122 45 39 42 31 34 22 24 29 24 23 25 29
 0 0 2 3 52 7 146 69 51 12 19 15 18 31 19 10 12 12 16 10
 0 0 1 6 27 121 31 199 89 59 13 16 27 19 28 17 10 8 22 17
 0 0 2 18 27 62 151 31 187 58 56 12 13 17 9 26 21 13 14 26
 0 0 1 20 44 19 45 134 15 170 38 57 11 17 12 19 24 18 7 19
 0 0 1 31 57 54 23 26 91 11 98 14 32 11 14 19 12 18 12 19
 0 0 3 11 36 58 32 21 21 111 8 93 15 17 8 9 13 16 8 9
 0 2 6 9 17 45 78 45 32 21 94 1 61 5 25 10 5 8 16 10
 0 0 3 35 33 26 79 67 22 21 7 85 3 96 13 12 18 11 14 12
 0 0 5 16 122 36 28 44 43 28 17 21 71 14 89 15 12 16 15 15
 0 0 10 40 51 84 21 18 37 18 11 16 12 46 6 30 7 11 8 30
 0 0 7 15 41 49 101 31 27 32 35 33 15 16 21 9 40 20 14 9
 0 0 2 32 48 55 57 176 33 25 57 42 26 12 16 32 20 41 21 32
 0 0 1 4 29 23 28 63 92 20 30 25 21 12 15 16 24 24 30 16
 0 2 1 15 31 80 42 59 64 88 34 11 21 13 11 17 11 21 8 17
 0 0 11 22 28 45 120 56 55 43 75 32 15 32 19 20 14 15 23 20
 0 0 6 24 43 42 41 158 35 44 24 36 17 9 20 18 13 11 14 18
 1 13 24 42 89 81 42 40 112 24 15 20 24 12 5 20 19 12 9 20
 0 6 27 48 31 71 59 26 47 94 15 12 15 20 10 7 16 11 12 7
 0 1 20 40 44 28 48 34 18 22 41 9 10 9 8 9 3 8 12 9
 0 1 13 105 73 79 47 83 39 19 32 57 15 19 16 12 14 18 16 12
 0 0 4 16 119 102 99 68 75 34 21 35 53 16 11 11 20 11 13 11
 0 1 7 18 27 144 90 95 48 39 38 18 17 35 13 9 7 10 14 9
 0 0 9 45 70 66 149 82 80 32 35 21 15 16 23 14 8 14 21 11
 0 0 9 45 70 66 149 82 80 32 35 21 15 16 23 14 8 14 21 11
 0 0 9 45 70 66 149 82 80 32 35 21 15 16 23 14 8 14 21 11
#growth_cov
 0.4 0.413158 0.0831579 -0.186842 1.14316 1.17316 0.423158 0.743158 0.583158 0.493158 0.113158 0.383158 0.373158 0.303158 1.21316 0.543158 0.753158 0.483158 -0.986842 -0.586842 -0.296842 0.443158 -0.526842 -1.14684 0.573158 1.14316 1.21316 0.973158 1.57316 -0.756842 0.463158 -0.756842 -0.966842 -0.896842 0.343158 -0.226842 -0.0768421 -0.216842 -0.346842 -0.616842 0.703158 -0.486842 -0.776842 0.363158 0 0
