#N future years
#83
79
#2018-2100
0.3217693
0.3217693
0.3217693
0.3217693
0.3217693
0.3217693
0.3217693
0.3217693
0.3217693
0.3217693
0.3217693
0.3217693
0.3217693
0.3217693
0.3217693
0.3217693
0.3217693
0.3217693
0.3217693
0.3217693
0.3217693
0.3217693
0.3217693
0.3217693
0.3217693
0.3217693
0.3217693
0.3217693
0.3217693
0.3217693
0.3217693
0.3217693
0.3217693
0.3217693
0.3217693
0.3217693
0.3217693
0.3217693
0.3217693
0.3217693
0.3217693
0.3217693
0.3217693
0.3217693
0.3217693
0.3217693
0.3217693
0.3217693
0.3217693
0.3217693
0.3217693
0.3217693
0.3217693
0.3217693
0.3217693
0.3217693
0.3217693
0.3217693
0.3217693
0.3217693
0.3217693
0.3217693
0.3217693
0.3217693
0.3217693
0.3217693
0.3217693
0.3217693
0.3217693
0.3217693
0.3217693
0.3217693
0.3217693
0.3217693
0.3217693
0.3217693
0.3217693
0.3217693
0.3217693