#	Flatfish	model	with	growth	data	included	This	file	is	for	northern	rock	sole																																																	
#	styr																																																													
1975																																																														
#	endyr																																																													
2020																																																														
#	nages																																																													
20																																																														
#	a	b	Females																																																											
#	female	l-w	relationship	wt(g)=0.0054*L(cm)^3.227																																																										
0.00618	3.1765																																																													
#	male	l-w	relationship	wt(g)=0.008541*L(cm)^3.0808																																																										
#	a	b	Males																																																											
#																																																														
0.00505	3.2243																																																													
#	nfsh																																																													
1																																																														
#catch_bio	1975	1976	1977	1978	1979	1980	1981	1982	1983	1984	1985	1986	1987	1988	1989	1990	1991	1992	1993	1994	1995	1996	1997	1998	1999	2000	2001	2002	2003	2004	2005	2006	2007	2008	2009	2010	2011	2012	2013	2014	2015	2016	2017	2018	2019	2020
	12.014	9.964	5.319	7.038	5.874	8.798	9.021	11.843	13.619	37.679	18.75	19.611	40.822	86.366	68.912	35.253	56.05751	52.72273	64.26149	59.60677	55.02909	46.92918	67.81476	33.64403	41.08976	49.66795	29.47676	41.86682	36.086103	48.680902	37.362473	36.455868	37.126111	51.276233	48.715785	53.20041658	60.53445481	75.94505477	59.7512901	51.69010232	45.46764346	45.08382148	35.22152235	28.26902533	25.80004081	22.24832011
#	nyrs_fsh_combined	sex	age																																																											
0																																																														
#	nyrs_fsh_split	sex	age																																																											
41																																																														
#	yrs_fsh_age_combined								1000																																																					
#	yrs_fsh_age_split	females	first	then	males																																																									
1979	1980	1981	1982	1983	1984	1985	1986	1987	1988	1989	1990	1991	1992	1993	1994	1995	1996	1997	1998	1999	2000	2001	2002	2003	2004	2005	2006	2007	2008	2009	2010	2011	2012	2013	2014	2015	2016	2017	2018	2019
#	Year	Sex	oac_fsh	(1	nfsh	1	nyrs_fsh_age	1	nages)																																																					
0	0	0.00E+00	0.000209215	0.000164187	0.001052738	0.008553969	0.043010772	0.163030154	0.165336029	0.053075189	0.054663469	0.055229623	0.044069252	0.022674468	0.015617781	0.000257722	0	0.000109669	0	0	0	0	8.34E-05	0.000490169	0.00071514	0.010563221	0.022027433	0.050431343	0.08916155	0.063436496	0.074163669	0.04219453	0.017175787	0	0.002502992	0	0	0	0																							
0	0	0.008392303	0.042666723	0.061930661	0.033902909	0.069585012	0.043502416	0.034527314	0.108744877	0.08181064	0.030604505	0.037001365	0.025249808	0.020739062	0.007468791	0	0	0	0	0	0.004128525	0.040299334	0.020180477	0.087130364	0.045684902	0.025079249	0.024419918	0.032644788	0.061213086	0.02424122	0.014925679	0.004696796	0.007723012	0.001506261	0	0	0	0	0																							
0	9.56E-05	0.024721626	0.044337353	0.017098098	0.13534113	0.044579024	0.023284081	0.022122201	0.035152257	0.103035812	0.043259659	0.037316143	0.012453763	0.023001778	0.010810134	0.002007729	0.000948094	0	0	0	0.002485416	0.043662147	0.066611698	0.03674197	0.170665612	0.021889527	0.012474747	0.019070033	0.031078748	0.013229719	0.000801575	0.00057788	0.000216239	0.000654309	0.000208782	6.71E-05	0	0	0																							
#Carey replaced 1982+ in 2020
0	0.003195986	0.042868652	0.052885039	0.046425616	0.123799257	0.089202301	0.050622289	0.015701082	0.018906125	0.012887312	0.011640866	0.011640352	0.005946668	0.001992527	0.002765981	0.002450976	0	0.000467199	0	0	0.018515003	0.03413523	0.113710671	0.123820766	0.04531099	0.084008201	0.029845804	0.011693163	0.005719761	0.00530206	0.023884148	0.008503434	0.002152542	0	0	0	0	0	0
0	0.001094027	0.078554483	0.065847735	0.079159259	0.040154325	0.052859176	0.0535295	0.023934704	0.023527586	0.01044543	0.013582749	0.020922245	0.010077323	0.006153098	0.006521243	0.001383366	0.000589074	0.000241622	0	0	0.017146435	0.094932478	0.092490197	0.100008865	0.048983429	0.037848211	0.049142596	0.023009436	0.016037453	0.005299766	0.007638014	0.008608365	0.005090914	0.004540151	0.000646745	0	0	0	0
0	0.010770573	0.05872722	0.091034515	0.069306735	0.047945444	0.050905325	0.035500698	0.032190802	0.023104799	0.006341406	0.009074127	0.013610934	0.003747365	0.005093829	0.003494493	0.000565488	0	0.000565488	0	0	0.016781825	0.054521734	0.167357013	0.084785079	0.035765194	0.082115523	0.022800548	0.041212689	0.005772279	0.00570374	0.004294861	0.00138808	0.005227203	0.006484802	0.001738521	0.00138808	0	0	0.000683586
0.001220717	0.01908748	0.036984383	0.119269186	0.119707459	0.049926434	0.044458628	0.037013184	0.0169251	0.028385918	0.006569588	0.003485136	0.001486581	0.002857463	0.006336004	0.008417947	0.001212319	0.000567717	0.000548644	0.002141318	0.001166702	0.019855529	0.060575504	0.139068031	0.129442106	0.066503445	0.027787538	0.018459288	0.014955661	0.007334742	0.001411049	0	0.000114599	0.000846833	0.003835213	0.000123391	0.000707179	0.001211983	0	0
0	0	0.027713284	0.070466791	0.116181484	0.093611666	0.051263448	0.025956701	0.030602449	0.009856069	0.021433239	0.003901889	0.003699916	0.003393596	0.000976296	0.003542194	0.003147429	0.000127736	0	0.002265983	0	0	0.052734812	0.131627361	0.125688049	0.120564648	0.043211734	0.024378899	0.018586316	0	0.015068013	0	0	0	0	0	0	0	0	0
0	0	0.033862041	0.095042996	0.062970658	0.081265504	0.09841671	0.02318068	0.015441213	0.01663963	0.012644025	0.023750406	0.005219214	0.001461348	0.001787376	0.000641682	0.001626901	0.000753095	0.000422631	0.00305454	0	0.002946649	0.091662979	0.083132042	0.127093901	0.067820237	0.072444	0.021862453	0.028665951	0.012154087	0	0.012506467	0	0	0	0	0.001530585	0	0	0
0	0.013113248	0.078775904	0.071730492	0.145785362	0.040184112	0.049182265	0.04251543	0.024909843	0.007848241	0.015586033	0.005412177	0.008711156	0.006342685	0	0.000814537	0.001363699	0.005104601	0.001581032	0.001750671	0	0.022994156	0.056050868	0.118050885	0.094747626	0.077915573	0.062540889	0.018911373	0.012704203	0.00052246	0.004877743	0.005574398	0	0.000983614	0	0	0	0.002098967	0.001315756	0
0	0.008599666	0.057668018	0.066213349	0.070373748	0.097458851	0.051721219	0.050819005	0.036674793	0.011520639	0.007908438	0.011266547	0.006644428	0.006875766	0.003948607	0.001443981	0.000313224	0.000313224	0.002425116	0.001665382	0	0.008383578	0.063904465	0.082070023	0.10107799	0.099822481	0.061749875	0.033769861	0.025989141	0.007866805	0.006125896	0.002741138	0.003571028	0.005119232	0	0.00215762	0	0	0	0.001796866
0	0.001238853	0.041377746	0.129557603	0.094418183	0.054678256	0.054288439	0.029403041	0.03158623	0.017632154	0.009658445	0.004637266	0.004459033	0.00104219	0.00245408	0.000123843	0	0.000869915	0	0.002454799	0	0.000859708	0.067142341	0.178067191	0.093311782	0.048783091	0.072186593	0.00814839	0.019786904	0.01733909	0.004990049	0.001791111	0.00287119	0.000952629	0.002076807	0	0	0	0	0.001813047
0	0	0.005289959	0.120368609	0.097907998	0.079708195	0.044584323	0.047056616	0.029304323	0.020183933	0.014639096	0.012672884	0.00473006	0.005066339	0.002923111	0.001478983	0	0.000382222	0.000528525	0.002844546	0	0.001201395	0.004906072	0.162167776	0.127149802	0.060256085	0.056006145	0.039313614	0.017733569	0.022416922	0.011827413	0.001144515	0.004046504	0.001276036	0.00088443	0	0	0	0	0
0	0	0.019213967	0.038133587	0.124337824	0.116197591	0.050359359	0.04485272	0.026987464	0.02260339	0.022383162	0.01297456	0.007813482	0.005214812	0.003566951	0.001762674	0.00102118	0	0.001137187	0.00053549	0	0.000779344	0.011019089	0.035857664	0.178371519	0.113646026	0.03555224	0.059085586	0.027697653	0.00852141	0.010344148	0.006591631	0.006425799	0.004408718	0.001423689	0.000903524	0.000276559	0	0	0
0	0.001141257	0.025478839	0.048720209	0.054357802	0.129080605	0.075721215	0.040542127	0.033229328	0.029462958	0.005480663	0.008974421	0.008561764	0.005019707	0.002663216	0.000854522	0	0	0.000408388	0.000408388	0	0.001945345	0.050999675	0.057289599	0.042140776	0.177043981	0.093025827	0.038414291	0.040960926	0.012393557	0.006743773	0.002618372	0.002332383	0.002529618	0.00107373	0	0	0	0	0.000382738
0	0	0.015776959	0.055353831	0.046289822	0.039967395	0.131393866	0.094015784	0.036505671	0.01140313	0.024719268	0.013156283	0.007111435	0.007840328	0.003831887	0.002606962	0.000544442	0.000754293	0.001567118	0.001052262	0	0.002832949	0.017519575	0.088483269	0.043250612	0.050232765	0.167967394	0.053250865	0.034233335	0.01144121	0.018727753	0.006073855	0.003828237	0.00461549	0.002031691	0.000972296	0.000323982	0	0.000323982	0
0	0	0	0.047424049	0.088089167	0.041951484	0.024625857	0.114722157	0.066987431	0.029637243	0.03152289	0.02379482	0.008811825	0.004262887	0.009274343	0	0.000946322	0.000337983	0.000337983	0.000850161	0	0	0.014521959	0.039897255	0.106161534	0.044418187	0.040173274	0.119989885	0.072256443	0.018885327	0.021292752	0.013783875	0.006377545	0.008665363	0	0	0	0	0	0
0	0.000616161	0.037629564	0.019784513	0.034257294	0.083487289	0.025157772	0.050590746	0.099081838	0.065218163	0.016450314	0.007968039	0.013789764	0.004768534	0.004916292	0.005348901	0.001513108	0.000888924	0.000140272	0.0008912	0	0.00295943	0.055117793	0.024452931	0.035558877	0.102580244	0.029580341	0.04094832	0.117546936	0.063951665	0.021117494	0.01139814	0.009635022	0.002278816	0.005041591	0.00338016	0.001766978	0.000186573	0	0
0	0	0.017184256	0.064425874	0.011967776	0.029340438	0.103395207	0.040670284	0.027361216	0.089529979	0.031341466	0.020431341	0.026756159	0.007196959	0.00860661	0.010851603	0.005307879	0.00245503	0	0.001183051	0	0.000280474	0.025884573	0.058324069	0.035390721	0.047648296	0.113159808	0.004495554	0.052916098	0.079997487	0.02540557	0.031973373	0.009203549	0.014789703	0.002525596	0	0	0	0	0
0	0	0.009900767	0.031053509	0.033547609	0.029839363	0.040777171	0.075276211	0.023197319	0.021219239	0.112574661	0.055683781	0.018331028	0.011597667	0.01511395	0.002203274	0.002056154	0.001132258	0.001144862	0.002039872	0	0	0.015326212	0.043596076	0.054880126	0.031863004	0.060329049	0.109518094	0.027023421	0.039673508	0.054738245	0.05415419	0.016139613	0.001390195	0.001673053	0.001571629	0.001357197	6.19776E-05	0	1.57143E-05
0	0	0.002834595	0.005140211	0.013845779	0.037649655	0.012202075	0.046818788	0.076532361	0.05276508	0.038271021	0.102111722	0.025330744	0.020429536	0.008309044	0.013189757	0.003138707	0.002291115	0.001535599	0.000234716	0	0	0.005436388	0.00883139	0.025511488	0.075037679	0.003472539	0.037514406	0.123249843	0.060030001	0.041271736	0.085679372	0.046611683	0.012142068	0.007000288	0.003641485	0.000517257	0.001421871	0	0
0	0	0	0.020623777	0.017772621	0.027710756	0.047152183	0.028222692	0.035663522	0.07008759	0.052751258	0.042094092	0.091326258	0.041985065	0.023628885	0.022870773	0.005138407	0.000932697	0.000676689	0.001373234	0	0	0.005084535	0.04125706	0.011421919	0.017513793	0.063158086	0.016817879	0.079033108	0.102373801	0.037883114	0.035733327	0.036827929	0.011691928	0.005495959	0.002262072	0.002153907	0.00021633	0.000639691	0.000425063
0	0.000893373	0.011261316	0.008729522	0.021074826	0.019125416	0.01659171	0.049902577	0.036730781	0.043422058	0.083041837	0.02289642	0.035101091	0.081836113	0.039328714	0.017902435	0.006433839	0.002211161	0.001572527	0.000510334	0	0.001641647	0.009803	0.016724206	0.053465195	0.033710306	0.026688923	0.059328141	0.022723851	0.093787505	0.055774779	0.036639022	0.039955291	0.032991466	0.008827402	0.003965003	0.001304036	0.003850736	0.000253445	0
0	0.008376762	0.028132712	0.010497639	0.018888315	0.065577965	0.017381084	0.022459435	0.03378686	0.013626226	0.049491723	0.091273388	0.02712204	0.018997521	0.06993408	0.026578809	0.015260586	0.008429631	0.000720583	0.005142014	0	0.012269497	0.037263437	0.020281645	0.019732458	0.049578689	0.023340456	0.01249103	0.061964746	0.035422114	0.027424718	0.062051816	0.025631036	0.015526635	0.050594152	0.012455222	0.000229951	0.002065027	0	0
0.000507297	0.028706501	0.057003645	0.025006555	0.024236266	0.008719266	0.046008788	0.02430255	0.021013038	0.023710011	0.008291072	0.01923649	0.069778455	0.013166545	0.020502029	0.06532407	0.01495837	0.012125412	0.005834165	0.004046156	0.000790324	0.05459963	0.078281238	0.041127237	0.02897775	0.016748933	0.040548514	0.018126723	0.003315956	0.007375075	0.011699715	0.046620897	0.07118808	0.01825588	0.028529715	0.023725801	0.009908048	0.002938345	0.004225061	0.000540395
0	0.002356479	0.091650649	0.052069863	0.047628365	0.023900587	0.011296536	0.031471497	0.01004357	0.006941451	0.031733739	0.031675171	0.015546827	0.020769215	0.013663525	0.007922916	0.039608026	0.031523117	0.000511568	0.015450222	0	0.009175534	0.138546146	0.087236454	0.04051443	0.026484329	0.011120888	0.028416907	0.018311662	0	0.041796746	0.005445574	0.008725579	0.051654034	0.005445574	0.000555294	0.020192958	0.013237482	0	0.007377084
0	0.012512348	0.067684725	0.105204063	0.061441089	0.011981535	0.013637957	0.012749266	0.026385373	0.006497347	0.010535746	0.005310108	0.010191618	0.020933944	0.020367154	0.014911246	0.01755419	0.017374266	0.016822915	0.011971091	0	0.007853698	0.124801388	0.122582028	0.088318272	0.021744287	0.032161777	0.018236275	0.01229924	0.006919237	0.004651101	0.00636305	0.000778187	0.025770868	0.010260535	0.007214212	0.008164507	0.025777933	0.004658202	0.007379219
0	0.010020406	0.062774574	0.142755308	0.061634871	0.04146307	0.016636569	0.015648163	0.011017991	0.022544533	0.008438542	0.006706212	0.004775365	0.005668296	0.014618145	0.018211357	0.011722198	0.007938959	0.013748953	0.010101204	0	0.011608494	0.08135102	0.156289118	0.081098577	0.050648767	0.013453302	0.006049408	0.013989857	0.010339426	0.011179839	0.003976248	0.0093349	0.002145332	0.015506937	0.017098618	0.008891803	0.001187043	0.010568013	0.008858581
0	0.003273428	0.031718758	0.062196102	0.085162257	0.074348438	0.048508205	0.024045262	0.008907063	0.019087047	0.016078017	0.015533266	0.014481813	0.015115343	0.013152412	0.018837262	0.011032245	0.012639412	0.011271226	0.013609136	6.0873E-05	0.002532838	0.035839719	0.101470134	0.11512344	0.080971595	0.052993485	0.022847844	0.007518095	0.029201628	0.003975521	0.004446979	0.005865439	0.00455813	0.015592279	0.007267927	0.004331249	0.002237213	0.00320215	0.000966773
0	0	0.034410636	0.042486796	0.079696695	0.077255627	0.091697489	0.032786011	0.012293203	0.01796077	0.022813624	0.006251679	0.011388186	0	0.003362503	0.012530821	0.017701129	0.021124227	0.002712232	0.025035111	0	0	0.042569296	0.055401442	0.070930261	0.11784592	0.06489224	0.055536619	0.010161569	0.00422208	0.011143373	0.018828311	0.003347065	0.003124428	0.005853013	0.000176582	0.009387873	0.007186839	0.003247509	0.004638841
0	0.00050468	0.014898226	0.088112587	0.055332507	0.07721963	0.072647393	0.045460168	0.032345162	0.007885378	0.011635466	0.005733558	0.015148136	0.004001273	0.007993703	0.003502772	0.010936275	0.015110008	0.005443254	0.026736188	0	0.000601299	0.014729992	0.093113031	0.065390683	0.062447622	0.09468613	0.059282501	0.034246455	0.002463378	0.012534807	0.001118061	0.008584919	0.00582342	0.002949547	0.007218905	0.001592028	0.006859331	0.019132649	0.006578877
0	0.000758882	0.013802093	0.047125346	0.065677473	0.065272921	0.051931936	0.086266133	0.047441224	0.033020982	0.005271727	0.019536435	0.007199415	0.015948011	0.005238393	0.008797194	0.004007548	0.004724312	0.007105037	0.030200322	0	0.001440716	0.008730928	0.045303005	0.084364643	0.053389555	0.063352824	0.062219662	0.057866067	0.020726104	0.023266088	0.008233718	0.00494145	0.008690855	0.002720035	0.004296659	0.001779894	0.004660381	0.013677484	0.011014547
0	0	0.02022872	0.01255174	0.052328938	0.115193366	0.039306658	0.058297006	0.062093275	0.048452221	0.030699688	0.017756501	0.011824524	0.009112771	0.014412032	0.003473556	0.001934566	0.000581167	0.00258699	0.031689325	0	0	0.009430828	0.02595272	0.043387855	0.064236834	0.078766544	0.073528253	0.085557001	0.030163151	0.023432686	0.005951701	0.004701401	0.002446357	0.003021712	0	0.003228997	0.005760154	0.001251276	0.006659485
0	0	0	0.007181867	0.029450865	0.036438175	0.080572362	0.037400373	0.09920524	0.079101601	0.048937391	0.019282273	0.005067719	0.012933669	0.003119841	0.012205412	0.004115324	0.003743532	0.002962768	0.021164154	0	0.000893304	0.004068838	0.010885612	0.04254949	0.067805001	0.086740599	0.052292277	0.024771754	0.074620926	0.03649642	0.013457473	0.003000235	0.017838437	0.010982696	0.028054899	0	0.003955779	0.005047074	0.013656619
0	6.51187E-05	0.007139427	0.004368585	0.006856731	0.012951593	0.028344144	0.084168637	0.079219199	0.071834305	0.055556024	0.045720566	0.021905911	0.002501857	0.009981686	0.002429827	0.012626669	0	0.003382098	0.031349046	0	8.921E-05	0.018643658	0.002447089	0.011718785	0.028986659	0.051630497	0.088978718	0.069155158	0.072879573	0.055540566	0.04880694	0.027404383	0.010824766	0.012465657	0.001143794	0.003028651	0.001884857	0.000424223	0.013545392
0	0.002244636	0.014582094	0.024055884	0.010154281	0.00826644	0.002623768	0.001354476	0.081640894	0.046802679	0.062797636	0.120683491	0.009131186	0.030344112	0.010685728	0.022168424	0.001255276	0.011278541	0.006521964	0.025262646	0	0.005688968	0.025214726	0.025408991	0.002778739	0.00973963	0.008999976	0.022384724	0.063222579	0.034699866	0.069665857	0.083836663	0.075159329	0.010474076	0.006421134	0.010987668	0.001826393	0.004890771	0.009386351	0.037359403
5.75362E-05	0.001659455	0.026185421	0.030764318	0.029146668	0.005276521	0.007772518	0.019788586	0.014842155	0.072297312	0.069687782	0.055003382	0.054271944	0.025544457	0.015998089	0.014925196	0.003898961	0.001752996	0.00433192	0.018652267	0	0.00103601	0.04955403	0.037423932	0.039511291	0.00573611	0.007380478	0.018851561	0.041468839	0.114374415	0.059590491	0.04162136	0.05746221	0.02109591	0.009152666	0.002368598	0	0	0.007977124	0.013537489
0	0.02206805	0.009766208	0.035662544	0.03510255	0.016754714	0.002814957	0.001581429	0.00600562	0.021168693	0.064299897	0.048272428	0.070791079	0.057438909	0.040640286	0.028606058	0.016261798	0.007295729	0.006677548	0.023194114	0.000204324	0.03155197	0.014237234	0.055794545	0.03411489	0.021709682	0.010628708	0.007370466	0.006391799	0.011800892	0.051007783	0.069969719	0.072609368	0.030319467	0.02648179	0.016067565	0.006565995	0.000410588	0.011138825	0.007221779
0	0.049115554	0.110547952	0.022904771	0.026771308	0.022482629	0.013856395	0.010843154	0.00323167	0.002541004	0.018677664	0.068932814	0.047817057	0.029178832	0.045615382	0.024282326	0.007335963	0.001658605	1.96526E-05	0.005721441	0.002170757	0.071127431	0.142883449	0.014917232	0.041361141	0.023167825	0.004180264	0	0.019187689	0.004662633	0.008905313	0.032857897	0.035491749	0.017681496	0.034885291	0.022395465	0.006346091	0.000905739	0	0.005338364
0	0.010144395	0.117054861	0.076240257	0.011147137	0.038365183	0.01503346	0.024284627	0.007231891	0.015424398	0.005069872	0.017923022	0.054581713	0.027462694	0.030710481	0.042131195	0.024399322	0.009700898	0.002797556	0.00841611	0	0.016876347	0.112912263	0.103715547	0.01228053	0.050493868	0.010896794	0.0160576	0	0.004218413	0.016411765	0.007166337	0.030577011	0.019702813	0.020053096	0.020674162	0.014742787	0.002522128	0.000473471	0.002105998
0	0.036968966	0.137800045	0.1021481	0.056557394	0.011860303	0.026014386	0.007049143	0.001204662	0.001374885	0.005344065	0.003076244	0.014266997	0.006664998	0.03991029	0.022951958	0.018886334	0.006832309	0.003051763	0.002884452	0	0.038698823	0.19139438	0.083159544	0.083265925	0.01040716	0.020305975	0.006277704	0.004086468	0.00985124	0	0.005357111	0.012046977	0.012459848	0.00307414	0.005587774	0	0.005496432	0.003515604	0.000167604
#	wt_fsh	(begin	year	to	end	year)																																																								
#	Female	Female	Female	Female	Female	Female	Female	Female	Female	Female	Female	Female	Female	Female	Female	Female	Female	Female	Female	Male	Male	Male	Male	Male	Male	Male	Male	Male	Male	Male	Male	Male	Male	Male	Male	Male	Male	Male	Male																							
#	2	3	4	5	6	7	8	9	10	11	12	13	14	15	16	17	18	19	20	1	2	3	4	5	6	7	8	9	10	11	12	13	14	15	16	17	18	19	20																							
0.009	0.015	0.03	0.059	0.112	0.183	0.267	0.363	0.439	0.489	0.577	0.57	0.612	0.667	0.714	0.79	0.862	0.939	0.889	0.815	0.007	0.011	0.013	0.026	0.055	0.1	0.153	0.213	0.256	0.259	0.311	0.301	0.314	0.353	0.367	0.33	0.455	0.342	0.366	0.36																							
0.009	0.015	0.03	0.059	0.112	0.183	0.267	0.363	0.439	0.489	0.577	0.57	0.612	0.667	0.714	0.79	0.862	0.939	0.889	0.815	0.007	0.011	0.013	0.026	0.055	0.1	0.153	0.213	0.256	0.259	0.311	0.301	0.314	0.353	0.367	0.33	0.455	0.342	0.366	0.36																							
0.009	0.015	0.03	0.059	0.112	0.183	0.267	0.363	0.439	0.489	0.577	0.57	0.612	0.667	0.714	0.79	0.862	0.939	0.889	0.815	0.007	0.011	0.013	0.026	0.055	0.1	0.153	0.213	0.256	0.259	0.311	0.301	0.314	0.353	0.367	0.33	0.455	0.342	0.366	0.36																							
0.009	0.015	0.03	0.059	0.112	0.183	0.267	0.363	0.439	0.489	0.577	0.57	0.612	0.667	0.714	0.79	0.862	0.939	0.889	0.815	0.007	0.011	0.013	0.026	0.055	0.1	0.153	0.213	0.256	0.259	0.311	0.301	0.314	0.353	0.367	0.33	0.455	0.342	0.366	0.36																							
0.009	0.015	0.03	0.059	0.112	0.183	0.267	0.363	0.439	0.489	0.577	0.57	0.612	0.667	0.714	0.79	0.862	0.939	0.889	0.815	0.007	0.011	0.013	0.026	0.055	0.1	0.153	0.213	0.256	0.259	0.311	0.301	0.314	0.353	0.367	0.33	0.455	0.342	0.366	0.36																							
0.009	0.015	0.03	0.059	0.112	0.183	0.267	0.363	0.439	0.489	0.577	0.57	0.612	0.667	0.714	0.79	0.862	0.939	0.889	0.815	0.007	0.011	0.013	0.026	0.055	0.1	0.153	0.213	0.256	0.259	0.311	0.301	0.314	0.353	0.367	0.33	0.455	0.342	0.366	0.36																							
0.009	0.015	0.03	0.059	0.112	0.183	0.267	0.363	0.439	0.489	0.577	0.57	0.612	0.667	0.714	0.79	0.862	0.939	0.889	0.815	0.007	0.011	0.013	0.026	0.055	0.1	0.153	0.213	0.256	0.259	0.311	0.301	0.314	0.353	0.367	0.33	0.455	0.342	0.366	0.36																							
0.009	0.015	0.03	0.059	0.112	0.183	0.267	0.363	0.439	0.489	0.577	0.57	0.612	0.667	0.714	0.79	0.862	0.939	0.889	0.815	0.007	0.011	0.013	0.026	0.055	0.1	0.153	0.213	0.256	0.259	0.311	0.301	0.314	0.353	0.367	0.33	0.455	0.342	0.366	0.36																							
0.009	0.015	0.03	0.059	0.112	0.183	0.267	0.363	0.439	0.489	0.577	0.57	0.612	0.667	0.714	0.79	0.862	0.939	0.889	0.815	0.007	0.011	0.013	0.026	0.055	0.1	0.153	0.213	0.256	0.259	0.311	0.301	0.314	0.353	0.367	0.33	0.455	0.342	0.366	0.36																							
0.009	0.015	0.03	0.059	0.112	0.183	0.267	0.363	0.439	0.489	0.577	0.57	0.612	0.667	0.714	0.79	0.862	0.939	0.889	0.815	0.007	0.011	0.013	0.026	0.055	0.1	0.153	0.213	0.256	0.259	0.311	0.301	0.314	0.353	0.367	0.33	0.455	0.342	0.366	0.36																							
0.009	0.015	0.03	0.059	0.112	0.183	0.267	0.363	0.439	0.489	0.577	0.57	0.612	0.667	0.714	0.79	0.862	0.939	0.889	0.815	0.007	0.011	0.013	0.026	0.055	0.1	0.153	0.213	0.256	0.259	0.311	0.301	0.314	0.353	0.367	0.33	0.455	0.342	0.366	0.36																							
0.009	0.015	0.03	0.059	0.112	0.183	0.267	0.363	0.439	0.489	0.577	0.57	0.612	0.667	0.714	0.79	0.862	0.939	0.889	0.815	0.007	0.011	0.013	0.026	0.055	0.1	0.153	0.213	0.256	0.259	0.311	0.301	0.314	0.353	0.367	0.33	0.455	0.342	0.366	0.36																							
0.009	0.015	0.03	0.059	0.112	0.183	0.267	0.363	0.439	0.489	0.577	0.57	0.612	0.667	0.714	0.79	0.862	0.939	0.889	0.815	0.007	0.011	0.013	0.026	0.055	0.1	0.153	0.213	0.256	0.259	0.311	0.301	0.314	0.353	0.367	0.33	0.455	0.342	0.366	0.36																							
0.009	0.015	0.03	0.059	0.112	0.183	0.267	0.363	0.439	0.489	0.577	0.57	0.612	0.667	0.714	0.79	0.862	0.939	0.889	0.815	0.007	0.011	0.013	0.026	0.055	0.1	0.153	0.213	0.256	0.259	0.311	0.301	0.314	0.353	0.367	0.33	0.455	0.342	0.366	0.36																							
0.009	0.015	0.03	0.059	0.112	0.183	0.267	0.363	0.439	0.489	0.577	0.57	0.612	0.667	0.714	0.79	0.862	0.939	0.889	0.815	0.007	0.011	0.013	0.026	0.055	0.1	0.153	0.213	0.256	0.259	0.311	0.301	0.314	0.353	0.367	0.33	0.455	0.342	0.366	0.36																							
0.009	0.015	0.03	0.059	0.112	0.183	0.267	0.363	0.439	0.489	0.577	0.57	0.612	0.667	0.714	0.79	0.862	0.939	0.889	0.815	0.007	0.011	0.013	0.026	0.055	0.1	0.153	0.213	0.256	0.259	0.311	0.301	0.314	0.353	0.367	0.33	0.455	0.342	0.366	0.36																							
0.009	0.015	0.03	0.059	0.112	0.183	0.267	0.363	0.439	0.489	0.577	0.57	0.612	0.667	0.714	0.79	0.862	0.939	0.889	0.815	0.007	0.011	0.013	0.026	0.055	0.1	0.153	0.213	0.256	0.259	0.311	0.301	0.314	0.353	0.367	0.33	0.455	0.342	0.366	0.36																							
0.009	0.014	0.029	0.056	0.101	0.159	0.233	0.312	0.386	0.441	0.517	0.531	0.573	0.634	0.666	0.73	0.81	0.862	0.844	0.817	0.007	0.011	0.016	0.032	0.059	0.099	0.152	0.203	0.244	0.25	0.299	0.295	0.311	0.336	0.355	0.339	0.435	0.379	0.384	0.386																							
0.009	0.012	0.027	0.053	0.09	0.134	0.199	0.261	0.332	0.393	0.457	0.491	0.535	0.6	0.619	0.67	0.758	0.785	0.799	0.819	0.007	0.011	0.02	0.038	0.063	0.097	0.151	0.194	0.233	0.241	0.286	0.289	0.309	0.318	0.343	0.348	0.414	0.416	0.402	0.412																							
0.009	0.011	0.026	0.05	0.078	0.11	0.165	0.211	0.278	0.346	0.397	0.452	0.496	0.566	0.571	0.61	0.707	0.709	0.753	0.821	0.007	0.01	0.023	0.044	0.067	0.096	0.151	0.185	0.221	0.232	0.273	0.282	0.307	0.301	0.33	0.357	0.393	0.453	0.42	0.438																							
0.009	0.011	0.026	0.05	0.078	0.11	0.165	0.211	0.278	0.346	0.397	0.452	0.496	0.566	0.571	0.61	0.707	0.709	0.753	0.821	0.007	0.01	0.023	0.044	0.067	0.096	0.151	0.185	0.221	0.232	0.273	0.282	0.307	0.301	0.33	0.357	0.393	0.453	0.42	0.438																							
0.009	0.011	0.026	0.05	0.078	0.11	0.165	0.211	0.278	0.346	0.397	0.452	0.496	0.566	0.571	0.61	0.707	0.709	0.753	0.821	0.007	0.01	0.023	0.044	0.067	0.096	0.151	0.185	0.221	0.232	0.273	0.282	0.307	0.301	0.33	0.357	0.393	0.453	0.42	0.438																							
0.009	0.011	0.026	0.05	0.078	0.11	0.165	0.211	0.278	0.346	0.397	0.452	0.496	0.566	0.571	0.61	0.707	0.709	0.753	0.821	0.007	0.01	0.023	0.044	0.067	0.096	0.151	0.185	0.221	0.232	0.273	0.282	0.307	0.301	0.33	0.357	0.393	0.453	0.42	0.438																							
0.009	0.011	0.026	0.05	0.078	0.11	0.165	0.211	0.278	0.346	0.397	0.452	0.496	0.566	0.571	0.61	0.707	0.709	0.753	0.821	0.007	0.01	0.023	0.044	0.067	0.096	0.151	0.185	0.221	0.232	0.273	0.282	0.307	0.301	0.33	0.357	0.393	0.453	0.42	0.438																							
0.009	0.011	0.026	0.05	0.078	0.11	0.165	0.211	0.278	0.346	0.397	0.452	0.496	0.566	0.571	0.61	0.707	0.709	0.753	0.821	0.007	0.01	0.023	0.044	0.067	0.096	0.151	0.185	0.221	0.232	0.273	0.282	0.307	0.301	0.33	0.357	0.393	0.453	0.42	0.438																							
0.009	0.011	0.026	0.05	0.078	0.11	0.165	0.211	0.278	0.346	0.397	0.452	0.496	0.566	0.571	0.61	0.707	0.709	0.753	0.821	0.007	0.01	0.023	0.044	0.067	0.096	0.151	0.185	0.221	0.232	0.273	0.282	0.307	0.301	0.33	0.357	0.393	0.453	0.42	0.438																							
0.009	0.011	0.026	0.05	0.078	0.11	0.165	0.211	0.278	0.346	0.397	0.452	0.496	0.566	0.571	0.61	0.707	0.709	0.753	0.821	0.007	0.01	0.023	0.044	0.067	0.096	0.151	0.185	0.221	0.232	0.273	0.282	0.307	0.301	0.33	0.357	0.393	0.453	0.42	0.438																							
0.009	0.011	0.026	0.05	0.078	0.11	0.165	0.211	0.278	0.346	0.397	0.452	0.496	0.566	0.571	0.61	0.707	0.709	0.753	0.821	0.007	0.01	0.023	0.044	0.067	0.096	0.151	0.185	0.221	0.232	0.273	0.282	0.307	0.301	0.33	0.357	0.393	0.453	0.42	0.438																							
0.009	0.011	0.026	0.05	0.078	0.11	0.165	0.211	0.278	0.346	0.397	0.452	0.496	0.566	0.571	0.61	0.707	0.709	0.753	0.821	0.007	0.01	0.023	0.044	0.067	0.096	0.151	0.185	0.221	0.232	0.273	0.282	0.307	0.301	0.33	0.357	0.393	0.453	0.42	0.438																							
0.009	0.013	0.026	0.051	0.09	0.134	0.201	0.23	0.294	0.359	0.405	0.461	0.485	0.545	0.552	0.581	0.659	0.651	0.711	0.758	0.007	0.011	0.023	0.047	0.086	0.114	0.166	0.201	0.228	0.243	0.276	0.291	0.309	0.303	0.319	0.358	0.369	0.418	0.387	0.403																							
0.009	0.015	0.026	0.053	0.102	0.158	0.236	0.249	0.311	0.373	0.413	0.47	0.473	0.524	0.533	0.552	0.611	0.594	0.668	0.695	0.007	0.012	0.023	0.051	0.104	0.132	0.181	0.218	0.234	0.254	0.279	0.3	0.311	0.305	0.308	0.359	0.345	0.383	0.354	0.369																							
0.009	0.017	0.025	0.054	0.114	0.181	0.272	0.269	0.327	0.387	0.421	0.479	0.462	0.504	0.514	0.523	0.562	0.537	0.626	0.632	0.007	0.013	0.023	0.055	0.123	0.149	0.196	0.234	0.241	0.265	0.282	0.308	0.314	0.307	0.297	0.36	0.321	0.348	0.321	0.335																							
0.009	0.017	0.025	0.054	0.114	0.181	0.272	0.269	0.327	0.387	0.421	0.479	0.462	0.504	0.514	0.523	0.562	0.537	0.626	0.632	0.007	0.013	0.023	0.055	0.123	0.149	0.196	0.234	0.241	0.265	0.282	0.308	0.314	0.307	0.297	0.36	0.321	0.348	0.321	0.335																							
0.009	0.017	0.025	0.054	0.114	0.181	0.272	0.269	0.327	0.387	0.421	0.479	0.462	0.504	0.514	0.523	0.562	0.537	0.626	0.632	0.007	0.013	0.023	0.055	0.123	0.149	0.196	0.234	0.241	0.265	0.282	0.308	0.314	0.307	0.297	0.36	0.321	0.348	0.321	0.335																							
0.009	0.017	0.025	0.054	0.114	0.181	0.272	0.269	0.327	0.387	0.421	0.479	0.462	0.504	0.514	0.523	0.562	0.537	0.626	0.632	0.007	0.013	0.023	0.055	0.123	0.149	0.196	0.234	0.241	0.265	0.282	0.308	0.314	0.307	0.297	0.36	0.321	0.348	0.321	0.335																							
0.009	0.017	0.025	0.054	0.114	0.181	0.272	0.269	0.327	0.387	0.421	0.479	0.462	0.504	0.514	0.523	0.562	0.537	0.626	0.632	0.007	0.013	0.023	0.055	0.123	0.149	0.196	0.234	0.241	0.265	0.282	0.308	0.314	0.307	0.297	0.36	0.321	0.348	0.321	0.335																							
0.009	0.017	0.025	0.054	0.114	0.181	0.272	0.269	0.327	0.387	0.421	0.479	0.462	0.504	0.514	0.523	0.562	0.537	0.626	0.632	0.007	0.013	0.023	0.055	0.123	0.149	0.196	0.234	0.241	0.265	0.282	0.308	0.314	0.307	0.297	0.36	0.321	0.348	0.321	0.335																							
0.009	0.017	0.025	0.054	0.114	0.181	0.272	0.269	0.327	0.387	0.421	0.479	0.462	0.504	0.514	0.523	0.562	0.537	0.626	0.632	0.007	0.013	0.023	0.055	0.123	0.149	0.196	0.234	0.241	0.265	0.282	0.308	0.314	0.307	0.297	0.36	0.321	0.348	0.321	0.335																							
0.009	0.017	0.025	0.054	0.114	0.181	0.272	0.269	0.327	0.387	0.421	0.479	0.462	0.504	0.514	0.523	0.562	0.537	0.626	0.632	0.007	0.013	0.023	0.055	0.123	0.149	0.196	0.234	0.241	0.265	0.282	0.308	0.314	0.307	0.297	0.36	0.321	0.348	0.321	0.335																							
0.009	0.017	0.025	0.054	0.114	0.181	0.272	0.269	0.327	0.387	0.421	0.479	0.462	0.504	0.514	0.523	0.562	0.537	0.626	0.632	0.007	0.013	0.023	0.055	0.123	0.149	0.196	0.234	0.241	0.265	0.282	0.308	0.314	0.307	0.297	0.36	0.321	0.348	0.321	0.335																							
0.009	0.017	0.025	0.054	0.114	0.181	0.272	0.269	0.327	0.387	0.421	0.479	0.462	0.504	0.514	0.523	0.562	0.537	0.626	0.632	0.007	0.013	0.023	0.055	0.123	0.149	0.196	0.234	0.241	0.265	0.282	0.308	0.314	0.307	0.297	0.36	0.321	0.348	0.321	0.335																							
0.009	0.017	0.025	0.054	0.114	0.181	0.272	0.269	0.327	0.387	0.421	0.479	0.462	0.504	0.514	0.523	0.562	0.537	0.626	0.632	0.007	0.013	0.023	0.055	0.123	0.149	0.196	0.234	0.241	0.265	0.282	0.308	0.314	0.307	0.297	0.36	0.321	0.348	0.321	0.335																							
0.009	0.017	0.025	0.054	0.114	0.181	0.272	0.269	0.327	0.387	0.421	0.479	0.462	0.504	0.514	0.523	0.562	0.537	0.626	0.632	0.007	0.013	0.023	0.055	0.123	0.149	0.196	0.234	0.241	0.265	0.282	0.308	0.314	0.307	0.297	0.36	0.321	0.348	0.321	0.335																							
0.009	0.017	0.025	0.054	0.114	0.181	0.272	0.269	0.327	0.387	0.421	0.479	0.462	0.504	0.514	0.523	0.562	0.537	0.626	0.632	0.007	0.013	0.023	0.055	0.123	0.149	0.196	0.234	0.241	0.265	0.282	0.308	0.314	0.307	0.297	0.36	0.321	0.348	0.321	0.335																							
#	nsmpl_fsh_age(1	nfsh	1	nyrs_fish_age)																																																										
200	200	200	200	200	200	200	200	200	200	200	200	200	200	200	200	200	200	200	200	200	200	200	200	200	200	200	200	200	200	200	200	200	200	200	200	200	200	200	

#   Survey Biomass and SE and SE = (sqrt(var)/1000)
#	nsrv																																																													
1																																																														
#	nyrs_srv	(1	nsrv)																																																											
38																																																														
#	yrs_srv	(1	nsrv	1	nyrs_srv)																																																									
1982	1983	1984	1985	1986	1987	1988	1989	1990	1991	1992	1993	1994	1995	1996	1997	1998	1999	2000	2001	2002	2003	2004	2005	2006	2007	2008	2009	2010	2011	2012	2013	2014	2015	2016	2017	2018	2019
#	mo_srv	(1	nsrv)																																																											
7																																																														
#	obs_srv	(1	nsrv	1	nyrs_srv)																																																									
#trawl	survey	biomass	without	pfc	 (CRM replaced all years; standard area)																																																									
578.71413	714.09309	799.42346	693.06416	1021.22719	1269.57744	1478.96812	1323.29966	1382.91339	1585.25833	1548.68614	1994.67755	2723.80161	2179.96711	2062.35461	2605.53003	2168.83081	1619.89832	2073.29792	2336.75719	1879.62093	2109.10434	2193.97431	2114.32565	2216.31041	2036.43014	2032.94073	1541.08822	2065.75042	1977.89967	1920.81878	1753.20612	1858.05963	1414.16583	1461.84732	1340.06314	1051.13059	974.64619
#	obs_se_srv	(1	nsrv	1	nyrs_srv) without	fpc	adjustment																																																											
74.08203932	81.85120137	81.82450969	58.77406744	83.74437854	91.22086749	101.5081618	91.0846285	89.01966808	95.96807158	112.2789938	122.0471673	223.2536159	130.5404761	121.9539156	190.3046896	123.5171697	162.0312645	317.0861081	259.0127983	171.4334764	196.1914947	183.5698352	150.2487606	149.9692829	278.9516237	300.6547652	159.0202197	203.3581217	164.5823474	185.8925668	136.5888516	129.3327409	130.4581385	130.9699853	100.070753	114.630131	91.63828952

#   Survey Age Data
#	nyrs_srv_age	Combined	and	split	sex																																																									
0																																																														
41																																																														
#	yrs_srv_age	(1	nsrv	1	nyrs_srv_ages)																																																									
1979	1980	1981	1982	1983	1984	1985	1986	1987	1988	1989	1990	1991	1992	1993	1994	1995	1996	1997	1998	1999	2000	2001	2002	2003	2004	2005	2006	2007	2008	2009	2010	2011	2012	2013	2014	2015	2016	2017	2018	2019
#	nsmpl_srv	(1	nsrv	1	nyrs_srv_age)																																																									
200	200	200	200	200	200	200	200	200	200	200	200	200	200	200	200	200	200	200	200	200	200	200	200	200	200	200	200	200	200	200	200	200	200	200	200	200	200   200
#_oac_srv	1	2	3	4	5	6	7	8	9	10	11	12	13	14	15	16	17	18	19	20	1	2	3	4	5	6	7	8	9	10	11	12	13	14	15	16	17	18	19	20																							
0	0	0.013661576	0.051697164	0.036799998	0.082886878	0.034086958	0.029412939	0.05813522	0.04299068	0.012896731	0.015592378	0.016825862	0.013244912	0.008324776	0.00405219	0.000167022	0	0.000133788	0	0	0	0.025189716	0.0902536	0.074215212	0.10065711	0.061960706	0.045287138	0.07553022	0.054815033	0.020341124	0.01829702	0.004104276	0.008173124	0	0.000266648	0	0	0	0																							
0	0	0.046789312	0.068150161	0.083681263	0.046764591	0.04385675	0.023393029	0.019766637	0.066852476	0.049638926	0.019199304	0.014703745	0.009250399	0.007242537	0.003416223	0	0	0	0	0	0.01479647	0.081595919	0.034373693	0.124348187	0.05655478	0.029399097	0.024007757	0.034552772	0.057192096	0.019738114	0.01096922	0.002837028	0.006374087	0.000555428	0	0	0	0	0																							
7.72E-05	0.029361925	0.046658726	0.104354288	0.025706018	0.115278831	0.027725153	0.014790604	0.01212739	0.018381148	0.038166429	0.016146618	0.013332874	0.005181051	0.008160487	0.003803894	0.000950219	0.000629711	0	0	0	0.061318734	0.052450439	0.087881174	0.039587885	0.155023015	0.020960423	0.011754307	0.023027205	0.035564966	0.017414737	0.005056202	0.002899321	0.00140226	0.003558827	0.00096807	0.000299842	0	0	0																							
#Carey replaced 1982 onward (where do 1979-1981 ages come from?)
0	0.003195986	0.042868652	0.052885039	0.046425616	0.123799257	0.089202301	0.050622289	0.015701082	0.018906125	0.012887312	0.011640866	0.011640352	0.005946668	0.001992527	0.002765981	0.002450976	0	0.000467199	0	0	0.018515003	0.03413523	0.113710671	0.123820766	0.04531099	0.084008201	0.029845804	0.011693163	0.005719761	0.00530206	0.023884148	0.008503434	0.002152542	0	0	0	0	0	0
0	0.001094027	0.078554483	0.065847735	0.079159259	0.040154325	0.052859176	0.0535295	0.023934704	0.023527586	0.01044543	0.013582749	0.020922245	0.010077323	0.006153098	0.006521243	0.001383366	0.000589074	0.000241622	0	0	0.017146435	0.094932478	0.092490197	0.100008865	0.048983429	0.037848211	0.049142596	0.023009436	0.016037453	0.005299766	0.007638014	0.008608365	0.005090914	0.004540151	0.000646745	0	0	0	0
0	0.010770573	0.05872722	0.091034515	0.069306735	0.047945444	0.050905325	0.035500698	0.032190802	0.023104799	0.006341406	0.009074127	0.013610934	0.003747365	0.005093829	0.003494493	0.000565488	0	0.000565488	0	0	0.016781825	0.054521734	0.167357013	0.084785079	0.035765194	0.082115523	0.022800548	0.041212689	0.005772279	0.00570374	0.004294861	0.00138808	0.005227203	0.006484802	0.001738521	0.00138808	0	0	0.000683586
0.001220717	0.01908748	0.036984383	0.119269186	0.119707459	0.049926434	0.044458628	0.037013184	0.0169251	0.028385918	0.006569588	0.003485136	0.001486581	0.002857463	0.006336004	0.008417947	0.001212319	0.000567717	0.000548644	0.002141318	0.001166702	0.019855529	0.060575504	0.139068031	0.129442106	0.066503445	0.027787538	0.018459288	0.014955661	0.007334742	0.001411049	0	0.000114599	0.000846833	0.003835213	0.000123391	0.000707179	0.001211983	0	0
0	0	0.027713284	0.070466791	0.116181484	0.093611666	0.051263448	0.025956701	0.030602449	0.009856069	0.021433239	0.003901889	0.003699916	0.003393596	0.000976296	0.003542194	0.003147429	0.000127736	0	0.002265983	0	0	0.052734812	0.131627361	0.125688049	0.120564648	0.043211734	0.024378899	0.018586316	0	0.015068013	0	0	0	0	0	0	0	0	0
0	0	0.033862041	0.095042996	0.062970658	0.081265504	0.09841671	0.02318068	0.015441213	0.01663963	0.012644025	0.023750406	0.005219214	0.001461348	0.001787376	0.000641682	0.001626901	0.000753095	0.000422631	0.00305454	0	0.002946649	0.091662979	0.083132042	0.127093901	0.067820237	0.072444	0.021862453	0.028665951	0.012154087	0	0.012506467	0	0	0	0	0.001530585	0	0	0
0	0.013113248	0.078775904	0.071730492	0.145785362	0.040184112	0.049182265	0.04251543	0.024909843	0.007848241	0.015586033	0.005412177	0.008711156	0.006342685	0	0.000814537	0.001363699	0.005104601	0.001581032	0.001750671	0	0.022994156	0.056050868	0.118050885	0.094747626	0.077915573	0.062540889	0.018911373	0.012704203	0.00052246	0.004877743	0.005574398	0	0.000983614	0	0	0	0.002098967	0.001315756	0
0	0.008599666	0.057668018	0.066213349	0.070373748	0.097458851	0.051721219	0.050819005	0.036674793	0.011520639	0.007908438	0.011266547	0.006644428	0.006875766	0.003948607	0.001443981	0.000313224	0.000313224	0.002425116	0.001665382	0	0.008383578	0.063904465	0.082070023	0.10107799	0.099822481	0.061749875	0.033769861	0.025989141	0.007866805	0.006125896	0.002741138	0.003571028	0.005119232	0	0.00215762	0	0	0	0.001796866
0	0.001238853	0.041377746	0.129557603	0.094418183	0.054678256	0.054288439	0.029403041	0.03158623	0.017632154	0.009658445	0.004637266	0.004459033	0.00104219	0.00245408	0.000123843	0	0.000869915	0	0.002454799	0	0.000859708	0.067142341	0.178067191	0.093311782	0.048783091	0.072186593	0.00814839	0.019786904	0.01733909	0.004990049	0.001791111	0.00287119	0.000952629	0.002076807	0	0	0	0	0.001813047
0	0	0.005289959	0.120368609	0.097907998	0.079708195	0.044584323	0.047056616	0.029304323	0.020183933	0.014639096	0.012672884	0.00473006	0.005066339	0.002923111	0.001478983	0	0.000382222	0.000528525	0.002844546	0	0.001201395	0.004906072	0.162167776	0.127149802	0.060256085	0.056006145	0.039313614	0.017733569	0.022416922	0.011827413	0.001144515	0.004046504	0.001276036	0.00088443	0	0	0	0	0
0	0	0.019213967	0.038133587	0.124337824	0.116197591	0.050359359	0.04485272	0.026987464	0.02260339	0.022383162	0.01297456	0.007813482	0.005214812	0.003566951	0.001762674	0.00102118	0	0.001137187	0.00053549	0	0.000779344	0.011019089	0.035857664	0.178371519	0.113646026	0.03555224	0.059085586	0.027697653	0.00852141	0.010344148	0.006591631	0.006425799	0.004408718	0.001423689	0.000903524	0.000276559	0	0	0
0	0.001141257	0.025478839	0.048720209	0.054357802	0.129080605	0.075721215	0.040542127	0.033229328	0.029462958	0.005480663	0.008974421	0.008561764	0.005019707	0.002663216	0.000854522	0	0	0.000408388	0.000408388	0	0.001945345	0.050999675	0.057289599	0.042140776	0.177043981	0.093025827	0.038414291	0.040960926	0.012393557	0.006743773	0.002618372	0.002332383	0.002529618	0.00107373	0	0	0	0	0.000382738
0	0	0.015776959	0.055353831	0.046289822	0.039967395	0.131393866	0.094015784	0.036505671	0.01140313	0.024719268	0.013156283	0.007111435	0.007840328	0.003831887	0.002606962	0.000544442	0.000754293	0.001567118	0.001052262	0	0.002832949	0.017519575	0.088483269	0.043250612	0.050232765	0.167967394	0.053250865	0.034233335	0.01144121	0.018727753	0.006073855	0.003828237	0.00461549	0.002031691	0.000972296	0.000323982	0	0.000323982	0
0	0	0	0.047424049	0.088089167	0.041951484	0.024625857	0.114722157	0.066987431	0.029637243	0.03152289	0.02379482	0.008811825	0.004262887	0.009274343	0	0.000946322	0.000337983	0.000337983	0.000850161	0	0	0.014521959	0.039897255	0.106161534	0.044418187	0.040173274	0.119989885	0.072256443	0.018885327	0.021292752	0.013783875	0.006377545	0.008665363	0	0	0	0	0	0
0	0.000616161	0.037629564	0.019784513	0.034257294	0.083487289	0.025157772	0.050590746	0.099081838	0.065218163	0.016450314	0.007968039	0.013789764	0.004768534	0.004916292	0.005348901	0.001513108	0.000888924	0.000140272	0.0008912	0	0.00295943	0.055117793	0.024452931	0.035558877	0.102580244	0.029580341	0.04094832	0.117546936	0.063951665	0.021117494	0.01139814	0.009635022	0.002278816	0.005041591	0.00338016	0.001766978	0.000186573	0	0
0	0	0.017184256	0.064425874	0.011967776	0.029340438	0.103395207	0.040670284	0.027361216	0.089529979	0.031341466	0.020431341	0.026756159	0.007196959	0.00860661	0.010851603	0.005307879	0.00245503	0	0.001183051	0	0.000280474	0.025884573	0.058324069	0.035390721	0.047648296	0.113159808	0.004495554	0.052916098	0.079997487	0.02540557	0.031973373	0.009203549	0.014789703	0.002525596	0	0	0	0	0
0	0	0.009900767	0.031053509	0.033547609	0.029839363	0.040777171	0.075276211	0.023197319	0.021219239	0.112574661	0.055683781	0.018331028	0.011597667	0.01511395	0.002203274	0.002056154	0.001132258	0.001144862	0.002039872	0	0	0.015326212	0.043596076	0.054880126	0.031863004	0.060329049	0.109518094	0.027023421	0.039673508	0.054738245	0.05415419	0.016139613	0.001390195	0.001673053	0.001571629	0.001357197	6.19776E-05	0	1.57143E-05
0	0	0.002834595	0.005140211	0.013845779	0.037649655	0.012202075	0.046818788	0.076532361	0.05276508	0.038271021	0.102111722	0.025330744	0.020429536	0.008309044	0.013189757	0.003138707	0.002291115	0.001535599	0.000234716	0	0	0.005436388	0.00883139	0.025511488	0.075037679	0.003472539	0.037514406	0.123249843	0.060030001	0.041271736	0.085679372	0.046611683	0.012142068	0.007000288	0.003641485	0.000517257	0.001421871	0	0
0	0	0	0.020623777	0.017772621	0.027710756	0.047152183	0.028222692	0.035663522	0.07008759	0.052751258	0.042094092	0.091326258	0.041985065	0.023628885	0.022870773	0.005138407	0.000932697	0.000676689	0.001373234	0	0	0.005084535	0.04125706	0.011421919	0.017513793	0.063158086	0.016817879	0.079033108	0.102373801	0.037883114	0.035733327	0.036827929	0.011691928	0.005495959	0.002262072	0.002153907	0.00021633	0.000639691	0.000425063
0	0.000893373	0.011261316	0.008729522	0.021074826	0.019125416	0.01659171	0.049902577	0.036730781	0.043422058	0.083041837	0.02289642	0.035101091	0.081836113	0.039328714	0.017902435	0.006433839	0.002211161	0.001572527	0.000510334	0	0.001641647	0.009803	0.016724206	0.053465195	0.033710306	0.026688923	0.059328141	0.022723851	0.093787505	0.055774779	0.036639022	0.039955291	0.032991466	0.008827402	0.003965003	0.001304036	0.003850736	0.000253445	0
0	0.008376762	0.028132712	0.010497639	0.018888315	0.065577965	0.017381084	0.022459435	0.03378686	0.013626226	0.049491723	0.091273388	0.02712204	0.018997521	0.06993408	0.026578809	0.015260586	0.008429631	0.000720583	0.005142014	0	0.012269497	0.037263437	0.020281645	0.019732458	0.049578689	0.023340456	0.01249103	0.061964746	0.035422114	0.027424718	0.062051816	0.025631036	0.015526635	0.050594152	0.012455222	0.000229951	0.002065027	0	0
0.000507297	0.028706501	0.057003645	0.025006555	0.024236266	0.008719266	0.046008788	0.02430255	0.021013038	0.023710011	0.008291072	0.01923649	0.069778455	0.013166545	0.020502029	0.06532407	0.01495837	0.012125412	0.005834165	0.004046156	0.000790324	0.05459963	0.078281238	0.041127237	0.02897775	0.016748933	0.040548514	0.018126723	0.003315956	0.007375075	0.011699715	0.046620897	0.07118808	0.01825588	0.028529715	0.023725801	0.009908048	0.002938345	0.004225061	0.000540395
0	0.002356479	0.091650649	0.052069863	0.047628365	0.023900587	0.011296536	0.031471497	0.01004357	0.006941451	0.031733739	0.031675171	0.015546827	0.020769215	0.013663525	0.007922916	0.039608026	0.031523117	0.000511568	0.015450222	0	0.009175534	0.138546146	0.087236454	0.04051443	0.026484329	0.011120888	0.028416907	0.018311662	0	0.041796746	0.005445574	0.008725579	0.051654034	0.005445574	0.000555294	0.020192958	0.013237482	0	0.007377084
0	0.012512348	0.067684725	0.105204063	0.061441089	0.011981535	0.013637957	0.012749266	0.026385373	0.006497347	0.010535746	0.005310108	0.010191618	0.020933944	0.020367154	0.014911246	0.01755419	0.017374266	0.016822915	0.011971091	0	0.007853698	0.124801388	0.122582028	0.088318272	0.021744287	0.032161777	0.018236275	0.01229924	0.006919237	0.004651101	0.00636305	0.000778187	0.025770868	0.010260535	0.007214212	0.008164507	0.025777933	0.004658202	0.007379219
0	0.010020406	0.062774574	0.142755308	0.061634871	0.04146307	0.016636569	0.015648163	0.011017991	0.022544533	0.008438542	0.006706212	0.004775365	0.005668296	0.014618145	0.018211357	0.011722198	0.007938959	0.013748953	0.010101204	0	0.011608494	0.08135102	0.156289118	0.081098577	0.050648767	0.013453302	0.006049408	0.013989857	0.010339426	0.011179839	0.003976248	0.0093349	0.002145332	0.015506937	0.017098618	0.008891803	0.001187043	0.010568013	0.008858581
0	0.003273428	0.031718758	0.062196102	0.085162257	0.074348438	0.048508205	0.024045262	0.008907063	0.019087047	0.016078017	0.015533266	0.014481813	0.015115343	0.013152412	0.018837262	0.011032245	0.012639412	0.011271226	0.013609136	6.0873E-05	0.002532838	0.035839719	0.101470134	0.11512344	0.080971595	0.052993485	0.022847844	0.007518095	0.029201628	0.003975521	0.004446979	0.005865439	0.00455813	0.015592279	0.007267927	0.004331249	0.002237213	0.00320215	0.000966773
0	0	0.034410636	0.042486796	0.079696695	0.077255627	0.091697489	0.032786011	0.012293203	0.01796077	0.022813624	0.006251679	0.011388186	0	0.003362503	0.012530821	0.017701129	0.021124227	0.002712232	0.025035111	0	0	0.042569296	0.055401442	0.070930261	0.11784592	0.06489224	0.055536619	0.010161569	0.00422208	0.011143373	0.018828311	0.003347065	0.003124428	0.005853013	0.000176582	0.009387873	0.007186839	0.003247509	0.004638841
0	0.00050468	0.014898226	0.088112587	0.055332507	0.07721963	0.072647393	0.045460168	0.032345162	0.007885378	0.011635466	0.005733558	0.015148136	0.004001273	0.007993703	0.003502772	0.010936275	0.015110008	0.005443254	0.026736188	0	0.000601299	0.014729992	0.093113031	0.065390683	0.062447622	0.09468613	0.059282501	0.034246455	0.002463378	0.012534807	0.001118061	0.008584919	0.00582342	0.002949547	0.007218905	0.001592028	0.006859331	0.019132649	0.006578877
0	0.000758882	0.013802093	0.047125346	0.065677473	0.065272921	0.051931936	0.086266133	0.047441224	0.033020982	0.005271727	0.019536435	0.007199415	0.015948011	0.005238393	0.008797194	0.004007548	0.004724312	0.007105037	0.030200322	0	0.001440716	0.008730928	0.045303005	0.084364643	0.053389555	0.063352824	0.062219662	0.057866067	0.020726104	0.023266088	0.008233718	0.00494145	0.008690855	0.002720035	0.004296659	0.001779894	0.004660381	0.013677484	0.011014547
0	0	0.02022872	0.01255174	0.052328938	0.115193366	0.039306658	0.058297006	0.062093275	0.048452221	0.030699688	0.017756501	0.011824524	0.009112771	0.014412032	0.003473556	0.001934566	0.000581167	0.00258699	0.031689325	0	0	0.009430828	0.02595272	0.043387855	0.064236834	0.078766544	0.073528253	0.085557001	0.030163151	0.023432686	0.005951701	0.004701401	0.002446357	0.003021712	0	0.003228997	0.005760154	0.001251276	0.006659485
0	0	0	0.007181867	0.029450865	0.036438175	0.080572362	0.037400373	0.09920524	0.079101601	0.048937391	0.019282273	0.005067719	0.012933669	0.003119841	0.012205412	0.004115324	0.003743532	0.002962768	0.021164154	0	0.000893304	0.004068838	0.010885612	0.04254949	0.067805001	0.086740599	0.052292277	0.024771754	0.074620926	0.03649642	0.013457473	0.003000235	0.017838437	0.010982696	0.028054899	0	0.003955779	0.005047074	0.013656619
0	6.51187E-05	0.007139427	0.004368585	0.006856731	0.012951593	0.028344144	0.084168637	0.079219199	0.071834305	0.055556024	0.045720566	0.021905911	0.002501857	0.009981686	0.002429827	0.012626669	0	0.003382098	0.031349046	0	8.921E-05	0.018643658	0.002447089	0.011718785	0.028986659	0.051630497	0.088978718	0.069155158	0.072879573	0.055540566	0.04880694	0.027404383	0.010824766	0.012465657	0.001143794	0.003028651	0.001884857	0.000424223	0.013545392
0	0.002244636	0.014582094	0.024055884	0.010154281	0.00826644	0.002623768	0.001354476	0.081640894	0.046802679	0.062797636	0.120683491	0.009131186	0.030344112	0.010685728	0.022168424	0.001255276	0.011278541	0.006521964	0.025262646	0	0.005688968	0.025214726	0.025408991	0.002778739	0.00973963	0.008999976	0.022384724	0.063222579	0.034699866	0.069665857	0.083836663	0.075159329	0.010474076	0.006421134	0.010987668	0.001826393	0.004890771	0.009386351	0.037359403
5.75362E-05	0.001659455	0.026185421	0.030764318	0.029146668	0.005276521	0.007772518	0.019788586	0.014842155	0.072297312	0.069687782	0.055003382	0.054271944	0.025544457	0.015998089	0.014925196	0.003898961	0.001752996	0.00433192	0.018652267	0	0.00103601	0.04955403	0.037423932	0.039511291	0.00573611	0.007380478	0.018851561	0.041468839	0.114374415	0.059590491	0.04162136	0.05746221	0.02109591	0.009152666	0.002368598	0	0	0.007977124	0.013537489
0	0.02206805	0.009766208	0.035662544	0.03510255	0.016754714	0.002814957	0.001581429	0.00600562	0.021168693	0.064299897	0.048272428	0.070791079	0.057438909	0.040640286	0.028606058	0.016261798	0.007295729	0.006677548	0.023194114	0.000204324	0.03155197	0.014237234	0.055794545	0.03411489	0.021709682	0.010628708	0.007370466	0.006391799	0.011800892	0.051007783	0.069969719	0.072609368	0.030319467	0.02648179	0.016067565	0.006565995	0.000410588	0.011138825	0.007221779
0	0.049115554	0.110547952	0.022904771	0.026771308	0.022482629	0.013856395	0.010843154	0.00323167	0.002541004	0.018677664	0.068932814	0.047817057	0.029178832	0.045615382	0.024282326	0.007335963	0.001658605	1.96526E-05	0.005721441	0.002170757	0.071127431	0.142883449	0.014917232	0.041361141	0.023167825	0.004180264	0	0.019187689	0.004662633	0.008905313	0.032857897	0.035491749	0.017681496	0.034885291	0.022395465	0.006346091	0.000905739	0	0.005338364
0	0.010144395	0.117054861	0.076240257	0.011147137	0.038365183	0.01503346	0.024284627	0.007231891	0.015424398	0.005069872	0.017923022	0.054581713	0.027462694	0.030710481	0.042131195	0.024399322	0.009700898	0.002797556	0.00841611	0	0.016876347	0.112912263	0.103715547	0.01228053	0.050493868	0.010896794	0.0160576	0	0.004218413	0.016411765	0.007166337	0.030577011	0.019702813	0.020053096	0.020674162	0.014742787	0.002522128	0.000473471	0.002105998
0	0.036968966	0.137800045	0.1021481	0.056557394	0.011860303	0.026014386	0.007049143	0.001204662	0.001374885	0.005344065	0.003076244	0.014266997	0.006664998	0.03991029	0.022951958	0.018886334	0.006832309	0.003051763	0.002884452	0	0.038698823	0.19139438	0.083159544	0.083265925	0.01040716	0.020305975	0.006277704	0.004086468	0.00985124	0	0.005357111	0.012046977	0.012459848	0.00307414	0.005587774	0	0.005496432	0.003515604	0.000167604

#	1000																																																													
#	wt_srv	females	1	2	3	4	5	6	7	8	9	10	11	12	13	14	15	16	17	18	19	20																																								
0.009	0.015	0.030	0.059	0.112	0.183	0.267	0.363	0.439	0.489	0.577	0.570	0.612	0.667	0.714	0.790	0.862	0.939	0.889	0.815
0.009	0.015	0.030	0.059	0.112	0.183	0.267	0.363	0.439	0.489	0.577	0.570	0.612	0.667	0.714	0.790	0.862	0.939	0.889	0.815
0.009	0.015	0.030	0.059	0.112	0.183	0.267	0.363	0.439	0.489	0.577	0.570	0.612	0.667	0.714	0.790	0.862	0.939	0.889	0.815
0.009	0.015	0.030	0.059	0.112	0.183	0.267	0.363	0.439	0.489	0.577	0.570	0.612	0.667	0.714	0.790	0.862	0.939	0.889	0.815
0.009	0.015	0.030	0.059	0.112	0.183	0.267	0.363	0.439	0.489	0.577	0.570	0.612	0.667	0.714	0.790	0.862	0.939	0.889	0.815
0.009	0.015	0.030	0.059	0.112	0.183	0.267	0.363	0.439	0.489	0.577	0.570	0.612	0.667	0.714	0.790	0.862	0.939	0.889	0.815
0.009	0.015	0.030	0.059	0.112	0.183	0.267	0.363	0.439	0.489	0.577	0.570	0.612	0.667	0.714	0.790	0.862	0.939	0.889	0.815
0.009	0.018	0.052	0.077	0.101	0.153	0.212	0.282	0.391	0.421	0.538	0.494	0.643	0.614	0.908	0.969	0.935	0.935	0.948	0.880
0.009	0.013	0.032	0.102	0.154	0.200	0.277	0.312	0.431	0.418	0.497	0.466	0.608	0.630	0.817	0.864	0.992	1.080	1.022	0.880
0.009	0.014	0.029	0.060	0.133	0.205	0.249	0.331	0.421	0.473	0.588	0.543	0.584	0.799	0.729	0.803	0.963	1.022	0.983	0.880
0.009	0.021	0.033	0.068	0.152	0.249	0.330	0.397	0.511	0.503	0.615	0.620	0.539	0.615	0.717	0.757	0.896	1.013	0.993	0.910
0.009	0.015	0.029	0.044	0.104	0.188	0.295	0.369	0.430	0.510	0.545	0.515	0.611	0.547	0.720	0.777	0.875	1.015	0.970	0.864
0.009	0.015	0.034	0.065	0.115	0.205	0.339	0.494	0.521	0.487	0.614	0.598	0.634	0.746	0.647	0.755	0.866	1.020	0.956	0.864
0.009	0.015	0.028	0.048	0.117	0.192	0.311	0.419	0.414	0.508	0.604	0.708	0.615	0.647	0.631	0.731	0.806	0.913	0.881	0.830
0.009	0.016	0.025	0.055	0.093	0.175	0.236	0.380	0.495	0.559	0.609	0.564	0.566	0.723	0.661	0.727	0.801	0.908	0.870	0.830
0.009	0.009	0.015	0.039	0.082	0.145	0.235	0.335	0.431	0.547	0.612	0.620	0.614	0.685	0.680	0.793	0.838	0.896	0.835	0.794
0.009	0.009	0.022	0.031	0.072	0.117	0.184	0.306	0.349	0.462	0.549	0.574	0.705	0.667	0.694	0.802	0.856	0.855	0.798	0.819
0.009	0.009	0.018	0.037	0.058	0.095	0.166	0.218	0.332	0.416	0.445	0.544	0.585	0.628	0.716	0.767	0.841	0.826	0.795	0.806
0.009	0.009	0.022	0.031	0.082	0.108	0.182	0.228	0.305	0.410	0.534	0.629	0.555	0.645	0.720	0.790	0.854	0.851	0.828	0.826
0.009	0.009	0.025	0.047	0.075	0.105	0.174	0.207	0.325	0.430	0.442	0.544	0.555	0.656	0.696	0.788	0.870	0.838	0.803	0.813
0.009	0.009	0.025	0.039	0.072	0.112	0.157	0.218	0.268	0.390	0.410	0.465	0.681	0.673	0.666	0.729	0.869	0.803	0.785	0.812
0.009	0.007	0.022	0.053	0.072	0.128	0.171	0.245	0.281	0.354	0.448	0.514	0.520	0.621	0.638	0.686	0.856	0.780	0.821	0.813
0.009	0.016	0.021	0.045	0.082	0.102	0.173	0.199	0.238	0.344	0.393	0.418	0.468	0.665	0.632	0.660	0.808	0.782	0.824	0.810
0.009	0.016	0.023	0.049	0.072	0.115	0.173	0.198	0.226	0.318	0.339	0.393	0.420	0.556	0.604	0.659	0.791	0.758	0.811	0.808
0.009	0.016	0.017	0.029	0.045	0.086	0.114	0.178	0.237	0.245	0.320	0.387	0.437	0.489	0.591	0.646	0.745	0.737	0.803	0.838
0.009	0.016	0.000	0.033	0.062	0.094	0.136	0.200	0.245	0.293	0.339	0.406	0.410	0.472	0.560	0.617	0.687	0.735	0.816	0.851
0.009	0.016	0.040	0.082	0.080	0.114	0.169	0.230	0.236	0.298	0.336	0.370	0.439	0.462	0.520	0.584	0.641	0.751	0.786	0.851
0.002	0.012	0.037	0.075	0.120	0.130	0.185	0.205	0.322	0.325	0.378	0.378	0.440	0.462	0.502	0.575	0.637	0.692	0.723	0.838
0.002	0.012	0.037	0.075	0.120	0.130	0.185	0.205	0.322	0.325	0.378	0.378	0.440	0.462	0.503	0.526	0.601	0.660	0.672	0.826
0.002	0.033	0.035	0.089	0.175	0.203	0.430	0.268	0.293	0.432	0.418	0.479	0.458	0.457	0.502	0.527	0.565	0.622	0.699	0.761
0.002	0.015	0.024	0.055	0.134	0.244	0.230	0.307	0.326	0.381	0.435	0.494	0.432	0.501	0.508	0.522	0.559	0.572	0.640	0.697
0.002	0.011	0.022	0.039	0.087	0.156	0.222	0.264	0.346	0.368	0.375	0.492	0.472	0.531	0.515	0.517	0.551	0.527	0.607	0.666
0.002	0.007	0.020	0.033	0.062	0.123	0.205	0.237	0.342	0.369	0.458	0.451	0.486	0.525	0.518	0.519	0.560	0.536	0.614	0.654
0.004	0.014	0.019	0.039	0.052	0.123	0.157	0.326	0.336	0.477	0.437	0.568	0.499	0.595	0.494	0.528	0.565	0.541	0.618	0.648
0.004	0.014	0.016	0.033	0.054	0.101	0.161	0.254	0.313	0.316	0.391	0.432	0.456	0.443	0.501	0.531	0.570	0.557	0.578	0.650
0.004	0.014	0.022	0.049	0.072	0.117	0.151	0.232	0.307	0.347	0.453	0.461	0.449	0.534	0.521	0.539	0.567	0.573	0.564	0.655
0.004	0.014	0.031	0.087	0.123	0.138	0.174	0.221	0.299	0.359	0.421	0.447	0.485	0.537	0.521	0.578	0.595	0.626	0.519	0.649
0.004	0.014	0.028	0.032	0.140	0.147	0.189	0.254	0.304	0.365	0.447	0.519	0.540	0.642	0.530	0.593	0.623	0.651	0.517	0.631
0.004	0.009	0.039	0.095	0.112	0.153	0.227	0.224	0.319	0.358	0.409	0.500	0.528	0.539	0.554	0.622	0.629	0.690	0.525	0.606
0.004	0.013	0.031	0.066	0.103	0.193	0.169	0.130	0.316	0.330	0.376	0.459	0.536	0.570	0.573	0.617	0.681	0.698	0.483	0.573
0.004	0.016	0.033	0.092	0.138	0.267	0.273	0.308	0.322	0.394	0.455	0.504	0.509	0.565	0.578	0.628	0.715	0.742	0.535	0.605
0.000	0.024	0.069	0.071	0.194	0.184	0.252	0.216	0.393	0.414	0.460	0.484	0.494	0.528	0.588	0.603	0.702	0.696	0.609	0.644
0.004	0.035	0.102	0.172	0.276	0.287	0.318	0.371	0.500	0.462	0.486	0.527	0.509	0.555	0.585	0.630	0.709	0.790	0.681	0.716
0.004	0.035	0.102	0.172	0.276	0.287	0.318	0.371	0.500	0.462	0.486	0.527	0.509	0.555	0.585	0.630	0.709	0.790	0.681	0.716
#	wt_srv_Males	0.002	0.003	0.004	0.005	0.006	0.007	0.008	0.009	0.01	0.011	0.012	0.013	0.014	0.015	0.016	0.017	0.018	0.019	20																																										
0.007	0.011	0.013	0.026	0.055	0.100	0.153	0.213	0.256	0.259	0.311	0.301	0.314	0.353	0.367	0.330	0.455	0.342	0.366	0.360
0.007	0.011	0.013	0.026	0.055	0.100	0.153	0.213	0.256	0.259	0.311	0.301	0.314	0.353	0.367	0.330	0.455	0.342	0.366	0.360
0.007	0.011	0.013	0.026	0.055	0.100	0.153	0.213	0.256	0.259	0.311	0.301	0.314	0.353	0.367	0.330	0.455	0.342	0.366	0.360
0.007	0.011	0.013	0.026	0.055	0.100	0.153	0.213	0.256	0.259	0.311	0.301	0.314	0.353	0.367	0.330	0.455	0.342	0.366	0.360
0.007	0.011	0.013	0.026	0.055	0.100	0.153	0.213	0.256	0.259	0.311	0.301	0.314	0.353	0.367	0.330	0.455	0.342	0.366	0.360
0.007	0.011	0.013	0.026	0.055	0.100	0.153	0.213	0.256	0.259	0.311	0.301	0.314	0.353	0.367	0.330	0.455	0.342	0.366	0.360
0.002	0.014	0.047	0.078	0.088	0.145	0.176	0.205	0.208	0.282	0.339	0.239	0.273	0.352	0.310	0.582	0.373	0.325	0.360	0.399
0.002	0.014	0.047	0.078	0.088	0.145	0.176	0.205	0.208	0.282	0.339	0.239	0.273	0.352	0.310	0.582	0.373	0.325	0.360	0.399
0.002	0.015	0.029	0.093	0.132	0.149	0.191	0.219	0.201	0.240	0.208	0.255	0.297	0.306	0.306	0.490	0.373	0.325	0.360	0.399
0.002	0.018	0.023	0.053	0.120	0.130	0.198	0.216	0.228	0.284	0.256	0.251	0.292	0.293	0.294	0.447	0.346	0.325	0.360	0.399
0.002	0.018	0.034	0.061	0.135	0.206	0.228	0.256	0.252	0.327	0.335	0.327	0.575	0.369	0.298	0.481	0.353	0.325	0.360	0.399
0.002	0.018	0.027	0.037	0.092	0.168	0.261	0.252	0.253	0.260	0.299	0.327	0.575	0.369	0.300	0.501	0.357	0.325	0.360	0.399
0.002	0.012	0.029	0.065	0.101	0.176	0.257	0.303	0.277	0.260	0.299	0.327	0.575	0.369	0.300	0.501	0.354	0.325	0.360	0.399
0.002	0.014	0.022	0.049	0.110	0.172	0.233	0.301	0.337	0.438	0.324	0.278	0.345	0.458	0.302	0.538	0.352	0.342	0.360	0.399
0.002	0.012	0.022	0.048	0.097	0.156	0.208	0.293	0.286	0.368	0.313	0.356	0.345	0.341	0.310	0.562	0.365	0.358	0.360	0.372
0.002	0.006	0.014	0.033	0.066	0.125	0.203	0.290	0.305	0.292	0.314	0.377	0.336	0.398	0.320	0.542	0.363	0.374	0.360	0.350
0.002	0.012	0.011	0.030	0.062	0.105	0.174	0.225	0.243	0.312	0.322	0.425	0.351	0.422	0.340	0.521	0.360	0.391	0.360	0.350
0.002	0.008	0.013	0.031	0.053	0.089	0.166	0.202	0.244	0.234	0.323	0.311	0.345	0.318	0.347	0.477	0.376	0.407	0.360	0.350
0.002	0.007	0.019	0.035	0.069	0.096	0.149	0.166	0.263	0.309	0.353	0.340	0.471	0.355	0.369	0.432	0.391	0.407	0.360	0.350
0.002	0.011	0.020	0.041	0.066	0.093	0.143	0.216	0.216	0.242	0.286	0.317	0.361	0.362	0.383	0.420	0.399	0.407	0.368	0.377
0.002	0.011	0.029	0.039	0.069	0.093	0.153	0.175	0.218	0.247	0.281	0.303	0.379	0.306	0.387	0.408	0.406	0.407	0.375	0.399
0.002	0.006	0.020	0.045	0.070	0.113	0.152	0.205	0.205	0.232	0.302	0.294	0.245	0.359	0.352	0.391	0.420	0.422	0.383	0.399
0.002	0.006	0.018	0.040	0.071	0.112	0.147	0.208	0.215	0.219	0.272	0.263	0.323	0.255	0.362	0.398	0.419	0.437	0.390	0.399
0.002	0.006	0.023	0.041	0.072	0.083	0.148	0.174	0.225	0.225	0.232	0.257	0.245	0.325	0.356	0.407	0.417	0.478	0.398	0.399
0.002	0.006	0.015	0.031	0.041	0.092	0.142	0.155	0.190	0.200	0.239	0.255	0.229	0.262	0.338	0.404	0.425	0.505	0.398	0.399
0.002	0.006	0.015	0.038	0.034	0.068	0.120	0.163	0.205	0.205	0.230	0.260	0.277	0.269	0.318	0.382	0.406	0.520	0.406	0.399
0.002	0.018	0.028	0.053	0.066	0.095	0.147	0.194	0.227	0.229	0.221	0.263	0.286	0.257	0.339	0.365	0.396	0.484	0.434	0.399
0.002	0.015	0.037	0.067	0.093	0.112	0.173	0.195	0.224	0.219	0.247	0.258	0.256	0.285	0.317	0.349	0.389	0.467	0.415	0.407
0.002	0.012	0.035	0.064	0.104	0.107	0.166	0.161	0.218	0.227	0.291	0.266	0.261	0.260	0.294	0.326	0.369	0.415	0.396	0.415
0.002	0.024	0.036	0.099	0.195	0.148	0.186	0.244	0.228	0.227	0.272	0.292	0.297	0.278	0.295	0.341	0.346	0.367	0.384	0.392
0.002	0.012	0.021	0.054	0.150	0.175	0.226	0.238	0.256	0.306	0.356	0.329	0.398	0.272	0.295	0.340	0.344	0.332	0.363	0.371
0.002	0.009	0.018	0.037	0.083	0.149	0.208	0.209	0.230	0.246	0.245	0.300	0.287	0.352	0.285	0.343	0.332	0.348	0.316	0.357
0.002	0.005	0.015	0.030	0.063	0.126	0.166	0.246	0.250	0.243	0.253	0.312	0.273	0.325	0.292	0.346	0.322	0.349	0.320	0.355
0.002	0.010	0.019	0.029	0.047	0.111	0.146	0.234	0.243	0.234	0.324	0.279	0.360	0.337	0.299	0.394	0.318	0.350	0.320	0.340
0.002	0.010	0.015	0.031	0.054	0.091	0.153	0.206	0.232	0.292	0.285	0.368	0.303	0.285	0.305	0.363	0.334	0.360	0.313	0.341
0.002	0.010	0.027	0.039	0.065	0.103	0.136	0.187	0.240	0.292	0.253	0.315	0.290	0.306	0.329	0.355	0.348	0.364	0.314	0.344
0.002	0.010	0.023	0.056	0.078	0.110	0.163	0.192	0.254	0.223	0.264	0.275	0.360	0.341	0.339	0.363	0.353	0.355	0.331	0.353
0.002	0.010	0.016	0.038	0.114	0.148	0.182	0.188	0.267	0.269	0.287	0.303	0.379	0.303	0.347	0.354	0.355	0.340	0.347	0.329
0.002	0.008	0.038	0.046	0.088	0.185	0.177	0.195	0.228	0.265	0.272	0.309	0.344	0.306	0.355	0.329	0.374	0.354	0.382	0.326
0.002	0.016	0.036	0.074	0.108	0.119	0.176	0.186	0.234	0.247	0.262	0.293	0.278	0.375	0.368	0.332	0.374	0.370	0.383	0.339
0.002	0.020	0.036	0.089	0.137	0.158	0.234	0.238	0.257	0.283	0.281	0.312	0.329	0.333	0.355	0.359	0.373	0.383	0.388	0.361
0.004	0.022	0.056	0.078	0.175	0.197	0.220	0.262	0.278	0.251	0.303	0.303	0.295	0.305	0.356	0.358	0.373	0.427	0.373	0.392
0.005	0.014	0.036	0.091	0.167	0.212	0.208	0.234	0.272	0.292	0.256	0.294	0.303	0.331	0.346	0.368	0.378	0.460	0.395	0.434
0.005	0.014	0.036	0.091	0.167	0.212	0.208	0.234	0.272	0.292	0.256	0.294	0.303	0.331	0.346	0.368	0.378	0.460	0.395	0.434

#	wt_pop	females	0.002	0.003	0.004	0.005	0.006	0.007	0.008	0.009	0.01	0.011	0.012	0.013	0.014	0.015	0.016	0.017	0.018	19	20																																									
0.009	0.015	0.030	0.059	0.112	0.183	0.267	0.363	0.439	0.489	0.577	0.570	0.612	0.667	0.714	0.790	0.862	0.939	0.889	0.815
0.009	0.015	0.030	0.059	0.112	0.183	0.267	0.363	0.439	0.489	0.577	0.570	0.612	0.667	0.714	0.790	0.862	0.939	0.889	0.815
0.009	0.015	0.030	0.059	0.112	0.183	0.267	0.363	0.439	0.489	0.577	0.570	0.612	0.667	0.714	0.790	0.862	0.939	0.889	0.815
0.009	0.015	0.030	0.059	0.112	0.183	0.267	0.363	0.439	0.489	0.577	0.570	0.612	0.667	0.714	0.790	0.862	0.939	0.889	0.815
0.009	0.015	0.030	0.059	0.112	0.183	0.267	0.363	0.439	0.489	0.577	0.570	0.612	0.667	0.714	0.790	0.862	0.939	0.889	0.815
0.009	0.015	0.030	0.059	0.112	0.183	0.267	0.363	0.439	0.489	0.577	0.570	0.612	0.667	0.714	0.790	0.862	0.939	0.889	0.815
0.009	0.015	0.030	0.059	0.112	0.183	0.267	0.363	0.439	0.489	0.577	0.570	0.612	0.667	0.714	0.790	0.862	0.939	0.889	0.815
0.009	0.018	0.052	0.077	0.101	0.153	0.212	0.282	0.391	0.421	0.538	0.494	0.643	0.614	0.908	0.969	0.935	0.935	0.948	0.880
0.009	0.013	0.032	0.102	0.154	0.200	0.277	0.312	0.431	0.418	0.497	0.466	0.608	0.630	0.817	0.864	0.992	1.080	1.022	0.880
0.009	0.014	0.029	0.060	0.133	0.205	0.249	0.331	0.421	0.473	0.588	0.543	0.584	0.799	0.729	0.803	0.963	1.022	0.983	0.880
0.009	0.021	0.033	0.068	0.152	0.249	0.330	0.397	0.511	0.503	0.615	0.620	0.539	0.615	0.717	0.757	0.896	1.013	0.993	0.910
0.009	0.015	0.029	0.044	0.104	0.188	0.295	0.369	0.430	0.510	0.545	0.515	0.611	0.547	0.720	0.777	0.875	1.015	0.970	0.864
0.009	0.015	0.034	0.065	0.115	0.205	0.339	0.494	0.521	0.487	0.614	0.598	0.634	0.746	0.647	0.755	0.866	1.020	0.956	0.864
0.009	0.015	0.028	0.048	0.117	0.192	0.311	0.419	0.414	0.508	0.604	0.708	0.615	0.647	0.631	0.731	0.806	0.913	0.881	0.830
0.009	0.016	0.025	0.055	0.093	0.175	0.236	0.380	0.495	0.559	0.609	0.564	0.566	0.723	0.661	0.727	0.801	0.908	0.870	0.830
0.009	0.009	0.015	0.039	0.082	0.145	0.235	0.335	0.431	0.547	0.612	0.620	0.614	0.685	0.680	0.793	0.838	0.896	0.835	0.794
0.009	0.009	0.022	0.031	0.072	0.117	0.184	0.306	0.349	0.462	0.549	0.574	0.705	0.667	0.694	0.802	0.856	0.855	0.798	0.819
0.009	0.009	0.018	0.037	0.058	0.095	0.166	0.218	0.332	0.416	0.445	0.544	0.585	0.628	0.716	0.767	0.841	0.826	0.795	0.806
0.009	0.009	0.022	0.031	0.082	0.108	0.182	0.228	0.305	0.410	0.534	0.629	0.555	0.645	0.720	0.790	0.854	0.851	0.828	0.826
0.009	0.009	0.025	0.047	0.075	0.105	0.174	0.207	0.325	0.430	0.442	0.544	0.555	0.656	0.696	0.788	0.870	0.838	0.803	0.813
0.009	0.009	0.025	0.039	0.072	0.112	0.157	0.218	0.268	0.390	0.410	0.465	0.681	0.673	0.666	0.729	0.869	0.803	0.785	0.812
0.009	0.007	0.022	0.053	0.072	0.128	0.171	0.245	0.281	0.354	0.448	0.514	0.520	0.621	0.638	0.686	0.856	0.780	0.821	0.813
0.009	0.016	0.021	0.045	0.082	0.102	0.173	0.199	0.238	0.344	0.393	0.418	0.468	0.665	0.632	0.660	0.808	0.782	0.824	0.810
0.009	0.016	0.023	0.049	0.072	0.115	0.173	0.198	0.226	0.318	0.339	0.393	0.420	0.556	0.604	0.659	0.791	0.758	0.811	0.808
0.009	0.016	0.017	0.029	0.045	0.086	0.114	0.178	0.237	0.245	0.320	0.387	0.437	0.489	0.591	0.646	0.745	0.737	0.803	0.838
0.009	0.016	0.000	0.033	0.062	0.094	0.136	0.200	0.245	0.293	0.339	0.406	0.410	0.472	0.560	0.617	0.687	0.735	0.816	0.851
0.009	0.016	0.040	0.082	0.080	0.114	0.169	0.230	0.236	0.298	0.336	0.370	0.439	0.462	0.520	0.584	0.641	0.751	0.786	0.851
0.002	0.012	0.037	0.075	0.120	0.130	0.185	0.205	0.322	0.325	0.378	0.378	0.440	0.462	0.502	0.575	0.637	0.692	0.723	0.838
0.002	0.012	0.037	0.075	0.120	0.130	0.185	0.205	0.322	0.325	0.378	0.378	0.440	0.462	0.503	0.526	0.601	0.660	0.672	0.826
0.002	0.033	0.035	0.089	0.175	0.203	0.430	0.268	0.293	0.432	0.418	0.479	0.458	0.457	0.502	0.527	0.565	0.622	0.699	0.761
0.002	0.015	0.024	0.055	0.134	0.244	0.230	0.307	0.326	0.381	0.435	0.494	0.432	0.501	0.508	0.522	0.559	0.572	0.640	0.697
0.002	0.011	0.022	0.039	0.087	0.156	0.222	0.264	0.346	0.368	0.375	0.492	0.472	0.531	0.515	0.517	0.551	0.527	0.607	0.666
0.002	0.007	0.020	0.033	0.062	0.123	0.205	0.237	0.342	0.369	0.458	0.451	0.486	0.525	0.518	0.519	0.560	0.536	0.614	0.654
0.004	0.014	0.019	0.039	0.052	0.123	0.157	0.326	0.336	0.477	0.437	0.568	0.499	0.595	0.494	0.528	0.565	0.541	0.618	0.648
0.004	0.014	0.016	0.033	0.054	0.101	0.161	0.254	0.313	0.316	0.391	0.432	0.456	0.443	0.501	0.531	0.570	0.557	0.578	0.650
0.004	0.014	0.022	0.049	0.072	0.117	0.151	0.232	0.307	0.347	0.453	0.461	0.449	0.534	0.521	0.539	0.567	0.573	0.564	0.655
0.004	0.014	0.031	0.087	0.123	0.138	0.174	0.221	0.299	0.359	0.421	0.447	0.485	0.537	0.521	0.578	0.595	0.626	0.519	0.649
0.004	0.014	0.028	0.032	0.140	0.147	0.189	0.254	0.304	0.365	0.447	0.519	0.540	0.642	0.530	0.593	0.623	0.651	0.517	0.631
0.004	0.009	0.039	0.095	0.112	0.153	0.227	0.224	0.319	0.358	0.409	0.500	0.528	0.539	0.554	0.622	0.629	0.690	0.525	0.606
0.004	0.013	0.031	0.066	0.103	0.193	0.169	0.130	0.316	0.330	0.376	0.459	0.536	0.570	0.573	0.617	0.681	0.698	0.483	0.573
0.004	0.016	0.033	0.092	0.138	0.267	0.273	0.308	0.322	0.394	0.455	0.504	0.509	0.565	0.578	0.628	0.715	0.742	0.535	0.605
0.000	0.024	0.069	0.071	0.194	0.184	0.252	0.216	0.393	0.414	0.460	0.484	0.494	0.528	0.588	0.603	0.702	0.696	0.609	0.644
0.004	0.035	0.102	0.172	0.276	0.287	0.318	0.371	0.500	0.462	0.486	0.527	0.509	0.555	0.585	0.630	0.709	0.790	0.681	0.716
0.004	0.035	0.102	0.172	0.276	0.287	0.318	0.371	0.500	0.462	0.486	0.527	0.509	0.555	0.585	0.630	0.709	0.790	0.681	0.716

#	wt_pop	males	0.002	0.003	0.004	0.005	0.006	0.007	0.008	0.009	0.01	0.011	0.012	0.013	0.014	0.015	0.016	0.017	0.018	19	20																																									
0.007	0.011	0.013	0.026	0.055	0.100	0.153	0.213	0.256	0.259	0.311	0.301	0.314	0.353	0.367	0.330	0.455	0.342	0.366	0.360
0.007	0.011	0.013	0.026	0.055	0.100	0.153	0.213	0.256	0.259	0.311	0.301	0.314	0.353	0.367	0.330	0.455	0.342	0.366	0.360
0.007	0.011	0.013	0.026	0.055	0.100	0.153	0.213	0.256	0.259	0.311	0.301	0.314	0.353	0.367	0.330	0.455	0.342	0.366	0.360
0.007	0.011	0.013	0.026	0.055	0.100	0.153	0.213	0.256	0.259	0.311	0.301	0.314	0.353	0.367	0.330	0.455	0.342	0.366	0.360
0.007	0.011	0.013	0.026	0.055	0.100	0.153	0.213	0.256	0.259	0.311	0.301	0.314	0.353	0.367	0.330	0.455	0.342	0.366	0.360
0.007	0.011	0.013	0.026	0.055	0.100	0.153	0.213	0.256	0.259	0.311	0.301	0.314	0.353	0.367	0.330	0.455	0.342	0.366	0.360
0.002	0.014	0.047	0.078	0.088	0.145	0.176	0.205	0.208	0.282	0.339	0.239	0.273	0.352	0.310	0.582	0.373	0.325	0.360	0.399
0.002	0.014	0.047	0.078	0.088	0.145	0.176	0.205	0.208	0.282	0.339	0.239	0.273	0.352	0.310	0.582	0.373	0.325	0.360	0.399
0.002	0.015	0.029	0.093	0.132	0.149	0.191	0.219	0.201	0.240	0.208	0.255	0.297	0.306	0.306	0.490	0.373	0.325	0.360	0.399
0.002	0.018	0.023	0.053	0.120	0.130	0.198	0.216	0.228	0.284	0.256	0.251	0.292	0.293	0.294	0.447	0.346	0.325	0.360	0.399
0.002	0.018	0.034	0.061	0.135	0.206	0.228	0.256	0.252	0.327	0.335	0.327	0.575	0.369	0.298	0.481	0.353	0.325	0.360	0.399
0.002	0.018	0.027	0.037	0.092	0.168	0.261	0.252	0.253	0.260	0.299	0.327	0.575	0.369	0.300	0.501	0.357	0.325	0.360	0.399
0.002	0.012	0.029	0.065	0.101	0.176	0.257	0.303	0.277	0.260	0.299	0.327	0.575	0.369	0.300	0.501	0.354	0.325	0.360	0.399
0.002	0.014	0.022	0.049	0.110	0.172	0.233	0.301	0.337	0.438	0.324	0.278	0.345	0.458	0.302	0.538	0.352	0.342	0.360	0.399
0.002	0.012	0.022	0.048	0.097	0.156	0.208	0.293	0.286	0.368	0.313	0.356	0.345	0.341	0.310	0.562	0.365	0.358	0.360	0.372
0.002	0.006	0.014	0.033	0.066	0.125	0.203	0.290	0.305	0.292	0.314	0.377	0.336	0.398	0.320	0.542	0.363	0.374	0.360	0.350
0.002	0.012	0.011	0.030	0.062	0.105	0.174	0.225	0.243	0.312	0.322	0.425	0.351	0.422	0.340	0.521	0.360	0.391	0.360	0.350
0.002	0.008	0.013	0.031	0.053	0.089	0.166	0.202	0.244	0.234	0.323	0.311	0.345	0.318	0.347	0.477	0.376	0.407	0.360	0.350
0.002	0.007	0.019	0.035	0.069	0.096	0.149	0.166	0.263	0.309	0.353	0.340	0.471	0.355	0.369	0.432	0.391	0.407	0.360	0.350
0.002	0.011	0.020	0.041	0.066	0.093	0.143	0.216	0.216	0.242	0.286	0.317	0.361	0.362	0.383	0.420	0.399	0.407	0.368	0.377
0.002	0.011	0.029	0.039	0.069	0.093	0.153	0.175	0.218	0.247	0.281	0.303	0.379	0.306	0.387	0.408	0.406	0.407	0.375	0.399
0.002	0.006	0.020	0.045	0.070	0.113	0.152	0.205	0.205	0.232	0.302	0.294	0.245	0.359	0.352	0.391	0.420	0.422	0.383	0.399
0.002	0.006	0.018	0.040	0.071	0.112	0.147	0.208	0.215	0.219	0.272	0.263	0.323	0.255	0.362	0.398	0.419	0.437	0.390	0.399
0.002	0.006	0.023	0.041	0.072	0.083	0.148	0.174	0.225	0.225	0.232	0.257	0.245	0.325	0.356	0.407	0.417	0.478	0.398	0.399
0.002	0.006	0.015	0.031	0.041	0.092	0.142	0.155	0.190	0.200	0.239	0.255	0.229	0.262	0.338	0.404	0.425	0.505	0.398	0.399
0.002	0.006	0.015	0.038	0.034	0.068	0.120	0.163	0.205	0.205	0.230	0.260	0.277	0.269	0.318	0.382	0.406	0.520	0.406	0.399
0.002	0.018	0.028	0.053	0.066	0.095	0.147	0.194	0.227	0.229	0.221	0.263	0.286	0.257	0.339	0.365	0.396	0.484	0.434	0.399
0.002	0.015	0.037	0.067	0.093	0.112	0.173	0.195	0.224	0.219	0.247	0.258	0.256	0.285	0.317	0.349	0.389	0.467	0.415	0.407
0.002	0.012	0.035	0.064	0.104	0.107	0.166	0.161	0.218	0.227	0.291	0.266	0.261	0.260	0.294	0.326	0.369	0.415	0.396	0.415
0.002	0.024	0.036	0.099	0.195	0.148	0.186	0.244	0.228	0.227	0.272	0.292	0.297	0.278	0.295	0.341	0.346	0.367	0.384	0.392
0.002	0.012	0.021	0.054	0.150	0.175	0.226	0.238	0.256	0.306	0.356	0.329	0.398	0.272	0.295	0.340	0.344	0.332	0.363	0.371
0.002	0.009	0.018	0.037	0.083	0.149	0.208	0.209	0.230	0.246	0.245	0.300	0.287	0.352	0.285	0.343	0.332	0.348	0.316	0.357
0.002	0.005	0.015	0.030	0.063	0.126	0.166	0.246	0.250	0.243	0.253	0.312	0.273	0.325	0.292	0.346	0.322	0.349	0.320	0.355
0.002	0.010	0.019	0.029	0.047	0.111	0.146	0.234	0.243	0.234	0.324	0.279	0.360	0.337	0.299	0.394	0.318	0.350	0.320	0.340
0.002	0.010	0.015	0.031	0.054	0.091	0.153	0.206	0.232	0.292	0.285	0.368	0.303	0.285	0.305	0.363	0.334	0.360	0.313	0.341
0.002	0.010	0.027	0.039	0.065	0.103	0.136	0.187	0.240	0.292	0.253	0.315	0.290	0.306	0.329	0.355	0.348	0.364	0.314	0.344
0.002	0.010	0.023	0.056	0.078	0.110	0.163	0.192	0.254	0.223	0.264	0.275	0.360	0.341	0.339	0.363	0.353	0.355	0.331	0.353
0.002	0.010	0.016	0.038	0.114	0.148	0.182	0.188	0.267	0.269	0.287	0.303	0.379	0.303	0.347	0.354	0.355	0.340	0.347	0.329
0.002	0.008	0.038	0.046	0.088	0.185	0.177	0.195	0.228	0.265	0.272	0.309	0.344	0.306	0.355	0.329	0.374	0.354	0.382	0.326
0.002	0.016	0.036	0.074	0.108	0.119	0.176	0.186	0.234	0.247	0.262	0.293	0.278	0.375	0.368	0.332	0.374	0.370	0.383	0.339
0.002	0.020	0.036	0.089	0.137	0.158	0.234	0.238	0.257	0.283	0.281	0.312	0.329	0.333	0.355	0.359	0.373	0.383	0.388	0.361
0.004	0.022	0.056	0.078	0.175	0.197	0.220	0.262	0.278	0.251	0.303	0.303	0.295	0.305	0.356	0.358	0.373	0.427	0.373	0.392
0.005	0.014	0.036	0.091	0.167	0.212	0.208	0.234	0.272	0.292	0.256	0.294	0.303	0.331	0.346	0.368	0.378	0.460	0.395	0.434
0.005	0.014	0.036	0.091	0.167	0.212	0.208	0.234	0.272	0.292	0.256	0.294	0.303	0.331	0.346	0.368	0.378	0.460	0.395	0.434

#	maturity	(1	nages)																																																											
0	0	0	0	0.001	0.008	0.061	0.2	0.505	0.75	0.888	0.929	0.955	0.979	0.983	0.991	0.996	0.997	0.997	0.997																																											
0	0	0	0	0.001	0.008	0.061	0.2	0.505	0.75	0.888	0.929	0.955	0.979	0.983	0.991	0.996	0.997	0.997	0.997																																											
0	0	0	0	0.001	0.008	0.061	0.2	0.505	0.75	0.888	0.929	0.955	0.979	0.983	0.991	0.996	0.997	0.997	0.997																																											
0	0	0	0	0.001	0.008	0.061	0.2	0.505	0.75	0.888	0.929	0.955	0.979	0.983	0.991	0.996	0.997	0.997	0.997																																											
0	0	0	0	0.001	0.008	0.061	0.2	0.505	0.75	0.888	0.929	0.955	0.979	0.983	0.991	0.996	0.997	0.997	0.997																																											
0	0	0	0	0.001	0.008	0.061	0.2	0.505	0.75	0.888	0.929	0.955	0.979	0.983	0.991	0.996	0.997	0.997	0.997																																											
0	0	0	0	0.001	0.008	0.061	0.2	0.505	0.75	0.888	0.929	0.955	0.979	0.983	0.991	0.996	0.997	0.997	0.997																																											
0	0	0	0	0.001	0.008	0.061	0.2	0.505	0.75	0.888	0.929	0.955	0.979	0.983	0.991	0.996	0.997	0.997	0.997																																											
0	0	0	0	0.001	0.008	0.061	0.2	0.505	0.75	0.888	0.929	0.955	0.979	0.983	0.991	0.996	0.997	0.997	0.997																																											
0	0	0	0	0.001	0.008	0.061	0.2	0.505	0.75	0.888	0.929	0.955	0.979	0.983	0.991	0.996	0.997	0.997	0.997																																											
0	0	0	0	0.001	0.008	0.061	0.2	0.505	0.75	0.888	0.929	0.955	0.979	0.983	0.991	0.996	0.997	0.997	0.997																																											
0	0	0	0	0.001	0.008	0.061	0.2	0.505	0.75	0.888	0.929	0.955	0.979	0.983	0.991	0.996	0.997	0.997	0.997																																											
0	0	0	0	0.001	0.008	0.061	0.2	0.505	0.75	0.888	0.929	0.955	0.979	0.983	0.991	0.996	0.997	0.997	0.997																																											
0	0	0	0	0.001	0.008	0.061	0.2	0.505	0.75	0.888	0.929	0.955	0.979	0.983	0.991	0.996	0.997	0.997	0.997																																											
0	0	0	0	0.001	0.008	0.061	0.2	0.505	0.75	0.888	0.929	0.955	0.979	0.983	0.991	0.996	0.997	0.997	0.997																																											
0	0	0	0	0.001	0.008	0.061	0.2	0.505	0.75	0.888	0.929	0.955	0.979	0.983	0.991	0.996	0.997	0.997	0.997																																											
0	0	0	0	0.001	0.008	0.061	0.2	0.505	0.75	0.888	0.929	0.955	0.979	0.983	0.991	0.996	0.997	0.997	0.997																																											
0	0	0	0	0.001	0.008	0.061	0.2	0.505	0.75	0.888	0.929	0.955	0.979	0.983	0.991	0.996	0.997	0.997	0.997																																											
0	0	0	0	0.001	0.008	0.061	0.2	0.505	0.75	0.888	0.929	0.955	0.979	0.983	0.991	0.996	0.997	0.997	0.997																																											
0	0	0	0	0.001	0.008	0.061	0.2	0.505	0.75	0.888	0.929	0.955	0.979	0.983	0.991	0.996	0.997	0.997	0.997																																											
0	0	0	0	0.001	0.008	0.061	0.2	0.505	0.75	0.888	0.929	0.955	0.979	0.983	0.991	0.996	0.997	0.997	0.997																																											
0	0	0	0	0.001	0.008	0.061	0.2	0.505	0.75	0.888	0.929	0.955	0.979	0.983	0.991	0.996	0.997	0.997	0.997																																											
0	0	0	0	0.001	0.008	0.061	0.2	0.505	0.75	0.888	0.929	0.955	0.979	0.983	0.991	0.996	0.997	0.997	0.997																																											
0	0	0	0	0.001	0.008	0.061	0.2	0.505	0.75	0.888	0.929	0.955	0.979	0.983	0.991	0.996	0.997	0.997	0.997																																											
0	0	0	0	0.001	0.008	0.061	0.2	0.505	0.75	0.888	0.929	0.955	0.979	0.983	0.991	0.996	0.997	0.997	0.997																																											
0	0	0	0	0.001	0.008	0.061	0.2	0.505	0.75	0.888	0.929	0.955	0.979	0.983	0.991	0.996	0.997	0.997	0.997																																											
0	0	0	0	0.001	0.008	0.061	0.2	0.505	0.75	0.888	0.929	0.955	0.979	0.983	0.991	0.996	0.997	0.997	0.997																																											
0	0	0	0	0.001	0.008	0.061	0.2	0.505	0.75	0.888	0.929	0.955	0.979	0.983	0.991	0.996	0.997	0.997	0.997																																											
0	0	0	0	0.001	0.008	0.061	0.2	0.505	0.75	0.888	0.929	0.955	0.979	0.983	0.991	0.996	0.997	0.997	0.997																																											
0	0	0	0	0.001	0.008	0.061	0.2	0.505	0.75	0.888	0.929	0.955	0.979	0.983	0.991	0.996	0.997	0.997	0.997																																											
0	0	0	0	0.001	0.008	0.061	0.2	0.505	0.75	0.888	0.929	0.955	0.979	0.983	0.991	0.996	0.997	0.997	0.997																																											
0	0	0	0	0.001	0.008	0.061	0.2	0.505	0.75	0.888	0.929	0.955	0.979	0.983	0.991	0.996	0.997	0.997	0.997																																											
0	0	0	0	0.001	0.008	0.061	0.2	0.505	0.75	0.888	0.929	0.955	0.979	0.983	0.991	0.996	0.997	0.997	0.997																																											
0	0	0	0	0.001	0.008	0.061	0.2	0.505	0.75	0.888	0.929	0.955	0.979	0.983	0.991	0.996	0.997	0.997	0.997																																											
0	0	0	0	0.001	0.008	0.061	0.2	0.505	0.75	0.888	0.929	0.955	0.979	0.983	0.991	0.996	0.997	0.997	0.997																																											
0	0	0	0	0.001	0.008	0.061	0.2	0.505	0.75	0.888	0.929	0.955	0.979	0.983	0.991	0.996	0.997	0.997	0.997																																											
0	0	0	0	0.001	0.008	0.061	0.2	0.505	0.75	0.888	0.929	0.955	0.979	0.983	0.991	0.996	0.997	0.997	0.997																																											
0	0	0	0	0.001	0.008	0.061	0.2	0.505	0.75	0.888	0.929	0.955	0.979	0.983	0.991	0.996	0.997	0.997	0.997																																											
0	0	0	0	0.001	0.008	0.061	0.2	0.505	0.75	0.888	0.929	0.955	0.979	0.983	0.991	0.996	0.997	0.997	0.997																																											
0	0	0	0	0.001	0.008	0.061	0.2	0.505	0.75	0.888	0.929	0.955	0.979	0.983	0.991	0.996	0.997	0.997	0.997																																											
0	0	0	0	0.001	0.008	0.061	0.2	0.505	0.75	0.888	0.929	0.955	0.979	0.983	0.991	0.996	0.997	0.997	0.997																																											
0	0	0	0	0.001	0.008	0.061	0.2	0.505	0.75	0.888	0.929	0.955	0.979	0.983	0.991	0.996	0.997	0.997	0.997
0	0	0	0	0.001	0.008	0.061	0.2	0.505	0.75	0.888	0.929	0.955	0.979	0.983	0.991	0.996	0.997	0.997	0.997
0	0	0	0	0.001	0.008	0.061	0.2	0.505	0.75	0.888	0.929	0.955	0.979	0.983	0.991	0.996	0.997	0.997	0.997
#	old	schedule																																																												
#0	0.006	0.003	0.0123	0.039	0.098	0.198	0.33	0.47	0.59	0.68	0.746	0.795	0.83	0.856	0.875	0.889	0.9	0.908	0.915																																											
#	init_age_comp	Flag	whether	initial	age	comp	independent	or	not	(0	=	NOT)																																																		
1																																																														
#	Number	of	q	(catchability)	environmental	covariates	(by	number	of	surveys)																																																				
0																																																														
#	average	annual	survey	bottom	temperature	for	depths	<	100	m																																																				
#	this	was	2016	values	-0.485366064	0.679368526	-0.2881911	-0.115117834	-0.808865556	0.805881419	-0.16712192	0.576663634	0.05322118	0.472773539	-0.556679973	0.694985969	-1.026804427	-0.848045179	0.998177496	0.189028646	1.063370056	-1.984156804	-0.334650356	0.083279729	0.962112921	1.418313515	1.048452954	1.118213854	-0.829789498	-0.845586547	-1.390876275	-1.31641683	-1.362549595	-0.04915038	-1.679885119	-0.724469274	0.938956834	0.992215226	2.496840197	0.221867036																						
#1.840697216	3.005431805	2.037872179	2.210945445	1.517197723	3.131944699	2.158941359	2.902726913	2.37928446	2.798836818	1.769383306	3.021049248	1.299258852	1.4780181	3.324240775	2.515091925	3.389433335	0.341906476	1.991412923	2.409343008	3.288176201	3.744376795	3.374516233	3.444277133	1.496273781	1.480476732	0.935187004	1.009646449	0.963513684	2.2769129	0.64617816	1.601594006	3.265020113	3.318278506	4.822903476	2.547930315	4.479971933
#-0.405404086	0.759330503	-0.208229122	-0.035155857	-0.728903579	0.885843397	-0.087159943	0.656625611	0.133183158	0.552735517	-0.476717995	0.774947946	-0.94684245	-0.768083202	1.078139474	0.268990623	1.143332034	-1.904194826	-0.254688379	0.163241706	1.042074899	1.498275493	1.128414931	1.198175831	-0.749827521	-0.76562457	-1.310914298	-1.236454853	-1.282587617	0.030811598	-1.599923142	-0.644507296	1.018918812	1.072177204																													
#-0.479027005	0.685707584	-0.281852042	-0.108778776	-0.802526498	0.812220478	-0.160782862	0.583002692	0.059560238	0.479112597	-0.550340915	0.701325027	-1.020465369	-0.841706121	1.004516554	0.195367704	1.069709114	-1.977817745	-0.328311298	0.089618787	0.968451979	1.424652574	1.054792012	1.124552912	-0.82345044	-0.839247489	-1.384537217	-1.310077772	-1.356210537	-0.042811321	-1.673546061	-0.718130215	0.945295892	0.998554285	2.503179255																												
#-0.372913868	0.791820721	-0.175738904	-0.002665638	-0.69641336	0.918333615	-0.054669724	0.689115829	0.165673376	0.585225735	-0.444227777	0.807438165	-0.914352231	-0.735592984	1.110629692	0.301480842	1.175822252	-1.871704608	-0.222198161	0.195731924	1.074565117	1.530765711	1.160905149	1.230666049	-0.717337303	-0.733134351	-1.278424079	-1.203964634	-1.250097399	0.063301816	-1.567432923	-0.612017078	1.05140903																														
#-0.410515233	0.754219356	-0.21334027	-0.040267004	-0.734014726	0.88073225	-0.09227109	0.651514464	0.128072011	0.547624369	-0.481829143	0.769836799	-0.951953597	-0.773194349	1.073028326	0.263879476	1.138220886	-1.909305973	-0.259799526	0.158130559	1.036963752	1.493164346	1.123303784	1.193064684	-0.754938668	-0.770735717	-1.316025445	-1.241566	-1.287698765	0.025700451																																	
#-0.358739934	0.805994655	-0.16156497	0.011508296	-0.682239426	0.932507549	-0.040495791	0.703289763	0.17984731	0.599399669	-0.430053843	0.821612099	-0.900178298	-0.72141905	1.124803626	0.315654776	1.189996186	-1.857530674	-0.208024227	0.209905858	1.088739051	1.544939645	1.175079083	1.244839983	-0.703163369	-0.718960418	-1.264250145	-1.1897907	-1.235923465	0.07747575	-1.55325899																																
#	spawnmo																																																													
2																																																														
#	Survey	1	month																																																											
7																																																														
#	Sample	size	for	wts	at	age	1982-2010	20-Jan																																																						
2	24	40	49	87	77	57	79	39	44	42	53	53	41	19	16	12	4	4	16																																											
0	1	3	29	43	94	95	45	60	45	38	61	55	43	51	20	13	10	0	20																																											
0	0	11	55	82	79	79	61	53	56	58	38	42	43	53	34	21	12	5	34																																											
0	0	5	33	89	125	60	80	67	38	45	41	37	40	44	42	24	20	3	42																																											
0	0	2	9	40	86	162	53	66	48	46	34	39	30	35	27	32	11	12	27																																											
0	0	1	20	26	173	89	122	45	39	42	31	34	22	24	29	24	23	25	29																																											
0	0	2	3	52	7	146	69	51	12	19	15	18	31	19	10	12	12	16	10																																											
0	0	1	6	27	121	31	199	89	59	13	16	27	19	28	17	10	8	22	17																																											
0	0	2	18	27	62	151	31	187	58	56	12	13	17	9	26	21	13	14	26																																											
0	0	1	20	44	19	45	134	15	170	38	57	11	17	12	19	24	18	7	19																																											
0	0	1	31	57	54	23	26	91	11	98	14	32	11	14	19	12	18	12	19																																											
0	0	3	11	36	58	32	21	21	111	8	93	15	17	8	9	13	16	8	9																																											
0	2	6	9	17	45	78	45	32	21	94	1	61	5	25	10	5	8	16	10																																											
0	0	3	35	33	26	79	67	22	21	7	85	3	96	13	12	18	11	14	12																																											
0	0	5	16	122	36	28	44	43	28	17	21	71	14	89	15	12	16	15	15																																											
0	0	10	40	51	84	21	18	37	18	11	16	12	46	6	30	7	11	8	30																																											
0	0	7	15	41	49	101	31	27	32	35	33	15	16	21	9	40	20	14	9																																											
0	0	2	32	48	55	57	176	33	25	57	42	26	12	16	32	20	41	21	32																																											
0	0	1	4	29	23	28	63	92	20	30	25	21	12	15	16	24	24	30	16																																											
0	2	1	15	31	80	42	59	64	88	34	11	21	13	11	17	11	21	8	17																																											
0	0	11	22	28	45	120	56	55	43	75	32	15	32	19	20	14	15	23	20																																											
0	0	6	24	43	42	41	158	35	44	24	36	17	9	20	18	13	11	14	18																																											
1	13	24	42	89	81	42	40	112	24	15	20	24	12	5	20	19	12	9	20																																											
0	6	27	48	31	71	59	26	47	94	15	12	15	20	10	7	16	11	12	7																																											
0	1	20	40	44	28	48	34	18	22	41	9	10	9	8	9	3	8	12	9																																											
0	1	13	105	73	79	47	83	39	19	32	57	15	19	16	12	14	18	16	12																																											
0	0	4	16	119	102	99	68	75	34	21	35	53	16	11	11	20	11	13	11																																											
0	1	7	18	27	144	90	95	48	39	38	18	17	35	13	9	7	10	14	9																																											
0	0	9	45	70	66	149	82	80	32	35	21	15	16	23	14	8	14	21	11																																											
0	0	9	45	70	66	149	82	80	32	35	21	15	16	23	14	8	14	21	11																																											
0	0	9	45	70	66	149	82	80	32	35	21	15	16	23	14	8	14	21	11																																											
#	May	SST	anomalies	from	Pribs	1954	-	2010	(same	length	as	model)																																																		
#0.756785714	0.426785714	0.156785714	1.486785714	1.516785714	0.766785714	1.086785714	0.926785714	0.836785714	0.456785714	0.726785714	0.716785714	0.646785714	1.556785714	0.886785714	1.096785714	0.826785714	-0.643214286	-0.243214286	0.046785714	0.786785714	-0.183214286	-0.803214286	0.916785714	1.486785714	1.556785714	1.316785714	1.916785714	-0.413214286	0.806785714	-0.413214286	-0.623214286	-0.553214286	0.686785714	0.116785714	0.266785714	0.126785714	-0.003214286	-0.273214286	1.046785714	-0.143214286	-0.433214286	0.706785714	-0.163214286	-0.163214286	-0.903214286	-0.053214286	0.356785714	0.566785714	1.396785714	1.166785714	0.976785714	-0.833214286	-0.903214286	-1.533214286	-0.813214286	-1.443214286						
#Lagged	ahead	one	year	(1953-2009	1953	is	approximate	)																																																						
#0.75	0.756785714	0.426785714	0.156785714	1.486785714	1.516785714	0.766785714	1.086785714	0.926785714	0.836785714	0.456785714	0.726785714	0.716785714	0.646785714	1.556785714	0.886785714	1.096785714	0.826785714	-0.643214286	-0.243214286	0.046785714	0.786785714	-0.183214286	-0.803214286	0.916785714	1.486785714	1.556785714	1.316785714	1.916785714	-0.413214286	0.806785714	-0.413214286	-0.623214286	-0.553214286	0.686785714	0.116785714	0.266785714	0.126785714	-0.003214286	-0.273214286	1.046785714	-0.143214286	-0.433214286	0.706785714	-0.163214286	-0.163214286	-0.903214286	-0.053214286	0.356785714	0.566785714	1.396785714	1.166785714	0.976785714	-0.833214286	-0.903214286	-1.533214286	-0.813214286	#	-1.443214286				
0.4	0.413157895	0.083157895	-0.186842105	1.143157895	1.173157895	0.423157895	0.743157895	0.583157895	0.493157895	0.113157895	0.383157895	0.373157895	0.303157895	1.213157895	0.543157895	0.753157895	0.483157895	-0.986842105	-0.586842105	-0.296842105	0.443157895	-0.526842105	-1.146842105	0.573157895	1.143157895	1.213157895	0.973157895	1.573157895	-0.756842105	0.463157895	-0.756842105	-0.966842105	-0.896842105	0.343157895	-0.226842105	-0.076842105	-0.216842105	-0.346842105	-0.616842105	0.703157895	-0.486842105	-0.776842105	0.363157895	
#0.4685337	0.477175671	0.056902953	-0.286956543	1.406869864	1.445076474	0.489911208	0.897448388	0.693679798	0.579059966	0.095109564	0.43896906	0.426233523	0.337084765	1.496018622	0.64273765	0.910183925	0.566324429	-1.305799494	-0.796378018	-0.427047448	0.515382281	-0.719964797	-1.509568084	0.680944261	1.406869864	1.496018622	1.190365736	1.95449795	-1.012882145	0.540853355	-1.012882145	-1.28032842	-1.191179662	0.388026912	-0.33789869	-0.146865637	-0.325163153	-0.490725133	-0.834584629	0.84650624	-0.669022649	-1.038353219	0.413497986	-0.694493723	-0.694493723	-1.636923453	-0.554402817	-0.032245805	0.23520047	1.292250032	0.999332683	0.757357482	-1.547774695	-1.636923453	-2.439262277	-1.522303621						
##	1.356433978	1.201009251	1.073843566	1.700252313	1.714381833	1.361143818	1.511858705	1.436501262	1.3941127	1.215138772	1.342304458	1.337594617	1.304625736	1.733221194	1.417661901	1.516568545	1.38940286	0.69705635	0.885449958	1.022035324	1.370563499	0.913708999	0.621698907	1.431791421	1.700252313	1.733221194	1.620185029	1.902775442	0.805382675	1.379983179	0.805382675	0.70647603	0.739444912	1.323465097	1.055004205	1.125651808	1.059714045	0.998486123	0.871320437	1.493019344	0.93254836	0.795962994	1.332884777	0.92312868	0.92312868	0.574600505	0.974936922	1.16804037	1.266947014	1.657863751	1.549537426	1.460050463	0.607569386	0.574600505	0.277880572	0.616989066	0.320269134					
123456
																																																														
