#	styr																																																									
1961																																																										
#	endyr																																																									
2021																																																										
#	nages																																																									
21																																																										
#	a_b	
0.00618	3.1765																																																									
0.00505	3.2243																																																									
#	nfsh																																																									
1																																																										
#catch_biom
514	514	514	514	514	2469	2276	1697	1315	1886	1185	4477	10007	4883	2776	3045	9449	8409	7579	7848	7433	4639	6331	3457	1539	1221	4963	5138	2584	7706	10034	15970	15559	23560	18428	22583	16319	12975	16207	24252	19964	21231	29994	15304	19770	27653	25494	29293	24937	24094	31009	20566	21608	36294	30000	30000	30000	30000	30000	30000	30000
#	nyrs_fsh_combined_sex_age																																																							
0																																																										
#	nyrs_fsh_split_sex_age																																																							
0																																																										
#	yrs_fsh_age_combined
#	yrs_fsh_age_split
																																																										
#	oac_fsh
																																																										
#	wt_fsh
0.001	0.1	0.168	0.392	0.614	0.836	1.056	1.276	1.495	1.712	1.929	2.145	2.36	2.574	2.786	2.998	3.21	3.42	3.629	3.837	4.805	0.001	0.07	0.212	0.339	0.452	0.553	0.642	0.722	0.794	0.857	0.914	0.965	1.01	1.05	1.085	1.117	1.146	1.171	1.194	1.214	1.261
0.001	0.1	0.168	0.392	0.614	0.836	1.056	1.276	1.495	1.712	1.929	2.145	2.36	2.574	2.786	2.998	3.21	3.42	3.629	3.837	4.805	0.001	0.07	0.212	0.339	0.452	0.553	0.642	0.722	0.794	0.857	0.914	0.965	1.01	1.05	1.085	1.117	1.146	1.171	1.194	1.214	1.261
0.001	0.1	0.168	0.392	0.614	0.836	1.056	1.276	1.495	1.712	1.929	2.145	2.36	2.574	2.786	2.998	3.21	3.42	3.629	3.837	4.805	0.001	0.07	0.212	0.339	0.452	0.553	0.642	0.722	0.794	0.857	0.914	0.965	1.01	1.05	1.085	1.117	1.146	1.171	1.194	1.214	1.261
0.001	0.1	0.168	0.392	0.614	0.836	1.056	1.276	1.495	1.712	1.929	2.145	2.36	2.574	2.786	2.998	3.21	3.42	3.629	3.837	4.805	0.001	0.07	0.212	0.339	0.452	0.553	0.642	0.722	0.794	0.857	0.914	0.965	1.01	1.05	1.085	1.117	1.146	1.171	1.194	1.214	1.261
0.001	0.1	0.168	0.392	0.614	0.836	1.056	1.276	1.495	1.712	1.929	2.145	2.36	2.574	2.786	2.998	3.21	3.42	3.629	3.837	4.805	0.001	0.07	0.212	0.339	0.452	0.553	0.642	0.722	0.794	0.857	0.914	0.965	1.01	1.05	1.085	1.117	1.146	1.171	1.194	1.214	1.261
0.001	0.1	0.168	0.392	0.614	0.836	1.056	1.276	1.495	1.712	1.929	2.145	2.36	2.574	2.786	2.998	3.21	3.42	3.629	3.837	4.805	0.001	0.07	0.212	0.339	0.452	0.553	0.642	0.722	0.794	0.857	0.914	0.965	1.01	1.05	1.085	1.117	1.146	1.171	1.194	1.214	1.261
0.001	0.1	0.168	0.392	0.614	0.836	1.056	1.276	1.495	1.712	1.929	2.145	2.36	2.574	2.786	2.998	3.21	3.42	3.629	3.837	4.805	0.001	0.07	0.212	0.339	0.452	0.553	0.642	0.722	0.794	0.857	0.914	0.965	1.01	1.05	1.085	1.117	1.146	1.171	1.194	1.214	1.261
0.001	0.1	0.168	0.392	0.614	0.836	1.056	1.276	1.495	1.712	1.929	2.145	2.36	2.574	2.786	2.998	3.21	3.42	3.629	3.837	4.805	0.001	0.07	0.212	0.339	0.452	0.553	0.642	0.722	0.794	0.857	0.914	0.965	1.01	1.05	1.085	1.117	1.146	1.171	1.194	1.214	1.261
0.001	0.1	0.168	0.392	0.614	0.836	1.056	1.276	1.495	1.712	1.929	2.145	2.36	2.574	2.786	2.998	3.21	3.42	3.629	3.837	4.805	0.001	0.07	0.212	0.339	0.452	0.553	0.642	0.722	0.794	0.857	0.914	0.965	1.01	1.05	1.085	1.117	1.146	1.171	1.194	1.214	1.261
0.001	0.1	0.168	0.392	0.614	0.836	1.056	1.276	1.495	1.712	1.929	2.145	2.36	2.574	2.786	2.998	3.21	3.42	3.629	3.837	4.805	0.001	0.07	0.212	0.339	0.452	0.553	0.642	0.722	0.794	0.857	0.914	0.965	1.01	1.05	1.085	1.117	1.146	1.171	1.194	1.214	1.261
0.001	0.1	0.168	0.392	0.614	0.836	1.056	1.276	1.495	1.712	1.929	2.145	2.36	2.574	2.786	2.998	3.21	3.42	3.629	3.837	4.805	0.001	0.07	0.212	0.339	0.452	0.553	0.642	0.722	0.794	0.857	0.914	0.965	1.01	1.05	1.085	1.117	1.146	1.171	1.194	1.214	1.261
0.001	0.1	0.168	0.392	0.614	0.836	1.056	1.276	1.495	1.712	1.929	2.145	2.36	2.574	2.786	2.998	3.21	3.42	3.629	3.837	4.805	0.001	0.07	0.212	0.339	0.452	0.553	0.642	0.722	0.794	0.857	0.914	0.965	1.01	1.05	1.085	1.117	1.146	1.171	1.194	1.214	1.261
0.001	0.1	0.168	0.392	0.614	0.836	1.056	1.276	1.495	1.712	1.929	2.145	2.36	2.574	2.786	2.998	3.21	3.42	3.629	3.837	4.805	0.001	0.07	0.212	0.339	0.452	0.553	0.642	0.722	0.794	0.857	0.914	0.965	1.01	1.05	1.085	1.117	1.146	1.171	1.194	1.214	1.261
0.001	0.1	0.168	0.392	0.614	0.836	1.056	1.276	1.495	1.712	1.929	2.145	2.36	2.574	2.786	2.998	3.21	3.42	3.629	3.837	4.805	0.001	0.07	0.212	0.339	0.452	0.553	0.642	0.722	0.794	0.857	0.914	0.965	1.01	1.05	1.085	1.117	1.146	1.171	1.194	1.214	1.261
0.001	0.1	0.168	0.392	0.614	0.836	1.056	1.276	1.495	1.712	1.929	2.145	2.36	2.574	2.786	2.998	3.21	3.42	3.629	3.837	4.805	0.001	0.07	0.212	0.339	0.452	0.553	0.642	0.722	0.794	0.857	0.914	0.965	1.01	1.05	1.085	1.117	1.146	1.171	1.194	1.214	1.261
0.001	0.1	0.168	0.392	0.614	0.836	1.056	1.276	1.495	1.712	1.929	2.145	2.36	2.574	2.786	2.998	3.21	3.42	3.629	3.837	4.805	0.001	0.07	0.212	0.339	0.452	0.553	0.642	0.722	0.794	0.857	0.914	0.965	1.01	1.05	1.085	1.117	1.146	1.171	1.194	1.214	1.261
0.001	0.1	0.168	0.392	0.614	0.836	1.056	1.276	1.495	1.712	1.929	2.145	2.36	2.574	2.786	2.998	3.21	3.42	3.629	3.837	4.805	0.001	0.07	0.212	0.339	0.452	0.553	0.642	0.722	0.794	0.857	0.914	0.965	1.01	1.05	1.085	1.117	1.146	1.171	1.194	1.214	1.261
0.001	0.1	0.168	0.392	0.614	0.836	1.056	1.276	1.495	1.712	1.929	2.145	2.36	2.574	2.786	2.998	3.21	3.42	3.629	3.837	4.805	0.001	0.07	0.212	0.339	0.452	0.553	0.642	0.722	0.794	0.857	0.914	0.965	1.01	1.05	1.085	1.117	1.146	1.171	1.194	1.214	1.261
0.001	0.1	0.168	0.392	0.614	0.836	1.056	1.276	1.495	1.712	1.929	2.145	2.36	2.574	2.786	2.998	3.21	3.42	3.629	3.837	4.805	0.001	0.07	0.212	0.339	0.452	0.553	0.642	0.722	0.794	0.857	0.914	0.965	1.01	1.05	1.085	1.117	1.146	1.171	1.194	1.214	1.261
0.001	0.1	0.168	0.392	0.614	0.836	1.056	1.276	1.495	1.712	1.929	2.145	2.36	2.574	2.786	2.998	3.21	3.42	3.629	3.837	4.805	0.001	0.07	0.212	0.339	0.452	0.553	0.642	0.722	0.794	0.857	0.914	0.965	1.01	1.05	1.085	1.117	1.146	1.171	1.194	1.214	1.261
0.001	0.1	0.168	0.392	0.614	0.836	1.056	1.276	1.495	1.712	1.929	2.145	2.36	2.574	2.786	2.998	3.21	3.42	3.629	3.837	4.805	0.001	0.07	0.212	0.339	0.452	0.553	0.642	0.722	0.794	0.857	0.914	0.965	1.01	1.05	1.085	1.117	1.146	1.171	1.194	1.214	1.261
0.001	0.1	0.168	0.392	0.614	0.836	1.056	1.276	1.495	1.712	1.929	2.145	2.36	2.574	2.786	2.998	3.21	3.42	3.629	3.837	4.805	0.001	0.07	0.212	0.339	0.452	0.553	0.642	0.722	0.794	0.857	0.914	0.965	1.01	1.05	1.085	1.117	1.146	1.171	1.194	1.214	1.261
0.001	0.1	0.168	0.392	0.614	0.836	1.056	1.276	1.495	1.712	1.929	2.145	2.36	2.574	2.786	2.998	3.21	3.42	3.629	3.837	4.805	0.001	0.07	0.212	0.339	0.452	0.553	0.642	0.722	0.794	0.857	0.914	0.965	1.01	1.05	1.085	1.117	1.146	1.171	1.194	1.214	1.261
0.001	0.1	0.168	0.392	0.614	0.836	1.056	1.276	1.495	1.712	1.929	2.145	2.36	2.574	2.786	2.998	3.21	3.42	3.629	3.837	4.805	0.001	0.07	0.212	0.339	0.452	0.553	0.642	0.722	0.794	0.857	0.914	0.965	1.01	1.05	1.085	1.117	1.146	1.171	1.194	1.214	1.261
0.001	0.1	0.168	0.392	0.614	0.836	1.056	1.276	1.495	1.712	1.929	2.145	2.36	2.574	2.786	2.998	3.21	3.42	3.629	3.837	4.805	0.001	0.07	0.212	0.339	0.452	0.553	0.642	0.722	0.794	0.857	0.914	0.965	1.01	1.05	1.085	1.117	1.146	1.171	1.194	1.214	1.261
0.001	0.1	0.168	0.392	0.614	0.836	1.056	1.276	1.495	1.712	1.929	2.145	2.36	2.574	2.786	2.998	3.21	3.42	3.629	3.837	4.805	0.001	0.07	0.212	0.339	0.452	0.553	0.642	0.722	0.794	0.857	0.914	0.965	1.01	1.05	1.085	1.117	1.146	1.171	1.194	1.214	1.261
0.001	0.1	0.168	0.392	0.614	0.836	1.056	1.276	1.495	1.712	1.929	2.145	2.36	2.574	2.786	2.998	3.21	3.42	3.629	3.837	4.805	0.001	0.07	0.212	0.339	0.452	0.553	0.642	0.722	0.794	0.857	0.914	0.965	1.01	1.05	1.085	1.117	1.146	1.171	1.194	1.214	1.261
0.001	0.1	0.168	0.392	0.614	0.836	1.056	1.276	1.495	1.712	1.929	2.145	2.36	2.574	2.786	2.998	3.21	3.42	3.629	3.837	4.805	0.001	0.07	0.212	0.339	0.452	0.553	0.642	0.722	0.794	0.857	0.914	0.965	1.01	1.05	1.085	1.117	1.146	1.171	1.194	1.214	1.261
0.001	0.1	0.168	0.392	0.614	0.836	1.056	1.276	1.495	1.712	1.929	2.145	2.36	2.574	2.786	2.998	3.21	3.42	3.629	3.837	4.805	0.001	0.07	0.212	0.339	0.452	0.553	0.642	0.722	0.794	0.857	0.914	0.965	1.01	1.05	1.085	1.117	1.146	1.171	1.194	1.214	1.261
0.001	0.1	0.168	0.392	0.614	0.836	1.056	1.276	1.495	1.712	1.929	2.145	2.36	2.574	2.786	2.998	3.21	3.42	3.629	3.837	4.805	0.001	0.07	0.212	0.339	0.452	0.553	0.642	0.722	0.794	0.857	0.914	0.965	1.01	1.05	1.085	1.117	1.146	1.171	1.194	1.214	1.261
0.001	0.1	0.168	0.392	0.614	0.836	1.056	1.276	1.495	1.712	1.929	2.145	2.36	2.574	2.786	2.998	3.21	3.42	3.629	3.837	4.805	0.001	0.07	0.212	0.339	0.452	0.553	0.642	0.722	0.794	0.857	0.914	0.965	1.01	1.05	1.085	1.117	1.146	1.171	1.194	1.214	1.261
0.001	0.1	0.168	0.392	0.614	0.836	1.056	1.276	1.495	1.712	1.929	2.145	2.36	2.574	2.786	2.998	3.21	3.42	3.629	3.837	4.805	0.001	0.07	0.212	0.339	0.452	0.553	0.642	0.722	0.794	0.857	0.914	0.965	1.01	1.05	1.085	1.117	1.146	1.171	1.194	1.214	1.261
0.001	0.1	0.168	0.392	0.614	0.836	1.056	1.276	1.495	1.712	1.929	2.145	2.36	2.574	2.786	2.998	3.21	3.42	3.629	3.837	4.805	0.001	0.07	0.212	0.339	0.452	0.553	0.642	0.722	0.794	0.857	0.914	0.965	1.01	1.05	1.085	1.117	1.146	1.171	1.194	1.214	1.261
0.001	0.1	0.168	0.392	0.614	0.836	1.056	1.276	1.495	1.712	1.929	2.145	2.36	2.574	2.786	2.998	3.21	3.42	3.629	3.837	4.805	0.001	0.07	0.212	0.339	0.452	0.553	0.642	0.722	0.794	0.857	0.914	0.965	1.01	1.05	1.085	1.117	1.146	1.171	1.194	1.214	1.261
0.001	0.1	0.168	0.392	0.614	0.836	1.056	1.276	1.495	1.712	1.929	2.145	2.36	2.574	2.786	2.998	3.21	3.42	3.629	3.837	4.805	0.001	0.07	0.212	0.339	0.452	0.553	0.642	0.722	0.794	0.857	0.914	0.965	1.01	1.05	1.085	1.117	1.146	1.171	1.194	1.214	1.261
0.001	0.1	0.168	0.392	0.614	0.836	1.056	1.276	1.495	1.712	1.929	2.145	2.36	2.574	2.786	2.998	3.21	3.42	3.629	3.837	4.805	0.001	0.07	0.212	0.339	0.452	0.553	0.642	0.722	0.794	0.857	0.914	0.965	1.01	1.05	1.085	1.117	1.146	1.171	1.194	1.214	1.261
0.001	0.1	0.168	0.392	0.614	0.836	1.056	1.276	1.495	1.712	1.929	2.145	2.36	2.574	2.786	2.998	3.21	3.42	3.629	3.837	4.805	0.001	0.07	0.212	0.339	0.452	0.553	0.642	0.722	0.794	0.857	0.914	0.965	1.01	1.05	1.085	1.117	1.146	1.171	1.194	1.214	1.261
0.001	0.1	0.168	0.392	0.614	0.836	1.056	1.276	1.495	1.712	1.929	2.145	2.36	2.574	2.786	2.998	3.21	3.42	3.629	3.837	4.805	0.001	0.07	0.212	0.339	0.452	0.553	0.642	0.722	0.794	0.857	0.914	0.965	1.01	1.05	1.085	1.117	1.146	1.171	1.194	1.214	1.261
0.001	0.1	0.168	0.392	0.614	0.836	1.056	1.276	1.495	1.712	1.929	2.145	2.36	2.574	2.786	2.998	3.21	3.42	3.629	3.837	4.805	0.001	0.07	0.212	0.339	0.452	0.553	0.642	0.722	0.794	0.857	0.914	0.965	1.01	1.05	1.085	1.117	1.146	1.171	1.194	1.214	1.261
0.001	0.1	0.168	0.392	0.614	0.836	1.056	1.276	1.495	1.712	1.929	2.145	2.36	2.574	2.786	2.998	3.21	3.42	3.629	3.837	4.805	0.001	0.07	0.212	0.339	0.452	0.553	0.642	0.722	0.794	0.857	0.914	0.965	1.01	1.05	1.085	1.117	1.146	1.171	1.194	1.214	1.261
0.001	0.1	0.168	0.392	0.614	0.836	1.056	1.276	1.495	1.712	1.929	2.145	2.36	2.574	2.786	2.998	3.21	3.42	3.629	3.837	4.805	0.001	0.07	0.212	0.339	0.452	0.553	0.642	0.722	0.794	0.857	0.914	0.965	1.01	1.05	1.085	1.117	1.146	1.171	1.194	1.214	1.261
0.001	0.1	0.168	0.392	0.614	0.836	1.056	1.276	1.495	1.712	1.929	2.145	2.36	2.574	2.786	2.998	3.21	3.42	3.629	3.837	4.805	0.001	0.07	0.212	0.339	0.452	0.553	0.642	0.722	0.794	0.857	0.914	0.965	1.01	1.05	1.085	1.117	1.146	1.171	1.194	1.214	1.261
0.001	0.1	0.168	0.392	0.614	0.836	1.056	1.276	1.495	1.712	1.929	2.145	2.36	2.574	2.786	2.998	3.21	3.42	3.629	3.837	4.805	0.001	0.07	0.212	0.339	0.452	0.553	0.642	0.722	0.794	0.857	0.914	0.965	1.01	1.05	1.085	1.117	1.146	1.171	1.194	1.214	1.261
0.001	0.1	0.168	0.392	0.614	0.836	1.056	1.276	1.495	1.712	1.929	2.145	2.36	2.574	2.786	2.998	3.21	3.42	3.629	3.837	4.805	0.001	0.07	0.212	0.339	0.452	0.553	0.642	0.722	0.794	0.857	0.914	0.965	1.01	1.05	1.085	1.117	1.146	1.171	1.194	1.214	1.261
0.001	0.1	0.168	0.392	0.614	0.836	1.056	1.276	1.495	1.712	1.929	2.145	2.36	2.574	2.786	2.998	3.21	3.42	3.629	3.837	4.805	0.001	0.07	0.212	0.339	0.452	0.553	0.642	0.722	0.794	0.857	0.914	0.965	1.01	1.05	1.085	1.117	1.146	1.171	1.194	1.214	1.261
0.001	0.1	0.168	0.392	0.614	0.836	1.056	1.276	1.495	1.712	1.929	2.145	2.36	2.574	2.786	2.998	3.21	3.42	3.629	3.837	4.805	0.001	0.07	0.212	0.339	0.452	0.553	0.642	0.722	0.794	0.857	0.914	0.965	1.01	1.05	1.085	1.117	1.146	1.171	1.194	1.214	1.261
0.001	0.1	0.168	0.392	0.614	0.836	1.056	1.276	1.495	1.712	1.929	2.145	2.36	2.574	2.786	2.998	3.21	3.42	3.629	3.837	4.805	0.001	0.07	0.212	0.339	0.452	0.553	0.642	0.722	0.794	0.857	0.914	0.965	1.01	1.05	1.085	1.117	1.146	1.171	1.194	1.214	1.261
0.001	0.1	0.168	0.392	0.614	0.836	1.056	1.276	1.495	1.712	1.929	2.145	2.36	2.574	2.786	2.998	3.21	3.42	3.629	3.837	4.805	0.001	0.07	0.212	0.339	0.452	0.553	0.642	0.722	0.794	0.857	0.914	0.965	1.01	1.05	1.085	1.117	1.146	1.171	1.194	1.214	1.261
0.001	0.1	0.168	0.392	0.614	0.836	1.056	1.276	1.495	1.712	1.929	2.145	2.36	2.574	2.786	2.998	3.21	3.42	3.629	3.837	4.805	0.001	0.07	0.212	0.339	0.452	0.553	0.642	0.722	0.794	0.857	0.914	0.965	1.01	1.05	1.085	1.117	1.146	1.171	1.194	1.214	1.261
0.001	0.1	0.168	0.392	0.614	0.836	1.056	1.276	1.495	1.712	1.929	2.145	2.36	2.574	2.786	2.998	3.21	3.42	3.629	3.837	4.805	0.001	0.07	0.212	0.339	0.452	0.553	0.642	0.722	0.794	0.857	0.914	0.965	1.01	1.05	1.085	1.117	1.146	1.171	1.194	1.214	1.261
0.001	0.1	0.168	0.392	0.614	0.836	1.056	1.276	1.495	1.712	1.929	2.145	2.36	2.574	2.786	2.998	3.21	3.42	3.629	3.837	4.805	0.001	0.07	0.212	0.339	0.452	0.553	0.642	0.722	0.794	0.857	0.914	0.965	1.01	1.05	1.085	1.117	1.146	1.171	1.194	1.214	1.261
0.001	0.1	0.168	0.392	0.614	0.836	1.056	1.276	1.495	1.712	1.929	2.145	2.36	2.574	2.786	2.998	3.21	3.42	3.629	3.837	4.805	0.001	0.07	0.212	0.339	0.452	0.553	0.642	0.722	0.794	0.857	0.914	0.965	1.01	1.05	1.085	1.117	1.146	1.171	1.194	1.214	1.261
0.001	0.1	0.168	0.392	0.614	0.836	1.056	1.276	1.495	1.712	1.929	2.145	2.36	2.574	2.786	2.998	3.21	3.42	3.629	3.837	4.805	0.001	0.07	0.212	0.339	0.452	0.553	0.642	0.722	0.794	0.857	0.914	0.965	1.01	1.05	1.085	1.117	1.146	1.171	1.194	1.214	1.261
0.001	0.1	0.168	0.392	0.614	0.836	1.056	1.276	1.495	1.712	1.929	2.145	2.36	2.574	2.786	2.998	3.21	3.42	3.629	3.837	4.805	0.001	0.07	0.212	0.339	0.452	0.553	0.642	0.722	0.794	0.857	0.914	0.965	1.01	1.05	1.085	1.117	1.146	1.171	1.194	1.214	1.261
0.001	0.1	0.168	0.392	0.614	0.836	1.056	1.276	1.495	1.712	1.929	2.145	2.36	2.574	2.786	2.998	3.21	3.42	3.629	3.837	4.805	0.001	0.07	0.212	0.339	0.452	0.553	0.642	0.722	0.794	0.857	0.914	0.965	1.01	1.05	1.085	1.117	1.146	1.171	1.194	1.214	1.261
0.001	0.1	0.168	0.392	0.614	0.836	1.056	1.276	1.495	1.712	1.929	2.145	2.36	2.574	2.786	2.998	3.21	3.42	3.629	3.837	4.805	0.001	0.07	0.212	0.339	0.452	0.553	0.642	0.722	0.794	0.857	0.914	0.965	1.01	1.05	1.085	1.117	1.146	1.171	1.194	1.214	1.261
0.001	0.1	0.168	0.392	0.614	0.836	1.056	1.276	1.495	1.712	1.929	2.145	2.36	2.574	2.786	2.998	3.21	3.42	3.629	3.837	4.805	0.001	0.07	0.212	0.339	0.452	0.553	0.642	0.722	0.794	0.857	0.914	0.965	1.01	1.05	1.085	1.117	1.146	1.171	1.194	1.214	1.261
0.001	0.1	0.168	0.392	0.614	0.836	1.056	1.276	1.495	1.712	1.929	2.145	2.36	2.574	2.786	2.998	3.21	3.42	3.629	3.837	4.805	0.001	0.07	0.212	0.339	0.452	0.553	0.642	0.722	0.794	0.857	0.914	0.965	1.01	1.05	1.085	1.117	1.146	1.171	1.194	1.214	1.261
0.001	0.1	0.168	0.392	0.614	0.836	1.056	1.276	1.495	1.712	1.929	2.145	2.36	2.574	2.786	2.998	3.21	3.42	3.629	3.837	4.805	0.001	0.07	0.212	0.339	0.452	0.553	0.642	0.722	0.794	0.857	0.914	0.965	1.01	1.05	1.085	1.117	1.146	1.171	1.194	1.214	1.261
0.001	0.1	0.168	0.392	0.614	0.836	1.056	1.276	1.495	1.712	1.929	2.145	2.36	2.574	2.786	2.998	3.21	3.42	3.629	3.837	4.805	0.001	0.07	0.212	0.339	0.452	0.553	0.642	0.722	0.794	0.857	0.914	0.965	1.01	1.05	1.085	1.117	1.146	1.171	1.194	1.214	1.261
0.001	0.1	0.168	0.392	0.614	0.836	1.056	1.276	1.495	1.712	1.929	2.145	2.36	2.574	2.786	2.998	3.21	3.42	3.629	3.837	4.805	0.001	0.07	0.212	0.339	0.452	0.553	0.642	0.722	0.794	0.857	0.914	0.965	1.01	1.05	1.085	1.117	1.146	1.171	1.194	1.214	1.261

#	nsmpl_fsh_age(1	nfsh	1	nyrs_fish_age)																																																						
																																																										
#	nsrv																																																									
1																																																										
#	nyrs_srv	(1	nsrv)																																																							
7																																																										
#	yrs_srv	(1	nsrv	1	nyrs_srv)																																																					
2003	2005	2007	2009	2011	2013	2015																																																				
#	mo_srv	(1	nsrv)																																																							
7																																																										
#	obs_srv	(1	nsrv	1	nyrs_srv)																																																					
#trawl	survey	biomass																																																								
2819095	1899778	1939055	1772029.3	1747338.6	1290727.1	1659128.7																																																				
#	obs_se_srv	(1	nsrv	1	nyrs_srv)																																																					
372326	125788	150059	159402.0341	179800.5533	130348.7	133985.6																																																				
#	nyrs_srv_age	Combined	and	split	sex																																																					
0																																																										
13																																																										
#	yrs_srv_age	(1	nsrv	1	nyrs_srv_ages)																																																					
1984	1987	1990	1993	1996	1999	2001	2003	2005	2007	2009	2011	2013
#	nsmpl_srv	(1	nsrv	1	nyrs_srv_age)																																																					
200	200	200	200	200	200	200	200	200	200	200	200	200	
#_oac_srv	2	3	4	5	6	7	8	9	10	11	12	13	14	15	16	17	18	19	20	21	1	2	3	4	5	6	7	8	9	10	11	12	13	14	15	16	17	18	19	20	21																	
108632	0	49298587	80229712	141640319	216036694	116722712	73933329	31356381	22559905	15936076	17084442	9578416	11341625	39700642	0	0	0	0	0	0	0	0	7648284	60329458	72535410	55332988	69701103	74245414	51412669	37124683	33635771	22731441	14341395	12041558	29354674	0	0	0	0	0	0																	
0	21375970	142547649	122116575	78575466	93204321	67420446	73406687	43528157	40366493	19706633	13404938	19576455	6660888	2866126	9091280	910644	0	0	0	0	0	9246672	112923530	82597578	44686064	29086937	17342090	11518814	5068714	1223786	1112756	1183698	2000589	827976	0	0	0	0	0	0	0																	
0	60703455	117958174	139865013	245516824	239120599	140725041	158249140	94639798	52141106	81446878	49557941	27604919	16024806	18085575	13842762	20856127	13146992	4548839	0	3491894	0	54069707	75726718	105012892	109777266	95349365	98178608	14558085	50334472	27425257	26750254	0	0	1713354	0	0	0	0	0	0	0																	
2470395	83927702	124332684	115262783	122772545	145722843	154724875	149664159	182754281	86714752	51228210	52584343	30556991	19756778	8704276	4291673	6334811	2419489	411987	435708	471318	1523706	55335444	71532293	48311825	51450459	127680999	60994103	50104410	36713806	20576174	14714064	8578316	4530407	2269767	1629662	2013983	0	803958	0	1629662	0																	
542938	75514453	109608881	129913201	131237762	167803079	168765567	137663701	150644721	160410080	43583822	24562458	17097638	10646011	2766962	2672286	0	160774	0	200188	0	1362905	50703941	66572601	67959081	71092868	111726394	55290397	77504347	28451125	21012491	20298285	9558528	2261256	918147	1020043	0	918147	0	0	0	0																	
1297921	86053641	139824413	167143486	116197802	102849205	99131970	109427201	80011476	64029272	60478663	50534654	23753064	21285250	16654267	3792190	7187516	545668	1369082	0	4740578	2718146	59332804	84484656	80898671	62931803	42473226	51508242	39481397	23750722	15661718	13048620	20528506	5566027	1985437	4834576	0	4570074	0	0	0	0																	
1770417	179606147	108386938	158316620	133142697	88870035	122170155	70594874	69120238	70106154	53136101	43382873	35261096	40700321	23782789	15631328	9679424	2863225	1701167	1488082	978011	2912622	128436550	84176036	82002696	60457545	39890874	26624015	28568881	15185580	17142994	13246887	14749891	4874663	2479856	1835908	2469176	1837626	0	0	0	0																	
26543270.6	182351848	193920068	359295259	341459692	316420406	230187569	179333531	165351111	124264796	120415718	93346075.1	72931667.5	51167522.9	55329031.3	39413926.4	6539421.95	19210867.9	5984411.7	7826947.93	4431089.12	25729362	162090376	122148236	232382830	136829259	122516974	63266253	53542466	21404479	31808405	21150273	21593208	14514480	3921031	12138068	5881049	6180056	0	1241756	0	0																	
6694323	76898117	136689670	157738269	332120642	354026189	352286680	198650720	74345249	47183062	68469886	45201045	27343517	21001706	24443174	21842866	7889472	11485627	956050	3897361	7351	9566731	44516199	120928398	102636265	118323719	231414667	70685727	24987164	25851866	28135395	15018069	16883156	6830635	5315287	4788568	1298411	911479	384340	0	0	0																	
597690	88307098	172876649	169524346	156283464	204238100	156505211	255174002	144010373	102242977	75531018	46634070	47290596	17464961	5016609	35343135	22433322	11899050	10690146	6735559	10361380	653741	48586604	100787478	132118582	86939745	99534385	97813766	90340685	37921324	19081222	16872332	19400344	15838963	10185574	14022803	6431436	3571461	1334114	5085483	4194250	1694224																	
1944866	144624806	123547830	241691110	225304260	171814838	171127897	122343838	114063952	165287778	59701231	46266714	21878944	25603093	13538600	21169911	14947150	7951525	5603004	3304587	12423922	4351482	98251181	82809504	148085821	110915173	96825228	83523574	31137778	28865288	30545931	20738795	14376850	11068528	3176456	7568412	0	0	0	1576984	4648362	5853135																	
2481768	48018264	82841727	155746314	123753263	161878605	145942635	152023314	158219513	91308791	97413269	93420731	21202003	44991957	12281721	12031719	10219263	8705271	11697151	5619614	7540434	2248486	30189672	77814661	100682767	70430335	112929231	118959791	68355359	31888608	14207860	8095538	18557697	14721666	21505282	4084683	5733867	4805657	282630	1403674	2807347	2637698																	
9215559	102161644	141003125	80194348	99163175	102955365	111525781	116232025	104846083	43661086	29184321	50016473	18716862	34880966	19944227	5371655	4087914	1918795	992744	202928	1706920	3550865	66404244	101682711	56240877	73471235	55353907	56793858	113461468	29103782	14438690	27083468	8172304	12389510	5809419	3831308	1729708	5305256	0	714227	174851	2285635																	
#	1000																																																									
#	wt_srv	females	1	2	3	4	5	6	7	8	9	10	11	12	13	14	15	16	17	18	19	20	21																																			
			0.001	0.1	0.168	0.392	0.614	0.836	1.056	1.276	1.495	1.712	1.929	2.145	2.36	2.574	2.786	2.998	3.21	3.42	3.629	3.837	4.805																																			
			0.001	0.1	0.168	0.392	0.614	0.836	1.056	1.276	1.495	1.712	1.929	2.145	2.36	2.574	2.786	2.998	3.21	3.42	3.629	3.837	4.805																																			
			0.001	0.1	0.168	0.392	0.614	0.836	1.056	1.276	1.495	1.712	1.929	2.145	2.36	2.574	2.786	2.998	3.21	3.42	3.629	3.837	4.805																																			
			0.001	0.1	0.168	0.392	0.614	0.836	1.056	1.276	1.495	1.712	1.929	2.145	2.36	2.574	2.786	2.998	3.21	3.42	3.629	3.837	4.805																																			
			0.001	0.1	0.168	0.392	0.614	0.836	1.056	1.276	1.495	1.712	1.929	2.145	2.36	2.574	2.786	2.998	3.21	3.42	3.629	3.837	4.805																																			
			0.001	0.1	0.168	0.392	0.614	0.836	1.056	1.276	1.495	1.712	1.929	2.145	2.36	2.574	2.786	2.998	3.21	3.42	3.629	3.837	4.805																																			
			0.001	0.1	0.168	0.392	0.614	0.836	1.056	1.276	1.495	1.712	1.929	2.145	2.36	2.574	2.786	2.998	3.21	3.42	3.629	3.837	4.805																																			
			0.001	0.1	0.168	0.392	0.614	0.836	1.056	1.276	1.495	1.712	1.929	2.145	2.36	2.574	2.786	2.998	3.21	3.42	3.629	3.837	4.805																																			
			0.001	0.1	0.168	0.392	0.614	0.836	1.056	1.276	1.495	1.712	1.929	2.145	2.36	2.574	2.786	2.998	3.21	3.42	3.629	3.837	4.805																																			
			0.001	0.1	0.168	0.392	0.614	0.836	1.056	1.276	1.495	1.712	1.929	2.145	2.36	2.574	2.786	2.998	3.21	3.42	3.629	3.837	4.805																																			
			0.001	0.1	0.168	0.392	0.614	0.836	1.056	1.276	1.495	1.712	1.929	2.145	2.36	2.574	2.786	2.998	3.21	3.42	3.629	3.837	4.805																																			
			0.001	0.1	0.168	0.392	0.614	0.836	1.056	1.276	1.495	1.712	1.929	2.145	2.36	2.574	2.786	2.998	3.21	3.42	3.629	3.837	4.805																																			
			0.001	0.1	0.168	0.392	0.614	0.836	1.056	1.276	1.495	1.712	1.929	2.145	2.36	2.574	2.786	2.998	3.21	3.42	3.629	3.837	4.805																																			
			0.001	0.1	0.168	0.392	0.614	0.836	1.056	1.276	1.495	1.712	1.929	2.145	2.36	2.574	2.786	2.998	3.21	3.42	3.629	3.837	4.805																																			
			0.001	0.1	0.168	0.392	0.614	0.836	1.056	1.276	1.495	1.712	1.929	2.145	2.36	2.574	2.786	2.998	3.21	3.42	3.629	3.837	4.805																																			
			0.001	0.1	0.168	0.392	0.614	0.836	1.056	1.276	1.495	1.712	1.929	2.145	2.36	2.574	2.786	2.998	3.21	3.42	3.629	3.837	4.805																																			
			0.001	0.1	0.168	0.392	0.614	0.836	1.056	1.276	1.495	1.712	1.929	2.145	2.36	2.574	2.786	2.998	3.21	3.42	3.629	3.837	4.805																																			
			0.001	0.1	0.168	0.392	0.614	0.836	1.056	1.276	1.495	1.712	1.929	2.145	2.36	2.574	2.786	2.998	3.21	3.42	3.629	3.837	4.805																																			
			0.001	0.1	0.168	0.392	0.614	0.836	1.056	1.276	1.495	1.712	1.929	2.145	2.36	2.574	2.786	2.998	3.21	3.42	3.629	3.837	4.805																																			
			0.001	0.1	0.168	0.392	0.614	0.836	1.056	1.276	1.495	1.712	1.929	2.145	2.36	2.574	2.786	2.998	3.21	3.42	3.629	3.837	4.805																																			
			0.001	0.1	0.168	0.392	0.614	0.836	1.056	1.276	1.495	1.712	1.929	2.145	2.36	2.574	2.786	2.998	3.21	3.42	3.629	3.837	4.805																																			
			0.001	0.1	0.168	0.392	0.614	0.836	1.056	1.276	1.495	1.712	1.929	2.145	2.36	2.574	2.786	2.998	3.21	3.42	3.629	3.837	4.805																																			
			0.001	0.1	0.168	0.392	0.614	0.836	1.056	1.276	1.495	1.712	1.929	2.145	2.36	2.574	2.786	2.998	3.21	3.42	3.629	3.837	4.805																																			
			0.001	0.1	0.168	0.392	0.614	0.836	1.056	1.276	1.495	1.712	1.929	2.145	2.36	2.574	2.786	2.998	3.21	3.42	3.629	3.837	4.805																																			
			0.001	0.1	0.168	0.392	0.614	0.836	1.056	1.276	1.495	1.712	1.929	2.145	2.36	2.574	2.786	2.998	3.21	3.42	3.629	3.837	4.805																																			
			0.001	0.1	0.168	0.392	0.614	0.836	1.056	1.276	1.495	1.712	1.929	2.145	2.36	2.574	2.786	2.998	3.21	3.42	3.629	3.837	4.805																																			
			0.001	0.1	0.168	0.392	0.614	0.836	1.056	1.276	1.495	1.712	1.929	2.145	2.36	2.574	2.786	2.998	3.21	3.42	3.629	3.837	4.805																																			
			0.001	0.1	0.168	0.392	0.614	0.836	1.056	1.276	1.495	1.712	1.929	2.145	2.36	2.574	2.786	2.998	3.21	3.42	3.629	3.837	4.805																																			
			0.001	0.1	0.168	0.392	0.614	0.836	1.056	1.276	1.495	1.712	1.929	2.145	2.36	2.574	2.786	2.998	3.21	3.42	3.629	3.837	4.805																																			
			0.001	0.1	0.168	0.392	0.614	0.836	1.056	1.276	1.495	1.712	1.929	2.145	2.36	2.574	2.786	2.998	3.21	3.42	3.629	3.837	4.805																																			
			0.001	0.1	0.168	0.392	0.614	0.836	1.056	1.276	1.495	1.712	1.929	2.145	2.36	2.574	2.786	2.998	3.21	3.42	3.629	3.837	4.805																																			
			0.001	0.1	0.168	0.392	0.614	0.836	1.056	1.276	1.495	1.712	1.929	2.145	2.36	2.574	2.786	2.998	3.21	3.42	3.629	3.837	4.805																																			
			0.001	0.1	0.168	0.392	0.614	0.836	1.056	1.276	1.495	1.712	1.929	2.145	2.36	2.574	2.786	2.998	3.21	3.42	3.629	3.837	4.805																																			
			0.001	0.1	0.168	0.392	0.614	0.836	1.056	1.276	1.495	1.712	1.929	2.145	2.36	2.574	2.786	2.998	3.21	3.42	3.629	3.837	4.805																																			
			0.001	0.1	0.168	0.392	0.614	0.836	1.056	1.276	1.495	1.712	1.929	2.145	2.36	2.574	2.786	2.998	3.21	3.42	3.629	3.837	4.805																																			
			0.001	0.1	0.168	0.392	0.614	0.836	1.056	1.276	1.495	1.712	1.929	2.145	2.36	2.574	2.786	2.998	3.21	3.42	3.629	3.837	4.805																																			
			0.001	0.1	0.168	0.392	0.614	0.836	1.056	1.276	1.495	1.712	1.929	2.145	2.36	2.574	2.786	2.998	3.21	3.42	3.629	3.837	4.805																																			
			0.001	0.1	0.168	0.392	0.614	0.836	1.056	1.276	1.495	1.712	1.929	2.145	2.36	2.574	2.786	2.998	3.21	3.42	3.629	3.837	4.805																																			
			0.001	0.1	0.168	0.392	0.614	0.836	1.056	1.276	1.495	1.712	1.929	2.145	2.36	2.574	2.786	2.998	3.21	3.42	3.629	3.837	4.805																																			
			0.001	0.1	0.168	0.392	0.614	0.836	1.056	1.276	1.495	1.712	1.929	2.145	2.36	2.574	2.786	2.998	3.21	3.42	3.629	3.837	4.805																																			
			0.001	0.1	0.168	0.392	0.614	0.836	1.056	1.276	1.495	1.712	1.929	2.145	2.36	2.574	2.786	2.998	3.21	3.42	3.629	3.837	4.805																																			
			0.001	0.1	0.168	0.392	0.614	0.836	1.056	1.276	1.495	1.712	1.929	2.145	2.36	2.574	2.786	2.998	3.21	3.42	3.629	3.837	4.805																																			
			0.001	0.1	0.168	0.392	0.614	0.836	1.056	1.276	1.495	1.712	1.929	2.145	2.36	2.574	2.786	2.998	3.21	3.42	3.629	3.837	4.805																																			
			0.001	0.1	0.168	0.392	0.614	0.836	1.056	1.276	1.495	1.712	1.929	2.145	2.36	2.574	2.786	2.998	3.21	3.42	3.629	3.837	4.805																																			
			0.001	0.1	0.168	0.392	0.614	0.836	1.056	1.276	1.495	1.712	1.929	2.145	2.36	2.574	2.786	2.998	3.21	3.42	3.629	3.837	4.805																																			
			0.001	0.1	0.168	0.392	0.614	0.836	1.056	1.276	1.495	1.712	1.929	2.145	2.36	2.574	2.786	2.998	3.21	3.42	3.629	3.837	4.805																																			
			0.001	0.1	0.168	0.392	0.614	0.836	1.056	1.276	1.495	1.712	1.929	2.145	2.36	2.574	2.786	2.998	3.21	3.42	3.629	3.837	4.805																																			
			0.001	0.1	0.168	0.392	0.614	0.836	1.056	1.276	1.495	1.712	1.929	2.145	2.36	2.574	2.786	2.998	3.21	3.42	3.629	3.837	4.805																																			
			0.001	0.1	0.168	0.392	0.614	0.836	1.056	1.276	1.495	1.712	1.929	2.145	2.36	2.574	2.786	2.998	3.21	3.42	3.629	3.837	4.805																																			
			0.001	0.1	0.168	0.392	0.614	0.836	1.056	1.276	1.495	1.712	1.929	2.145	2.36	2.574	2.786	2.998	3.21	3.42	3.629	3.837	4.805																																			
			0.001	0.1	0.168	0.392	0.614	0.836	1.056	1.276	1.495	1.712	1.929	2.145	2.36	2.574	2.786	2.998	3.21	3.42	3.629	3.837	4.805																																			
			0.001	0.1	0.168	0.392	0.614	0.836	1.056	1.276	1.495	1.712	1.929	2.145	2.36	2.574	2.786	2.998	3.21	3.42	3.629	3.837	4.805																																			
			0.001	0.1	0.168	0.392	0.614	0.836	1.056	1.276	1.495	1.712	1.929	2.145	2.36	2.574	2.786	2.998	3.21	3.42	3.629	3.837	4.805																																			
			0.001	0.1	0.168	0.392	0.614	0.836	1.056	1.276	1.495	1.712	1.929	2.145	2.36	2.574	2.786	2.998	3.21	3.42	3.629	3.837	4.805																																			
			0.001	0.1	0.168	0.392	0.614	0.836	1.056	1.276	1.495	1.712	1.929	2.145	2.36	2.574	2.786	2.998	3.21	3.42	3.629	3.837	4.805																																			
			0.001	0.1	0.168	0.392	0.614	0.836	1.056	1.276	1.495	1.712	1.929	2.145	2.36	2.574	2.786	2.998	3.21	3.42	3.629	3.837	4.805																																			
			0.001	0.1	0.168	0.392	0.614	0.836	1.056	1.276	1.495	1.712	1.929	2.145	2.36	2.574	2.786	2.998	3.21	3.42	3.629	3.837	4.805																																			
			0.001	0.1	0.168	0.392	0.614	0.836	1.056	1.276	1.495	1.712	1.929	2.145	2.36	2.574	2.786	2.998	3.21	3.42	3.629	3.837	4.805																																			
			0.001	0.1	0.168	0.392	0.614	0.836	1.056	1.276	1.495	1.712	1.929	2.145	2.36	2.574	2.786	2.998	3.21	3.42	3.629	3.837	4.805																																			
			0.001	0.1	0.168	0.392	0.614	0.836	1.056	1.276	1.495	1.712	1.929	2.145	2.36	2.574	2.786	2.998	3.21	3.42	3.629	3.837	4.805																																			
			0.001	0.1	0.168	0.392	0.614	0.836	1.056	1.276	1.495	1.712	1.929	2.145	2.36	2.574	2.786	2.998	3.21	3.42	3.629	3.837	4.805																																			
#	wt_srv_Males																																																									
			0.001	0.07	0.212	0.339	0.452	0.553	0.642	0.722	0.794	0.857	0.914	0.965	1.01	1.05	1.085	1.117	1.146	1.171	1.194	1.214	1.261																																			
			0.001	0.07	0.212	0.339	0.452	0.553	0.642	0.722	0.794	0.857	0.914	0.965	1.01	1.05	1.085	1.117	1.146	1.171	1.194	1.214	1.261																																			
			0.001	0.07	0.212	0.339	0.452	0.553	0.642	0.722	0.794	0.857	0.914	0.965	1.01	1.05	1.085	1.117	1.146	1.171	1.194	1.214	1.261																																			
			0.001	0.07	0.212	0.339	0.452	0.553	0.642	0.722	0.794	0.857	0.914	0.965	1.01	1.05	1.085	1.117	1.146	1.171	1.194	1.214	1.261																																			
			0.001	0.07	0.212	0.339	0.452	0.553	0.642	0.722	0.794	0.857	0.914	0.965	1.01	1.05	1.085	1.117	1.146	1.171	1.194	1.214	1.261																																			
			0.001	0.07	0.212	0.339	0.452	0.553	0.642	0.722	0.794	0.857	0.914	0.965	1.01	1.05	1.085	1.117	1.146	1.171	1.194	1.214	1.261																																			
			0.001	0.07	0.212	0.339	0.452	0.553	0.642	0.722	0.794	0.857	0.914	0.965	1.01	1.05	1.085	1.117	1.146	1.171	1.194	1.214	1.261																																			
			0.001	0.07	0.212	0.339	0.452	0.553	0.642	0.722	0.794	0.857	0.914	0.965	1.01	1.05	1.085	1.117	1.146	1.171	1.194	1.214	1.261																																			
			0.001	0.07	0.212	0.339	0.452	0.553	0.642	0.722	0.794	0.857	0.914	0.965	1.01	1.05	1.085	1.117	1.146	1.171	1.194	1.214	1.261																																			
			0.001	0.07	0.212	0.339	0.452	0.553	0.642	0.722	0.794	0.857	0.914	0.965	1.01	1.05	1.085	1.117	1.146	1.171	1.194	1.214	1.261																																			
			0.001	0.07	0.212	0.339	0.452	0.553	0.642	0.722	0.794	0.857	0.914	0.965	1.01	1.05	1.085	1.117	1.146	1.171	1.194	1.214	1.261																																			
			0.001	0.07	0.212	0.339	0.452	0.553	0.642	0.722	0.794	0.857	0.914	0.965	1.01	1.05	1.085	1.117	1.146	1.171	1.194	1.214	1.261																																			
			0.001	0.07	0.212	0.339	0.452	0.553	0.642	0.722	0.794	0.857	0.914	0.965	1.01	1.05	1.085	1.117	1.146	1.171	1.194	1.214	1.261																																			
			0.001	0.07	0.212	0.339	0.452	0.553	0.642	0.722	0.794	0.857	0.914	0.965	1.01	1.05	1.085	1.117	1.146	1.171	1.194	1.214	1.261																																			
			0.001	0.07	0.212	0.339	0.452	0.553	0.642	0.722	0.794	0.857	0.914	0.965	1.01	1.05	1.085	1.117	1.146	1.171	1.194	1.214	1.261																																			
			0.001	0.07	0.212	0.339	0.452	0.553	0.642	0.722	0.794	0.857	0.914	0.965	1.01	1.05	1.085	1.117	1.146	1.171	1.194	1.214	1.261																																			
			0.001	0.07	0.212	0.339	0.452	0.553	0.642	0.722	0.794	0.857	0.914	0.965	1.01	1.05	1.085	1.117	1.146	1.171	1.194	1.214	1.261																																			
			0.001	0.07	0.212	0.339	0.452	0.553	0.642	0.722	0.794	0.857	0.914	0.965	1.01	1.05	1.085	1.117	1.146	1.171	1.194	1.214	1.261																																			
			0.001	0.07	0.212	0.339	0.452	0.553	0.642	0.722	0.794	0.857	0.914	0.965	1.01	1.05	1.085	1.117	1.146	1.171	1.194	1.214	1.261																																			
			0.001	0.07	0.212	0.339	0.452	0.553	0.642	0.722	0.794	0.857	0.914	0.965	1.01	1.05	1.085	1.117	1.146	1.171	1.194	1.214	1.261																																			
			0.001	0.07	0.212	0.339	0.452	0.553	0.642	0.722	0.794	0.857	0.914	0.965	1.01	1.05	1.085	1.117	1.146	1.171	1.194	1.214	1.261																																			
			0.001	0.07	0.212	0.339	0.452	0.553	0.642	0.722	0.794	0.857	0.914	0.965	1.01	1.05	1.085	1.117	1.146	1.171	1.194	1.214	1.261																																			
			0.001	0.07	0.212	0.339	0.452	0.553	0.642	0.722	0.794	0.857	0.914	0.965	1.01	1.05	1.085	1.117	1.146	1.171	1.194	1.214	1.261																																			
			0.001	0.07	0.212	0.339	0.452	0.553	0.642	0.722	0.794	0.857	0.914	0.965	1.01	1.05	1.085	1.117	1.146	1.171	1.194	1.214	1.261																																			
			0.001	0.07	0.212	0.339	0.452	0.553	0.642	0.722	0.794	0.857	0.914	0.965	1.01	1.05	1.085	1.117	1.146	1.171	1.194	1.214	1.261																																			
			0.001	0.07	0.212	0.339	0.452	0.553	0.642	0.722	0.794	0.857	0.914	0.965	1.01	1.05	1.085	1.117	1.146	1.171	1.194	1.214	1.261																																			
			0.001	0.07	0.212	0.339	0.452	0.553	0.642	0.722	0.794	0.857	0.914	0.965	1.01	1.05	1.085	1.117	1.146	1.171	1.194	1.214	1.261																																			
			0.001	0.07	0.212	0.339	0.452	0.553	0.642	0.722	0.794	0.857	0.914	0.965	1.01	1.05	1.085	1.117	1.146	1.171	1.194	1.214	1.261																																			
			0.001	0.07	0.212	0.339	0.452	0.553	0.642	0.722	0.794	0.857	0.914	0.965	1.01	1.05	1.085	1.117	1.146	1.171	1.194	1.214	1.261																																			
			0.001	0.07	0.212	0.339	0.452	0.553	0.642	0.722	0.794	0.857	0.914	0.965	1.01	1.05	1.085	1.117	1.146	1.171	1.194	1.214	1.261																																			
			0.001	0.07	0.212	0.339	0.452	0.553	0.642	0.722	0.794	0.857	0.914	0.965	1.01	1.05	1.085	1.117	1.146	1.171	1.194	1.214	1.261																																			
			0.001	0.07	0.212	0.339	0.452	0.553	0.642	0.722	0.794	0.857	0.914	0.965	1.01	1.05	1.085	1.117	1.146	1.171	1.194	1.214	1.261																																			
			0.001	0.07	0.212	0.339	0.452	0.553	0.642	0.722	0.794	0.857	0.914	0.965	1.01	1.05	1.085	1.117	1.146	1.171	1.194	1.214	1.261																																			
			0.001	0.07	0.212	0.339	0.452	0.553	0.642	0.722	0.794	0.857	0.914	0.965	1.01	1.05	1.085	1.117	1.146	1.171	1.194	1.214	1.261																																			
			0.001	0.07	0.212	0.339	0.452	0.553	0.642	0.722	0.794	0.857	0.914	0.965	1.01	1.05	1.085	1.117	1.146	1.171	1.194	1.214	1.261																																			
			0.001	0.07	0.212	0.339	0.452	0.553	0.642	0.722	0.794	0.857	0.914	0.965	1.01	1.05	1.085	1.117	1.146	1.171	1.194	1.214	1.261																																			
			0.001	0.07	0.212	0.339	0.452	0.553	0.642	0.722	0.794	0.857	0.914	0.965	1.01	1.05	1.085	1.117	1.146	1.171	1.194	1.214	1.261																																			
			0.001	0.07	0.212	0.339	0.452	0.553	0.642	0.722	0.794	0.857	0.914	0.965	1.01	1.05	1.085	1.117	1.146	1.171	1.194	1.214	1.261																																			
			0.001	0.07	0.212	0.339	0.452	0.553	0.642	0.722	0.794	0.857	0.914	0.965	1.01	1.05	1.085	1.117	1.146	1.171	1.194	1.214	1.261																																			
			0.001	0.07	0.212	0.339	0.452	0.553	0.642	0.722	0.794	0.857	0.914	0.965	1.01	1.05	1.085	1.117	1.146	1.171	1.194	1.214	1.261																																			
			0.001	0.07	0.212	0.339	0.452	0.553	0.642	0.722	0.794	0.857	0.914	0.965	1.01	1.05	1.085	1.117	1.146	1.171	1.194	1.214	1.261																																			
			0.001	0.07	0.212	0.339	0.452	0.553	0.642	0.722	0.794	0.857	0.914	0.965	1.01	1.05	1.085	1.117	1.146	1.171	1.194	1.214	1.261																																			
			0.001	0.07	0.212	0.339	0.452	0.553	0.642	0.722	0.794	0.857	0.914	0.965	1.01	1.05	1.085	1.117	1.146	1.171	1.194	1.214	1.261																																			
			0.001	0.07	0.212	0.339	0.452	0.553	0.642	0.722	0.794	0.857	0.914	0.965	1.01	1.05	1.085	1.117	1.146	1.171	1.194	1.214	1.261																																			
			0.001	0.07	0.212	0.339	0.452	0.553	0.642	0.722	0.794	0.857	0.914	0.965	1.01	1.05	1.085	1.117	1.146	1.171	1.194	1.214	1.261																																			
			0.001	0.07	0.212	0.339	0.452	0.553	0.642	0.722	0.794	0.857	0.914	0.965	1.01	1.05	1.085	1.117	1.146	1.171	1.194	1.214	1.261																																			
			0.001	0.07	0.212	0.339	0.452	0.553	0.642	0.722	0.794	0.857	0.914	0.965	1.01	1.05	1.085	1.117	1.146	1.171	1.194	1.214	1.261																																			
			0.001	0.07	0.212	0.339	0.452	0.553	0.642	0.722	0.794	0.857	0.914	0.965	1.01	1.05	1.085	1.117	1.146	1.171	1.194	1.214	1.261																																			
			0.001	0.07	0.212	0.339	0.452	0.553	0.642	0.722	0.794	0.857	0.914	0.965	1.01	1.05	1.085	1.117	1.146	1.171	1.194	1.214	1.261																																			
			0.001	0.07	0.212	0.339	0.452	0.553	0.642	0.722	0.794	0.857	0.914	0.965	1.01	1.05	1.085	1.117	1.146	1.171	1.194	1.214	1.261																																			
			0.001	0.07	0.212	0.339	0.452	0.553	0.642	0.722	0.794	0.857	0.914	0.965	1.01	1.05	1.085	1.117	1.146	1.171	1.194	1.214	1.261																																			
			0.001	0.07	0.212	0.339	0.452	0.553	0.642	0.722	0.794	0.857	0.914	0.965	1.01	1.05	1.085	1.117	1.146	1.171	1.194	1.214	1.261																																			
			0.001	0.07	0.212	0.339	0.452	0.553	0.642	0.722	0.794	0.857	0.914	0.965	1.01	1.05	1.085	1.117	1.146	1.171	1.194	1.214	1.261																																			
			0.001	0.07	0.212	0.339	0.452	0.553	0.642	0.722	0.794	0.857	0.914	0.965	1.01	1.05	1.085	1.117	1.146	1.171	1.194	1.214	1.261																																			
			0.001	0.07	0.212	0.339	0.452	0.553	0.642	0.722	0.794	0.857	0.914	0.965	1.01	1.05	1.085	1.117	1.146	1.171	1.194	1.214	1.261																																			
			0.001	0.07	0.212	0.339	0.452	0.553	0.642	0.722	0.794	0.857	0.914	0.965	1.01	1.05	1.085	1.117	1.146	1.171	1.194	1.214	1.261																																			
			0.001	0.07	0.212	0.339	0.452	0.553	0.642	0.722	0.794	0.857	0.914	0.965	1.01	1.05	1.085	1.117	1.146	1.171	1.194	1.214	1.261																																			
			0.001	0.07	0.212	0.339	0.452	0.553	0.642	0.722	0.794	0.857	0.914	0.965	1.01	1.05	1.085	1.117	1.146	1.171	1.194	1.214	1.261																																			
			0.001	0.07	0.212	0.339	0.452	0.553	0.642	0.722	0.794	0.857	0.914	0.965	1.01	1.05	1.085	1.117	1.146	1.171	1.194	1.214	1.261																																			
			0.001	0.07	0.212	0.339	0.452	0.553	0.642	0.722	0.794	0.857	0.914	0.965	1.01	1.05	1.085	1.117	1.146	1.171	1.194	1.214	1.261																																			
			0.001	0.07	0.212	0.339	0.452	0.553	0.642	0.722	0.794	0.857	0.914	0.965	1.01	1.05	1.085	1.117	1.146	1.171	1.194	1.214	1.261																																			
#	wt_pop	females																																																								
0.001	0.1	0.168	0.392	0.614	0.836	1.056	1.276	1.495	1.712	1.929	2.145	2.36	2.574	2.786	2.998	3.21	3.42	3.629	3.837	4.805																																						
0.001	0.1	0.168	0.392	0.614	0.836	1.056	1.276	1.495	1.712	1.929	2.145	2.36	2.574	2.786	2.998	3.21	3.42	3.629	3.837	4.805																																						
0.001	0.1	0.168	0.392	0.614	0.836	1.056	1.276	1.495	1.712	1.929	2.145	2.36	2.574	2.786	2.998	3.21	3.42	3.629	3.837	4.805																																						
0.001	0.1	0.168	0.392	0.614	0.836	1.056	1.276	1.495	1.712	1.929	2.145	2.36	2.574	2.786	2.998	3.21	3.42	3.629	3.837	4.805																																						
0.001	0.1	0.168	0.392	0.614	0.836	1.056	1.276	1.495	1.712	1.929	2.145	2.36	2.574	2.786	2.998	3.21	3.42	3.629	3.837	4.805																																						
0.001	0.1	0.168	0.392	0.614	0.836	1.056	1.276	1.495	1.712	1.929	2.145	2.36	2.574	2.786	2.998	3.21	3.42	3.629	3.837	4.805																																						
0.001	0.1	0.168	0.392	0.614	0.836	1.056	1.276	1.495	1.712	1.929	2.145	2.36	2.574	2.786	2.998	3.21	3.42	3.629	3.837	4.805																																						
0.001	0.1	0.168	0.392	0.614	0.836	1.056	1.276	1.495	1.712	1.929	2.145	2.36	2.574	2.786	2.998	3.21	3.42	3.629	3.837	4.805																																						
0.001	0.1	0.168	0.392	0.614	0.836	1.056	1.276	1.495	1.712	1.929	2.145	2.36	2.574	2.786	2.998	3.21	3.42	3.629	3.837	4.805																																						
0.001	0.1	0.168	0.392	0.614	0.836	1.056	1.276	1.495	1.712	1.929	2.145	2.36	2.574	2.786	2.998	3.21	3.42	3.629	3.837	4.805																																						
0.001	0.1	0.168	0.392	0.614	0.836	1.056	1.276	1.495	1.712	1.929	2.145	2.36	2.574	2.786	2.998	3.21	3.42	3.629	3.837	4.805																																						
0.001	0.1	0.168	0.392	0.614	0.836	1.056	1.276	1.495	1.712	1.929	2.145	2.36	2.574	2.786	2.998	3.21	3.42	3.629	3.837	4.805																																						
0.001	0.1	0.168	0.392	0.614	0.836	1.056	1.276	1.495	1.712	1.929	2.145	2.36	2.574	2.786	2.998	3.21	3.42	3.629	3.837	4.805																																						
0.001	0.1	0.168	0.392	0.614	0.836	1.056	1.276	1.495	1.712	1.929	2.145	2.36	2.574	2.786	2.998	3.21	3.42	3.629	3.837	4.805																																						
0.001	0.1	0.168	0.392	0.614	0.836	1.056	1.276	1.495	1.712	1.929	2.145	2.36	2.574	2.786	2.998	3.21	3.42	3.629	3.837	4.805																																						
0.001	0.1	0.168	0.392	0.614	0.836	1.056	1.276	1.495	1.712	1.929	2.145	2.36	2.574	2.786	2.998	3.21	3.42	3.629	3.837	4.805																																						
0.001	0.1	0.168	0.392	0.614	0.836	1.056	1.276	1.495	1.712	1.929	2.145	2.36	2.574	2.786	2.998	3.21	3.42	3.629	3.837	4.805																																						
0.001	0.1	0.168	0.392	0.614	0.836	1.056	1.276	1.495	1.712	1.929	2.145	2.36	2.574	2.786	2.998	3.21	3.42	3.629	3.837	4.805																																						
0.001	0.1	0.168	0.392	0.614	0.836	1.056	1.276	1.495	1.712	1.929	2.145	2.36	2.574	2.786	2.998	3.21	3.42	3.629	3.837	4.805																																						
0.001	0.1	0.168	0.392	0.614	0.836	1.056	1.276	1.495	1.712	1.929	2.145	2.36	2.574	2.786	2.998	3.21	3.42	3.629	3.837	4.805																																						
0.001	0.1	0.168	0.392	0.614	0.836	1.056	1.276	1.495	1.712	1.929	2.145	2.36	2.574	2.786	2.998	3.21	3.42	3.629	3.837	4.805																																						
0.001	0.1	0.168	0.392	0.614	0.836	1.056	1.276	1.495	1.712	1.929	2.145	2.36	2.574	2.786	2.998	3.21	3.42	3.629	3.837	4.805																																						
0.001	0.1	0.168	0.392	0.614	0.836	1.056	1.276	1.495	1.712	1.929	2.145	2.36	2.574	2.786	2.998	3.21	3.42	3.629	3.837	4.805																																						
0.001	0.1	0.168	0.392	0.614	0.836	1.056	1.276	1.495	1.712	1.929	2.145	2.36	2.574	2.786	2.998	3.21	3.42	3.629	3.837	4.805																																						
0.001	0.1	0.168	0.392	0.614	0.836	1.056	1.276	1.495	1.712	1.929	2.145	2.36	2.574	2.786	2.998	3.21	3.42	3.629	3.837	4.805																																						
0.001	0.1	0.168	0.392	0.614	0.836	1.056	1.276	1.495	1.712	1.929	2.145	2.36	2.574	2.786	2.998	3.21	3.42	3.629	3.837	4.805																																						
0.001	0.1	0.168	0.392	0.614	0.836	1.056	1.276	1.495	1.712	1.929	2.145	2.36	2.574	2.786	2.998	3.21	3.42	3.629	3.837	4.805																																						
0.001	0.1	0.168	0.392	0.614	0.836	1.056	1.276	1.495	1.712	1.929	2.145	2.36	2.574	2.786	2.998	3.21	3.42	3.629	3.837	4.805																																						
0.001	0.1	0.168	0.392	0.614	0.836	1.056	1.276	1.495	1.712	1.929	2.145	2.36	2.574	2.786	2.998	3.21	3.42	3.629	3.837	4.805																																						
0.001	0.1	0.168	0.392	0.614	0.836	1.056	1.276	1.495	1.712	1.929	2.145	2.36	2.574	2.786	2.998	3.21	3.42	3.629	3.837	4.805																																						
0.001	0.1	0.168	0.392	0.614	0.836	1.056	1.276	1.495	1.712	1.929	2.145	2.36	2.574	2.786	2.998	3.21	3.42	3.629	3.837	4.805																																						
0.001	0.1	0.168	0.392	0.614	0.836	1.056	1.276	1.495	1.712	1.929	2.145	2.36	2.574	2.786	2.998	3.21	3.42	3.629	3.837	4.805																																						
0.001	0.1	0.168	0.392	0.614	0.836	1.056	1.276	1.495	1.712	1.929	2.145	2.36	2.574	2.786	2.998	3.21	3.42	3.629	3.837	4.805																																						
0.001	0.1	0.168	0.392	0.614	0.836	1.056	1.276	1.495	1.712	1.929	2.145	2.36	2.574	2.786	2.998	3.21	3.42	3.629	3.837	4.805																																						
0.001	0.1	0.168	0.392	0.614	0.836	1.056	1.276	1.495	1.712	1.929	2.145	2.36	2.574	2.786	2.998	3.21	3.42	3.629	3.837	4.805																																						
0.001	0.1	0.168	0.392	0.614	0.836	1.056	1.276	1.495	1.712	1.929	2.145	2.36	2.574	2.786	2.998	3.21	3.42	3.629	3.837	4.805																																						
0.001	0.1	0.168	0.392	0.614	0.836	1.056	1.276	1.495	1.712	1.929	2.145	2.36	2.574	2.786	2.998	3.21	3.42	3.629	3.837	4.805																																						
0.001	0.1	0.168	0.392	0.614	0.836	1.056	1.276	1.495	1.712	1.929	2.145	2.36	2.574	2.786	2.998	3.21	3.42	3.629	3.837	4.805																																						
0.001	0.1	0.168	0.392	0.614	0.836	1.056	1.276	1.495	1.712	1.929	2.145	2.36	2.574	2.786	2.998	3.21	3.42	3.629	3.837	4.805																																						
0.001	0.1	0.168	0.392	0.614	0.836	1.056	1.276	1.495	1.712	1.929	2.145	2.36	2.574	2.786	2.998	3.21	3.42	3.629	3.837	4.805																																						
0.001	0.1	0.168	0.392	0.614	0.836	1.056	1.276	1.495	1.712	1.929	2.145	2.36	2.574	2.786	2.998	3.21	3.42	3.629	3.837	4.805																																						
0.001	0.1	0.168	0.392	0.614	0.836	1.056	1.276	1.495	1.712	1.929	2.145	2.36	2.574	2.786	2.998	3.21	3.42	3.629	3.837	4.805																																						
0.001	0.1	0.168	0.392	0.614	0.836	1.056	1.276	1.495	1.712	1.929	2.145	2.36	2.574	2.786	2.998	3.21	3.42	3.629	3.837	4.805																																						
0.001	0.1	0.168	0.392	0.614	0.836	1.056	1.276	1.495	1.712	1.929	2.145	2.36	2.574	2.786	2.998	3.21	3.42	3.629	3.837	4.805																																						
0.001	0.1	0.168	0.392	0.614	0.836	1.056	1.276	1.495	1.712	1.929	2.145	2.36	2.574	2.786	2.998	3.21	3.42	3.629	3.837	4.805																																						
0.001	0.1	0.168	0.392	0.614	0.836	1.056	1.276	1.495	1.712	1.929	2.145	2.36	2.574	2.786	2.998	3.21	3.42	3.629	3.837	4.805																																						
0.001	0.1	0.168	0.392	0.614	0.836	1.056	1.276	1.495	1.712	1.929	2.145	2.36	2.574	2.786	2.998	3.21	3.42	3.629	3.837	4.805																																						
0.001	0.1	0.168	0.392	0.614	0.836	1.056	1.276	1.495	1.712	1.929	2.145	2.36	2.574	2.786	2.998	3.21	3.42	3.629	3.837	4.805																																						
0.001	0.1	0.168	0.392	0.614	0.836	1.056	1.276	1.495	1.712	1.929	2.145	2.36	2.574	2.786	2.998	3.21	3.42	3.629	3.837	4.805																																						
0.001	0.1	0.168	0.392	0.614	0.836	1.056	1.276	1.495	1.712	1.929	2.145	2.36	2.574	2.786	2.998	3.21	3.42	3.629	3.837	4.805																																						
0.001	0.1	0.168	0.392	0.614	0.836	1.056	1.276	1.495	1.712	1.929	2.145	2.36	2.574	2.786	2.998	3.21	3.42	3.629	3.837	4.805																																						
0.001	0.1	0.168	0.392	0.614	0.836	1.056	1.276	1.495	1.712	1.929	2.145	2.36	2.574	2.786	2.998	3.21	3.42	3.629	3.837	4.805																																						
0.001	0.1	0.168	0.392	0.614	0.836	1.056	1.276	1.495	1.712	1.929	2.145	2.36	2.574	2.786	2.998	3.21	3.42	3.629	3.837	4.805																																						
0.001	0.1	0.168	0.392	0.614	0.836	1.056	1.276	1.495	1.712	1.929	2.145	2.36	2.574	2.786	2.998	3.21	3.42	3.629	3.837	4.805																																						
0.001	0.1	0.168	0.392	0.614	0.836	1.056	1.276	1.495	1.712	1.929	2.145	2.36	2.574	2.786	2.998	3.21	3.42	3.629	3.837	4.805																																						
0.001	0.1	0.168	0.392	0.614	0.836	1.056	1.276	1.495	1.712	1.929	2.145	2.36	2.574	2.786	2.998	3.21	3.42	3.629	3.837	4.805																																						
0.001	0.1	0.168	0.392	0.614	0.836	1.056	1.276	1.495	1.712	1.929	2.145	2.36	2.574	2.786	2.998	3.21	3.42	3.629	3.837	4.805																																						
0.001	0.1	0.168	0.392	0.614	0.836	1.056	1.276	1.495	1.712	1.929	2.145	2.36	2.574	2.786	2.998	3.21	3.42	3.629	3.837	4.805																																						
0.001	0.1	0.168	0.392	0.614	0.836	1.056	1.276	1.495	1.712	1.929	2.145	2.36	2.574	2.786	2.998	3.21	3.42	3.629	3.837	4.805																																						
0.001	0.1	0.168	0.392	0.614	0.836	1.056	1.276	1.495	1.712	1.929	2.145	2.36	2.574	2.786	2.998	3.21	3.42	3.629	3.837	4.805																																						
0.001	0.1	0.168	0.392	0.614	0.836	1.056	1.276	1.495	1.712	1.929	2.145	2.36	2.574	2.786	2.998	3.21	3.42	3.629	3.837	4.805																																						
																																																										
#	wt_pop	males																																																								
0.001	0.07	0.212	0.339	0.452	0.553	0.642	0.722	0.794	0.857	0.914	0.965	1.01	1.05	1.085	1.117	1.146	1.171	1.194	1.214	1.261																																						
0.001	0.07	0.212	0.339	0.452	0.553	0.642	0.722	0.794	0.857	0.914	0.965	1.01	1.05	1.085	1.117	1.146	1.171	1.194	1.214	1.261																																						
0.001	0.07	0.212	0.339	0.452	0.553	0.642	0.722	0.794	0.857	0.914	0.965	1.01	1.05	1.085	1.117	1.146	1.171	1.194	1.214	1.261																																						
0.001	0.07	0.212	0.339	0.452	0.553	0.642	0.722	0.794	0.857	0.914	0.965	1.01	1.05	1.085	1.117	1.146	1.171	1.194	1.214	1.261																																						
0.001	0.07	0.212	0.339	0.452	0.553	0.642	0.722	0.794	0.857	0.914	0.965	1.01	1.05	1.085	1.117	1.146	1.171	1.194	1.214	1.261																																						
0.001	0.07	0.212	0.339	0.452	0.553	0.642	0.722	0.794	0.857	0.914	0.965	1.01	1.05	1.085	1.117	1.146	1.171	1.194	1.214	1.261																																						
0.001	0.07	0.212	0.339	0.452	0.553	0.642	0.722	0.794	0.857	0.914	0.965	1.01	1.05	1.085	1.117	1.146	1.171	1.194	1.214	1.261																																						
0.001	0.07	0.212	0.339	0.452	0.553	0.642	0.722	0.794	0.857	0.914	0.965	1.01	1.05	1.085	1.117	1.146	1.171	1.194	1.214	1.261																																						
0.001	0.07	0.212	0.339	0.452	0.553	0.642	0.722	0.794	0.857	0.914	0.965	1.01	1.05	1.085	1.117	1.146	1.171	1.194	1.214	1.261																																						
0.001	0.07	0.212	0.339	0.452	0.553	0.642	0.722	0.794	0.857	0.914	0.965	1.01	1.05	1.085	1.117	1.146	1.171	1.194	1.214	1.261																																						
0.001	0.07	0.212	0.339	0.452	0.553	0.642	0.722	0.794	0.857	0.914	0.965	1.01	1.05	1.085	1.117	1.146	1.171	1.194	1.214	1.261																																						
0.001	0.07	0.212	0.339	0.452	0.553	0.642	0.722	0.794	0.857	0.914	0.965	1.01	1.05	1.085	1.117	1.146	1.171	1.194	1.214	1.261																																						
0.001	0.07	0.212	0.339	0.452	0.553	0.642	0.722	0.794	0.857	0.914	0.965	1.01	1.05	1.085	1.117	1.146	1.171	1.194	1.214	1.261																																						
0.001	0.07	0.212	0.339	0.452	0.553	0.642	0.722	0.794	0.857	0.914	0.965	1.01	1.05	1.085	1.117	1.146	1.171	1.194	1.214	1.261																																						
0.001	0.07	0.212	0.339	0.452	0.553	0.642	0.722	0.794	0.857	0.914	0.965	1.01	1.05	1.085	1.117	1.146	1.171	1.194	1.214	1.261																																						
0.001	0.07	0.212	0.339	0.452	0.553	0.642	0.722	0.794	0.857	0.914	0.965	1.01	1.05	1.085	1.117	1.146	1.171	1.194	1.214	1.261																																						
0.001	0.07	0.212	0.339	0.452	0.553	0.642	0.722	0.794	0.857	0.914	0.965	1.01	1.05	1.085	1.117	1.146	1.171	1.194	1.214	1.261																																						
0.001	0.07	0.212	0.339	0.452	0.553	0.642	0.722	0.794	0.857	0.914	0.965	1.01	1.05	1.085	1.117	1.146	1.171	1.194	1.214	1.261																																						
0.001	0.07	0.212	0.339	0.452	0.553	0.642	0.722	0.794	0.857	0.914	0.965	1.01	1.05	1.085	1.117	1.146	1.171	1.194	1.214	1.261																																						
0.001	0.07	0.212	0.339	0.452	0.553	0.642	0.722	0.794	0.857	0.914	0.965	1.01	1.05	1.085	1.117	1.146	1.171	1.194	1.214	1.261																																						
0.001	0.07	0.212	0.339	0.452	0.553	0.642	0.722	0.794	0.857	0.914	0.965	1.01	1.05	1.085	1.117	1.146	1.171	1.194	1.214	1.261																																						
0.001	0.07	0.212	0.339	0.452	0.553	0.642	0.722	0.794	0.857	0.914	0.965	1.01	1.05	1.085	1.117	1.146	1.171	1.194	1.214	1.261																																						
0.001	0.07	0.212	0.339	0.452	0.553	0.642	0.722	0.794	0.857	0.914	0.965	1.01	1.05	1.085	1.117	1.146	1.171	1.194	1.214	1.261																																						
0.001	0.07	0.212	0.339	0.452	0.553	0.642	0.722	0.794	0.857	0.914	0.965	1.01	1.05	1.085	1.117	1.146	1.171	1.194	1.214	1.261																																						
0.001	0.07	0.212	0.339	0.452	0.553	0.642	0.722	0.794	0.857	0.914	0.965	1.01	1.05	1.085	1.117	1.146	1.171	1.194	1.214	1.261																																						
0.001	0.07	0.212	0.339	0.452	0.553	0.642	0.722	0.794	0.857	0.914	0.965	1.01	1.05	1.085	1.117	1.146	1.171	1.194	1.214	1.261																																						
0.001	0.07	0.212	0.339	0.452	0.553	0.642	0.722	0.794	0.857	0.914	0.965	1.01	1.05	1.085	1.117	1.146	1.171	1.194	1.214	1.261																																						
0.001	0.07	0.212	0.339	0.452	0.553	0.642	0.722	0.794	0.857	0.914	0.965	1.01	1.05	1.085	1.117	1.146	1.171	1.194	1.214	1.261																																						
0.001	0.07	0.212	0.339	0.452	0.553	0.642	0.722	0.794	0.857	0.914	0.965	1.01	1.05	1.085	1.117	1.146	1.171	1.194	1.214	1.261																																						
0.001	0.07	0.212	0.339	0.452	0.553	0.642	0.722	0.794	0.857	0.914	0.965	1.01	1.05	1.085	1.117	1.146	1.171	1.194	1.214	1.261																																						
0.001	0.07	0.212	0.339	0.452	0.553	0.642	0.722	0.794	0.857	0.914	0.965	1.01	1.05	1.085	1.117	1.146	1.171	1.194	1.214	1.261																																						
0.001	0.07	0.212	0.339	0.452	0.553	0.642	0.722	0.794	0.857	0.914	0.965	1.01	1.05	1.085	1.117	1.146	1.171	1.194	1.214	1.261																																						
0.001	0.07	0.212	0.339	0.452	0.553	0.642	0.722	0.794	0.857	0.914	0.965	1.01	1.05	1.085	1.117	1.146	1.171	1.194	1.214	1.261																																						
0.001	0.07	0.212	0.339	0.452	0.553	0.642	0.722	0.794	0.857	0.914	0.965	1.01	1.05	1.085	1.117	1.146	1.171	1.194	1.214	1.261																																						
0.001	0.07	0.212	0.339	0.452	0.553	0.642	0.722	0.794	0.857	0.914	0.965	1.01	1.05	1.085	1.117	1.146	1.171	1.194	1.214	1.261																																						
0.001	0.07	0.212	0.339	0.452	0.553	0.642	0.722	0.794	0.857	0.914	0.965	1.01	1.05	1.085	1.117	1.146	1.171	1.194	1.214	1.261																																						
0.001	0.07	0.212	0.339	0.452	0.553	0.642	0.722	0.794	0.857	0.914	0.965	1.01	1.05	1.085	1.117	1.146	1.171	1.194	1.214	1.261																																						
0.001	0.07	0.212	0.339	0.452	0.553	0.642	0.722	0.794	0.857	0.914	0.965	1.01	1.05	1.085	1.117	1.146	1.171	1.194	1.214	1.261																																						
0.001	0.07	0.212	0.339	0.452	0.553	0.642	0.722	0.794	0.857	0.914	0.965	1.01	1.05	1.085	1.117	1.146	1.171	1.194	1.214	1.261																																						
0.001	0.07	0.212	0.339	0.452	0.553	0.642	0.722	0.794	0.857	0.914	0.965	1.01	1.05	1.085	1.117	1.146	1.171	1.194	1.214	1.261																																						
0.001	0.07	0.212	0.339	0.452	0.553	0.642	0.722	0.794	0.857	0.914	0.965	1.01	1.05	1.085	1.117	1.146	1.171	1.194	1.214	1.261																																						
0.001	0.07	0.212	0.339	0.452	0.553	0.642	0.722	0.794	0.857	0.914	0.965	1.01	1.05	1.085	1.117	1.146	1.171	1.194	1.214	1.261																																						
0.001	0.07	0.212	0.339	0.452	0.553	0.642	0.722	0.794	0.857	0.914	0.965	1.01	1.05	1.085	1.117	1.146	1.171	1.194	1.214	1.261																																						
0.001	0.07	0.212	0.339	0.452	0.553	0.642	0.722	0.794	0.857	0.914	0.965	1.01	1.05	1.085	1.117	1.146	1.171	1.194	1.214	1.261																																						
0.001	0.07	0.212	0.339	0.452	0.553	0.642	0.722	0.794	0.857	0.914	0.965	1.01	1.05	1.085	1.117	1.146	1.171	1.194	1.214	1.261																																						
0.001	0.07	0.212	0.339	0.452	0.553	0.642	0.722	0.794	0.857	0.914	0.965	1.01	1.05	1.085	1.117	1.146	1.171	1.194	1.214	1.261																																						
0.001	0.07	0.212	0.339	0.452	0.553	0.642	0.722	0.794	0.857	0.914	0.965	1.01	1.05	1.085	1.117	1.146	1.171	1.194	1.214	1.261																																						
0.001	0.07	0.212	0.339	0.452	0.553	0.642	0.722	0.794	0.857	0.914	0.965	1.01	1.05	1.085	1.117	1.146	1.171	1.194	1.214	1.261																																						
0.001	0.07	0.212	0.339	0.452	0.553	0.642	0.722	0.794	0.857	0.914	0.965	1.01	1.05	1.085	1.117	1.146	1.171	1.194	1.214	1.261																																						
0.001	0.07	0.212	0.339	0.452	0.553	0.642	0.722	0.794	0.857	0.914	0.965	1.01	1.05	1.085	1.117	1.146	1.171	1.194	1.214	1.261																																						
0.001	0.07	0.212	0.339	0.452	0.553	0.642	0.722	0.794	0.857	0.914	0.965	1.01	1.05	1.085	1.117	1.146	1.171	1.194	1.214	1.261																																						
0.001	0.07	0.212	0.339	0.452	0.553	0.642	0.722	0.794	0.857	0.914	0.965	1.01	1.05	1.085	1.117	1.146	1.171	1.194	1.214	1.261																																						
0.001	0.07	0.212	0.339	0.452	0.553	0.642	0.722	0.794	0.857	0.914	0.965	1.01	1.05	1.085	1.117	1.146	1.171	1.194	1.214	1.261																																						
0.001	0.07	0.212	0.339	0.452	0.553	0.642	0.722	0.794	0.857	0.914	0.965	1.01	1.05	1.085	1.117	1.146	1.171	1.194	1.214	1.261																																						
0.001	0.07	0.212	0.339	0.452	0.553	0.642	0.722	0.794	0.857	0.914	0.965	1.01	1.05	1.085	1.117	1.146	1.171	1.194	1.214	1.261																																						
0.001	0.07	0.212	0.339	0.452	0.553	0.642	0.722	0.794	0.857	0.914	0.965	1.01	1.05	1.085	1.117	1.146	1.171	1.194	1.214	1.261																																						
0.001	0.07	0.212	0.339	0.452	0.553	0.642	0.722	0.794	0.857	0.914	0.965	1.01	1.05	1.085	1.117	1.146	1.171	1.194	1.214	1.261																																						
0.001	0.07	0.212	0.339	0.452	0.553	0.642	0.722	0.794	0.857	0.914	0.965	1.01	1.05	1.085	1.117	1.146	1.171	1.194	1.214	1.261																																						
0.001	0.07	0.212	0.339	0.452	0.553	0.642	0.722	0.794	0.857	0.914	0.965	1.01	1.05	1.085	1.117	1.146	1.171	1.194	1.214	1.261																																						
0.001	0.07	0.212	0.339	0.452	0.553	0.642	0.722	0.794	0.857	0.914	0.965	1.01	1.05	1.085	1.117	1.146	1.171	1.194	1.214	1.261																																						
0.001	0.07	0.212	0.339	0.452	0.553	0.642	0.722	0.794	0.857	0.914	0.965	1.01	1.05	1.085	1.117	1.146	1.171	1.194	1.214	1.261																																						
																																																										
#	maturity	(1	nages)																																																							
0	0	0.001	0.004	0.021	0.095	0.302	0.608	0.83	0.932	0.972	0.988	0.994	0.997	1	1	1	1	1	1	1																																						
0	0	0.001	0.004	0.021	0.095	0.302	0.608	0.83	0.932	0.972	0.988	0.994	0.997	1	1	1	1	1	1	1																																						
0	0	0.001	0.004	0.021	0.095	0.302	0.608	0.83	0.932	0.972	0.988	0.994	0.997	1	1	1	1	1	1	1																																						
0	0	0.001	0.004	0.021	0.095	0.302	0.608	0.83	0.932	0.972	0.988	0.994	0.997	1	1	1	1	1	1	1																																						
0	0	0.001	0.004	0.021	0.095	0.302	0.608	0.83	0.932	0.972	0.988	0.994	0.997	1	1	1	1	1	1	1																																						
0	0	0.001	0.004	0.021	0.095	0.302	0.608	0.83	0.932	0.972	0.988	0.994	0.997	1	1	1	1	1	1	1																																						
0	0	0.001	0.004	0.021	0.095	0.302	0.608	0.83	0.932	0.972	0.988	0.994	0.997	1	1	1	1	1	1	1																																						
0	0	0.001	0.004	0.021	0.095	0.302	0.608	0.83	0.932	0.972	0.988	0.994	0.997	1	1	1	1	1	1	1																																						
0	0	0.001	0.004	0.021	0.095	0.302	0.608	0.83	0.932	0.972	0.988	0.994	0.997	1	1	1	1	1	1	1																																						
0	0	0.001	0.004	0.021	0.095	0.302	0.608	0.83	0.932	0.972	0.988	0.994	0.997	1	1	1	1	1	1	1																																						
0	0	0.001	0.004	0.021	0.095	0.302	0.608	0.83	0.932	0.972	0.988	0.994	0.997	1	1	1	1	1	1	1																																						
0	0	0.001	0.004	0.021	0.095	0.302	0.608	0.83	0.932	0.972	0.988	0.994	0.997	1	1	1	1	1	1	1																																						
0	0	0.001	0.004	0.021	0.095	0.302	0.608	0.83	0.932	0.972	0.988	0.994	0.997	1	1	1	1	1	1	1																																						
0	0	0.001	0.004	0.021	0.095	0.302	0.608	0.83	0.932	0.972	0.988	0.994	0.997	1	1	1	1	1	1	1																																						
0	0	0.001	0.004	0.021	0.095	0.302	0.608	0.83	0.932	0.972	0.988	0.994	0.997	1	1	1	1	1	1	1																																						
0	0	0.001	0.004	0.021	0.095	0.302	0.608	0.83	0.932	0.972	0.988	0.994	0.997	1	1	1	1	1	1	1																																						
0	0	0.001	0.004	0.021	0.095	0.302	0.608	0.83	0.932	0.972	0.988	0.994	0.997	1	1	1	1	1	1	1																																						
0	0	0.001	0.004	0.021	0.095	0.302	0.608	0.83	0.932	0.972	0.988	0.994	0.997	1	1	1	1	1	1	1																																						
0	0	0.001	0.004	0.021	0.095	0.302	0.608	0.83	0.932	0.972	0.988	0.994	0.997	1	1	1	1	1	1	1																																						
0	0	0.001	0.004	0.021	0.095	0.302	0.608	0.83	0.932	0.972	0.988	0.994	0.997	1	1	1	1	1	1	1																																						
0	0	0.001	0.004	0.021	0.095	0.302	0.608	0.83	0.932	0.972	0.988	0.994	0.997	1	1	1	1	1	1	1																																						
0	0	0.001	0.004	0.021	0.095	0.302	0.608	0.83	0.932	0.972	0.988	0.994	0.997	1	1	1	1	1	1	1																																						
0	0	0.001	0.004	0.021	0.095	0.302	0.608	0.83	0.932	0.972	0.988	0.994	0.997	1	1	1	1	1	1	1																																						
0	0	0.001	0.004	0.021	0.095	0.302	0.608	0.83	0.932	0.972	0.988	0.994	0.997	1	1	1	1	1	1	1																																						
0	0	0.001	0.004	0.021	0.095	0.302	0.608	0.83	0.932	0.972	0.988	0.994	0.997	1	1	1	1	1	1	1																																						
0	0	0.001	0.004	0.021	0.095	0.302	0.608	0.83	0.932	0.972	0.988	0.994	0.997	1	1	1	1	1	1	1																																						
0	0	0.001	0.004	0.021	0.095	0.302	0.608	0.83	0.932	0.972	0.988	0.994	0.997	1	1	1	1	1	1	1																																						
0	0	0.001	0.004	0.021	0.095	0.302	0.608	0.83	0.932	0.972	0.988	0.994	0.997	1	1	1	1	1	1	1																																						
0	0	0.001	0.004	0.021	0.095	0.302	0.608	0.83	0.932	0.972	0.988	0.994	0.997	1	1	1	1	1	1	1																																						
0	0	0.001	0.004	0.021	0.095	0.302	0.608	0.83	0.932	0.972	0.988	0.994	0.997	1	1	1	1	1	1	1																																						
0	0	0.001	0.004	0.021	0.095	0.302	0.608	0.83	0.932	0.972	0.988	0.994	0.997	1	1	1	1	1	1	1																																						
0	0	0.001	0.004	0.021	0.095	0.302	0.608	0.83	0.932	0.972	0.988	0.994	0.997	1	1	1	1	1	1	1																																						
0	0	0.001	0.004	0.021	0.095	0.302	0.608	0.83	0.932	0.972	0.988	0.994	0.997	1	1	1	1	1	1	1																																						
0	0	0.001	0.004	0.021	0.095	0.302	0.608	0.83	0.932	0.972	0.988	0.994	0.997	1	1	1	1	1	1	1																																						
0	0	0.001	0.004	0.021	0.095	0.302	0.608	0.83	0.932	0.972	0.988	0.994	0.997	1	1	1	1	1	1	1																																						
0	0	0.001	0.004	0.021	0.095	0.302	0.608	0.83	0.932	0.972	0.988	0.994	0.997	1	1	1	1	1	1	1																																						
0	0	0.001	0.004	0.021	0.095	0.302	0.608	0.83	0.932	0.972	0.988	0.994	0.997	1	1	1	1	1	1	1																																						
0	0	0.001	0.004	0.021	0.095	0.302	0.608	0.83	0.932	0.972	0.988	0.994	0.997	1	1	1	1	1	1	1																																						
0	0	0.001	0.004	0.021	0.095	0.302	0.608	0.83	0.932	0.972	0.988	0.994	0.997	1	1	1	1	1	1	1																																						
0	0	0.001	0.004	0.021	0.095	0.302	0.608	0.83	0.932	0.972	0.988	0.994	0.997	1	1	1	1	1	1	1																																						
0	0	0.001	0.004	0.021	0.095	0.302	0.608	0.83	0.932	0.972	0.988	0.994	0.997	1	1	1	1	1	1	1																																						
0	0	0.001	0.004	0.021	0.095	0.302	0.608	0.83	0.932	0.972	0.988	0.994	0.997	1	1	1	1	1	1	1																																						
0	0	0.001	0.004	0.021	0.095	0.302	0.608	0.83	0.932	0.972	0.988	0.994	0.997	1	1	1	1	1	1	1																																						
0	0	0.001	0.004	0.021	0.095	0.302	0.608	0.83	0.932	0.972	0.988	0.994	0.997	1	1	1	1	1	1	1																																						
0	0	0.001	0.004	0.021	0.095	0.302	0.608	0.83	0.932	0.972	0.988	0.994	0.997	1	1	1	1	1	1	1																																						
0	0	0.001	0.004	0.021	0.095	0.302	0.608	0.83	0.932	0.972	0.988	0.994	0.997	1	1	1	1	1	1	1																																						
0	0	0.001	0.004	0.021	0.095	0.302	0.608	0.83	0.932	0.972	0.988	0.994	0.997	1	1	1	1	1	1	1																																						
0	0	0.001	0.004	0.021	0.095	0.302	0.608	0.83	0.932	0.972	0.988	0.994	0.997	1	1	1	1	1	1	1																																						
0	0	0.001	0.004	0.021	0.095	0.302	0.608	0.83	0.932	0.972	0.988	0.994	0.997	1	1	1	1	1	1	1																																						
0	0	0.001	0.004	0.021	0.095	0.302	0.608	0.83	0.932	0.972	0.988	0.994	0.997	1	1	1	1	1	1	1																																						
0	0	0.001	0.004	0.021	0.095	0.302	0.608	0.83	0.932	0.972	0.988	0.994	0.997	1	1	1	1	1	1	1																																						
0	0	0.001	0.004	0.021	0.095	0.302	0.608	0.83	0.932	0.972	0.988	0.994	0.997	1	1	1	1	1	1	1																																						
0	0	0.001	0.004	0.021	0.095	0.302	0.608	0.83	0.932	0.972	0.988	0.994	0.997	1	1	1	1	1	1	1																																						
0	0	0.001	0.004	0.021	0.095	0.302	0.608	0.83	0.932	0.972	0.988	0.994	0.997	1	1	1	1	1	1	1																																						
0	0	0.001	0.004	0.021	0.095	0.302	0.608	0.83	0.932	0.972	0.988	0.994	0.997	1	1	1	1	1	1	1																																						
0	0	0.001	0.004	0.021	0.095	0.302	0.608	0.83	0.932	0.972	0.988	0.994	0.997	1	1	1	1	1	1	1																																						
0	0	0.001	0.004	0.021	0.095	0.302	0.608	0.83	0.932	0.972	0.988	0.994	0.997	1	1	1	1	1	1	1																																						
0	0	0.001	0.004	0.021	0.095	0.302	0.608	0.83	0.932	0.972	0.988	0.994	0.997	1	1	1	1	1	1	1																																						
0	0	0.001	0.004	0.021	0.095	0.302	0.608	0.83	0.932	0.972	0.988	0.994	0.997	1	1	1	1	1	1	1																																						
0	0	0.001	0.004	0.021	0.095	0.302	0.608	0.83	0.932	0.972	0.988	0.994	0.997	1	1	1	1	1	1	1																																						
0	0	0.001	0.004	0.021	0.095	0.302	0.608	0.83	0.932	0.972	0.988	0.994	0.997	1	1	1	1	1	1	1																																						
#	old	schedule																																																								
#0	0.006	0.003	0.0123	0.039	0.098	0.198	0.33	0.47	0.59	0.68	0.746	0.795	0.83	0.856	0.875	0.889	0.9	0.908	0.915																																							
#	init_age_comp	Flag	whether	initial	age	comp	independent	or	not	(0	=	NOT)																																														
1																																																										
#	Number	of	q	(catchability)	environmental	covariates	(by	number	of	surveys)																																																
0																																																										
#	average	annual	survey	bottom	temperature	for	depths	<	100	m																																																
 
#	spawnmo																																																									
2																																																										
#	Survey	1	month																																																							
7																																																										
#	Sample	size	for	wts	at	age	1982-2010	20-Jan																																																		
2	24	40	49	87	77	57	79	39	44	42	53	53	41	19	16	12	4	4	16	0
0	1	3	29	43	94	95	45	60	45	38	61	55	43	51	20	13	10	0	20	0
0	0	11	55	82	79	79	61	53	56	58	38	42	43	53	34	21	12	5	34	0
0	0	5	33	89	125	60	80	67	38	45	41	37	40	44	42	24	20	3	42			0
0	0	2	9	40	86	162	53	66	48	46	34	39	30	35	27	32	11	12	27				0
0	0	1	20	26	173	89	122	45	39	42	31	34	22	24	29	24	23	25	29				0
0	0	2	3	52	7	146	69	51	12	19	15	18	31	19	10	12	12	16	10		0
0	0	1	6	27	121	31	199	89	59	13	16	27	19	28	17	10	8	22	17			0
0	0	2	18	27	62	151	31	187	58	56	12	13	17	9	26	21	13	14	26			0
0	0	1	20	44	19	45	134	15	170	38	57	11	17	12	19	24	18	7	19				0
0	0	1	31	57	54	23	26	91	11	98	14	32	11	14	19	12	18	12	19				0
0	0	3	11	36	58	32	21	21	111	8	93	15	17	8	9	13	16	8	9		0
0	2	6	9	17	45	78	45	32	21	94	1	61	5	25	10	5	8	16	10			0
0	0	3	35	33	26	79	67	22	21	7	85	3	96	13	12	18	11	14	12	0
0	0	5	16	122	36	28	44	43	28	17	21	71	14	89	15	12	16	15	15	0
0	0	10	40	51	84	21	18	37	18	11	16	12	46	6	30	7	11	8	30				0
0	0	7	15	41	49	101	31	27	32	35	33	15	16	21	9	40	20	14	9				0
0	0	2	32	48	55	57	176	33	25	57	42	26	12	16	32	20	41	21	32		0
0	0	1	4	29	23	28	63	92	20	30	25	21	12	15	16	24	24	30	16			0
0	2	1	15	31	80	42	59	64	88	34	11	21	13	11	17	11	21	8	17			0
0	0	11	22	28	45	120	56	55	43	75	32	15	32	19	20	14	15	23	20	0
0	0	6	24	43	42	41	158	35	44	24	36	17	9	20	18	13	11	14	18			0
1	13	24	42	89	81	42	40	112	24	15	20	24	12	5	20	19	12	9	20		0
0	6	27	48	31	71	59	26	47	94	15	12	15	20	10	7	16	11	12	7			0
0	1	20	40	44	28	48	34	18	22	41	9	10	9	8	9	3	8	12	9								0
0	1	13	105	73	79	47	83	39	19	32	57	15	19	16	12	14	18	16	12	0
0	0	4	16	119	102	99	68	75	34	21	35	53	16	11	11	20	11	13	11	0
0	1	7	18	27	144	90	95	48	39	38	18	17	35	13	9	7	10	14	9			0
0	0	9	45	70	66	149	82	80	32	35	21	15	16	23	14	8	14	21	11	0
0	0	9	45	70	66	149	82	80	32	35	21	15	16	23	14	8	14	21	11	0
0	0	9	45	70	66	149	82	80	32	35	21	15	16	23	14	8	14	21	11	0
#	May	SST	anomalies	from	Pribs	1954	-	2010	(same	length	as	model)																																														
0.0 0.0 0.0 0.0 0.0 0.0 0.0 0.0 0.0 0.0 0.0 0.0 0.0 0.0 0.0 0.0 0.0 0.0 0.0 0.0 0.0 0.0 0.0 0.0 0.0 0.0 0.0 0.0 0.0 0.0 0.0 0.0 0.0 0.0 0.0 0.0 0.0 0.0 0.0 0.0 0.0 0.0 0.0 0.0 0.0 0.0 0.0 0.0 0.0 0.0 0.0 0.0 0.0 0.0 0.0 0.0 0.0 0.0 0.0 0.0 0.0 
123456																																																										
																																																														
