#	Flatfish	model	with	growth	data	included	This	file	is	for	northern	rock	sole																																	
#	styr																																													
1975																																														
#	endyr																																													
2020																																														
#	nages																																													
20																																														
#	a	b	Females																																											
#	female	l-w	relationship	wt(g)=0.0054*L(cm)^3.227																																										
0.00618	3.1765																																													
#	male	l-w	relationship	wt(g)=0.008541*L(cm)^3.0808																																										
#	a	b	Males																																											
#																																														
0.00505	3.2243																																													
#	nfsh																																													
1																																														
#catch_bio	1975	1976	1977	1978	1979	1980	1981	1982	1983	1984	1985	1986	1987	1988	1989	1990	1991	1992	1993	1994	1995	1996	1997	1998	1999	2000	2001	2002	2003	2004	2005	2006	2007	2008	2009	2010	2011	2012	2013	2014	2015	2016	2017	2018	2019	2020
	12.014	9.964	5.319	7.038	5.874	8.798	9.021	11.843	13.619	37.679	18.75	19.611	40.822	86.366	68.912	35.253	56.05751	52.72273	64.26149	59.60677	55.02909	46.92918	67.81476	33.64403	41.08976	49.66795	29.47676	41.86682	36.086103	48.680902	37.362473	36.455868	37.126111	51.276233	48.715785	53.20041658	60.53445481	75.94505477	59.7512901	51.69010232	45.46764346	45.08382148	35.22152235	28.26902533	25.80004081	22.24832011
#	nyrs_fsh_combined	sex	age																																											
0																																														
#	nyrs_fsh_split	sex	age																																											
41																																														
#	yrs_fsh_age_combined	1000																																												
#	yrs_fsh_age_split	females	first	then	males																																									
1979	1980	1981	1982	1983	1984	1985	1986	1987	1988	1989	1990	1991	1992	1993	1994	1995	1996	1997	1998	1999	2000	2001	2002	2003	2004	2005	2006	2007	2008	2009	2010	2011	2012	2013	2014	2015	2016	2017	2018	2019						
#	Year	Sex	oac_fsh	(1	nfsh	1	nyrs_fsh_age	1	nages)																																					
0	0	0.00E+00	0.000209215	0.000164187	0.001052738	0.008553969	0.043010772	0.163030154	0.165336029	0.053075189	0.054663469	0.055229623	0.044069252	0.022674468	0.015617781	0.000257722	0	0.000109669	0	0	0	0	8.34E-05	0.000490169	0.00071514	0.010563221	0.022027433	0.050431343	0.08916155	0.063436496	0.074163669	0.04219453	0.017175787	0	0.002502992	0	0	0	0							
0	0	0.008392303	0.042666723	0.061930661	0.033902909	0.069585012	0.043502416	0.034527314	0.108744877	0.08181064	0.030604505	0.037001365	0.025249808	0.020739062	0.007468791	0	0	0	0	0	0.004128525	0.040299334	0.020180477	0.087130364	0.045684902	0.025079249	0.024419918	0.032644788	0.061213086	0.02424122	0.014925679	0.004696796	0.007723012	0.001506261	0	0	0	0	0							
0	9.56E-05	0.024721626	0.044337353	0.017098098	0.13534113	0.044579024	0.023284081	0.022122201	0.035152257	0.103035812	0.043259659	0.037316143	0.012453763	0.023001778	0.010810134	0.002007729	0.000948094	0	0	0	0.002485416	0.043662147	0.066611698	0.03674197	0.170665612	0.021889527	0.012474747	0.019070033	0.031078748	0.013229719	0.000801575	0.00057788	0.000216239	0.000654309	0.000208782	6.71E-05	0	0	0							
0	0	0.022843257	0.023245472	0.024860007	0.102162225	0.120396953	0.10347342	0.043176014	0.052179854	0.036703972	0.031035144	0.030533429	0.017566247	0.00289661	0.005590833	0.003641453	0	0.000893811	0	0	0.002667615	0.013990158	0.032178633	0.026749543	0.029779544	0.085280045	0.048320878	0.016717053	0.021192717	0.018969705	0.052505081	0.022990887	0.007459441	0	0	0	0	0	0							
0	0	0.000588229	0.009966451	0.02887629	0.025960377	0.07836953	0.102074878	0.080928918	0.077812247	0.043510451	0.055033352	0.110537287	0.052607417	0.039262557	0.039316181	0.007564896	0.004647464	0.001501488	0	0	0	0.000159053	0.008596196	0.02433699	0.014577179	0.028158954	0.046841018	0.014506931	0.019265257	0.003061764	0.011491557	0.031167701	0.018708573	0.01611734	0.004453475	0	0	0	0							
0	0	0.001181229	0.012068893	0.022067205	0.025062657	0.042806573	0.050334811	0.087174534	0.068808279	0.039579296	0.043751879	0.072867847	0.044934806	0.041574035	0.031964759	0.009074196	0	0.009074196	0	0	0.002210277	0.010323677	0.067016477	0.041349227	0.017660731	0.065091829	0.031880694	0.060385839	0.015145013	0.011302423	0.014582227	0.003544851	0.01665784	0.011867544	0.012845608	0.003544851	0	0	0.012265697							
0	0.001612573	0.007657309	0.050310641	0.10239767	0.060249149	0.06354846	0.060800539	0.03195306	0.052516693	0.013267775	0.006463844	0.00275998	0.005761502	0.013791861	0.017210194	0.002259669	0.002180534	0.001543659	0.004098278	0	0.007358459	0.028420857	0.091844162	0.149259362	0.095697754	0.041741273	0.030561426	0.024317874	0.014557071	0.002741208	0.000177466	0.001534419	0.007084004	0.000539536	0.001535655	0.002246084	0	0	0							
0	0	0	0.002165726	0.033848745	0.070586818	0.085542957	0.065286092	0.093405173	0.03533352	0.091713771	0.014646638	0.014642554	0.013554347	0.004552968	0.013054894	0.012847125	0.000433488	0	0.012371679	0	0	0.006157856	0.026326068	0.079848586	0.151453309	0.073168434	0.040646765	0.030335155	0	0.028077334	0	0	0	0	0	0	0	0	0							
0	0	0.011742942	0.036315098	0.028269372	0.074118014	0.145732007	0.044338893	0.026734919	0.030707783	0.024966865	0.046963013	0.010415661	0.002943678	0.00357015	0.001792791	0.003441477	0.002623375	0.000828639	0.005133282	0	0.000453553	0.020604779	0.034864538	0.085551366	0.081884166	0.127711124	0.041454287	0.051015283	0.024906683	0	0.027892575	0	0	0	0	0.003023688	0	0	0							
0	0	0.003692309	0.007539209	0.09807673	0.047650522	0.078440731	0.076000539	0.0495462	0.016435076	0.037563228	0.013353824	0.02045306	0.015337658	0	0.002174925	0.003254597	0.011784523	0.003827219	0.004613438	0	0.000727802	0.003435095	0.023488603	0.083461826	0.128149836	0.136873936	0.047953678	0.038454979	0.002267989	0.014726754	0.013321337	0	0.004644165	0	0	0	0.00797763	0.004772584	0							
0	6.74E-05	0.000900255	0.007819054	0.03200337	0.104736121	0.072049431	0.094376544	0.077447757	0.026903602	0.019525076	0.028765071	0.015557667	0.023755299	0.014220551	0.004059581	0.001240148	0.001240148	0.012959926	0.009856877	0	0.000145763	0.002287644	0.020600205	0.073500263	0.109793902	0.081077743	0.046214507	0.042384282	0.023537621	0.012929033	0.005601148	0.00604701	0.013957946	0	0.012141179	0	0	0	0.002297907							
0	0	0.002712046	0.024763095	0.031215291	0.050563989	0.066983555	0.105964992	0.050607163	0.027974996	0.02577667	0.003597775	0.020787366	0.007821117	0.00985425	0.005955941	0.003733957	0	0	0.005999725		0	0	0.006481938	0.060474761	0.056777804	0.137461914	0.108773505	0.07878425	0.035507421	0.027443816	0.022018298	0.003637044	0.008284119	0.005884324	0.00207944	0	0	0.00207944	0	0						
0	0	0.003891784	0.01900393	0.012550569	0.019417829	0.02342001	0.083560238	0.05463655	0.062145569	0.052546413	0.022551664	0.013274559	0.012275685	0.0055364	0.010546741	0.000295804	0.001268354	0.000440628	0.006613036		0	0	0.008243886	0.025620715	0.014965666	0.060451408	0.082978556	0.154994135	0.100687443	0.051764407	0.027377281	0.021202586	0.011640673	0.005509661	0.012987383	0.006364053	0.005295169	0.002080203	0	0.003861008						
0	0	0	0	0.011346655	0.017225195	0.027442507	0.064397118	0.075910288	0.022369137	0.069390974	0.045503562	0.019062736	0.018994424	0.007031246	0.001274571	0.010452168	0.003176414	0.003057346	0.005253206		0	0	0.001172624	0.005998899	0.040738888	0.037286396	0.058904093	0.143364892	0.11406727	0.0588708	0.063603318	0.02139431	0.00740546	0.012907096	0.007340217	0	0.025058188	0	0	0						
0	0	0.000191393	0.001198483	0.005808359	0.017157449	0.049074228	0.046491736	0.067890721	0.089413973	0.020840016	0.041621703	0.033609946	0.019941246	0.01319454	0.003240429	0	0	0.002921633	0.002921633		0	0.000168875	0.001986618	0.004446463	0.008200664	0.064668002	0.113020414	0.063051439	0.175778012	0.061135935	0.038796353	0.012883543	0.01609762	0.014103803	0.00665559	0	0	0	0	0.00348918						
0	0	0	0.000113603	0	0.001792404	0.027215514	0.044904972	0.058411263	0.072604994	0.063235542	0.020921157	0.032537475	0.026675899	0.009356792	0.008013407	0.002828401	0.000833089	0.005162629	0.003217808		0	0	0	0.002030771	0	0.009207005	0.076142309	0.174238031	0.078070381	0.088159706	0.113501323	0.020264689	0.02816192	0.011629379	0.008253829	0.007142493	0	0	0.005373213	0						
0	0	0	0.001244094	0.004820601	0.006534127	0.008612294	0.091170649	0.083890544	0.072940101	0.088090886	0.099797411	0.032012664	0.017761805	0.061831706	0.001876015	0.004380112	0.001541404	0	0		0	0	0	0.001081696	0.00380235	0.003296517	0.027510418	0.077027868	0.101115005	0.056019852	0.05447576	0.0464806	0.022950979	0.026580089	0.001584247	0	0	0.001570204	0	0						
0	0	0	0	6.10E-05	0.004047995	0.002967921	0.024096593	0.083241386	0.126571581	0.068268331	0.044784245	0.065293332	0.02756542	0.028751533	0.027879893	0.00754735	0.004588885	0.001117588	0.005029148		0	0	0.000262131	0.000467131	0.002050001	0.018707794	0.015222981	0.039353718	0.116079835	0.079534552	0.054540709	0.020404533	0.021257622	0.017537587	0.005721518	0.04359948	0.033819969	0.009628281	0	0						
0	0	0	0.00391835	0.001709696	0.006564736	0.045883783	0.021525634	0.020002767	0.120419827	0.068497478	0.039860095	0.071776344	0.031557704	0.02471265	0.023851533	0.013678247	0.008997848	0	0		0	3.59E-05	0.000497138	0.004976846	0.005088071	0.010505803	0.05353217	0.006399461	0.074041944	0.147845476	0.06099505	0.062133329	0.023509505	0.029126212	0.012243227	0	0	0	0	0						
0	0	0	0	0.000404221	0.002155931	0.009007073	0.020085191	0.015573272	0.028762369	0.115413697	0.067336576	0.053537947	0.046230042	0.013294303	0.008413375	0.01492034	0.006806447	0.000858621	0.003150137		0	0	0	0	0.003156666	0.001902875	0.005498931	0.034156174	0.033621456	0.08277907	0.228998387	0.101038964	0.030419069	0.029203935	0.017003746	0.004014369	0.010104663	0.012152149	0	0						
0	0	0	0	0.007624438	0.010397902	0.017158314	0.009341542	0.033086574	0.029288142	0.055994979	0.238225289	0.08801029	0.057055912	0.04798142	0.009639956	0.004517495	0.006007348	0.000994222	0.007742502		0	0	0	0	0.004078551	0.00218994	0.011235034	0.006753169	0.071503251	0.027292591	0.0586741	0.129199386	0.034930655	0.010292584	0.017806412	0.002978003	0	0	0	0						
0	0	0	0	0.002801595	0.005829789	0.003509068	0.014416179	0.039513064	0.090644397	0.025595178	0.065658127	0.183834359	0.074076443	0.032886841	0.024846515	0.020692188	0.002375862	0.007093641	0		0	0	0	0	0	0.002344017	0.01039619	0.012006623	0.028833692	0.113521521	0.045400424	0.033754189	0.086042818	0.034837395	0.023088092	0.009394906	0.002198224	0.001685027	0.001623135	0.001100501						
0	0	0	0	0.002549551	0.019167347	0.021870507	0.021892335	0.023575329	0.034869619	0.099565257	0.055741308	0.069269998	0.130315833	0.079010984	0.021925859	0.026566609	0.007513622	0.003334813	0.004445662		0	0	0	0	0.009278669	0.008952878	0.013865093	0.025671796	0.023964727	0.054223496	0.102670579	0.035578392	0.035009725	0.042815209	0.019182227	0.005904296	0.001268281	0	0	0						
0	0	0.00E+00	0	0	0.00673543	0.020208035	0.019271021	0.052062842	0.023502448	0.049090211	0.090780261	0.039624145	0.049667196	0.103009855	0.048758674	0.020323468	0.028861237	0.007186873	0.002771512		0	0	0	0.002085089	0.005553705	0.034009223	0.017213787	0.015646554	0.044458593	0.053430897	0.05625233	0.092394918	0.031850539	0.006909709	0.052733655	0.021086537	0.004521255	0	0	0						
0	0	0	0.00456645	0.011986931	0.006692703	0.024342872	0.013809623	0.020896555	0.045314316	0.021406426	0.073088506	0.091656476	0.037812216	0.053865203	0.064697771	0.047289364	0.01457574	0.007452435	0.009034106		0	0	0	0.010780336	0.004140171	0.029282267	0.031923521	0.036198218	0.039009207	0.040328364	0.030659956	0.041855349	0.065599215	0.029025516	0.025835576	0.030109335	0.016245216	0.007184735	0.004612307	0.00872302						
0	0	0.000102882	0	0.00137176	0.020358885	0.009496175	0.020048432	0.028626495	0.010349417	0.058980086	0.035651411	0.054603928	0.098931756	0.036114823	0.009892034	0.086351403	0.034202248	0.01930358	0.023564409		0	0	0	0	0.021983578	0.028793589	0.015677318	0.034990661	0.044800703	0.029330156	0.062633788	0.022767354	0.026649598	0.074569515	0.023040058	0.012247609	0.029676825	0.013072553	0.004663502	0.007153469						
0	0	0	0.004276408	0.009949258	0.013208596	0.022456376	0.010346346	0.03092141	0.035856163	0.027710138	0.039798503	0.033890039	0.048126792	0.0824458	0.039715337	0.043351222	0.05062219	0.02436393	0.035504533		0	0	0.004295129	0.017578212	0.038458904	0.025599335	0.042199766	0.018992663	0.034274046	0.067726348	0.029513976	0.032539051	0.019075658	0.029391155	0.026028433	0.01939561	0.008286136	0.022864393	0.006037026	0.005201121						
0	0	0	0	0.013526123	0.035175683	0.026587836	0.025867572	0.02643434	0.040830762	0.033962032	0.030306732	0.033897906	0.021989813	0.033560864	0.086224523	0.031946687	0.019924601	0.047300191	0.044886375		0	0	0	0.007797303	0.032914844	0.031130267	0.025434904	0.036760224	0.033488434	0.020106841	0.015940494	0.018615991	0.038706738	0.022972327	0.034696234	0.05634634	0.011544639	0.01944034	0.025553664	0.016128375						
0	0	0	0	0.004615143	0.031912356	0.050975393	0.020771799	0.045709105	0.030019237	0.067865133	0.028823938	0.029754526	0.01639253	0.024577957	0.024669608	0.053672555	0.027428422	0.035431583	0.104149836		0	0	0	0.002192953	0.04890914	0.06160128	0.045727639	0.047102748	0.039289368	0.022599928	0.021881947	0.013178996	0.021470693	0.012427971	0.006821812	0.019245834	0.006467157	0.004652213	0.009644861	0.020016339						
0	0	0	0.00254438	0.00328758	0.024143317	0.046107746	0.057541536	0.038107569	0.071928547	0.033569797	0.043145339	0.034664568	0.018185457	0.032445233	0.035455812	0.042759866	0.048307071	0.019888803	0.076242458		0	0	0	0	0.015682242	0.016118752	0.061693323	0.054555612	0.041208256	0.052425638	0.005877738	0.013346712	0.020751805	0.019080346	0.010946169	0.005765401	0.015528394	0.015335183	0.003501062	0.019858289						
0	0	0	0	0	0.013467803	0.062629418	0.079886524	0.086544677	0.039795528	0.05257636	0.035991081	0.038168802	0.023897343	0.021959537	0.018445198	0.01374994	0.016207631	0.043879072	0.030959543		0	0	0	0.001951081	0.00493452	0.033660538	0.075546064	0.077178699	0.073845776	0.025547043	0.036050864	0.015542596	0.003912606	0.008719867	0.009697991	0.015396946	0.006590635	0.010285383	0.013716131	0.009264801						
0	0	0	0	0	0.018296707	0.019397404	0.04383857	0.074696614	0.044874898	0.031797083	0.067960898	0.039494852	0.024091929	0.021696506	0.013860109	0.017731249	0.023486153	0.026810147	0.096710082		0	0	0	0	0.014371625	0.020835282	0.067538419	0.080112114	0.090487887	0.058609226	0.02440268	0.020039565	0.003195868	0.021962384	0.001014774	0.003184703	0.006064132	0.003174953	0.008657107	0.011606081						
0	0	0	0	0	0.00218866	0.008993176	0.065807924	0.076339641	0.081550672	0.093083817	0.031129882	0.017959264	0.013325296	0.024068545	0.013861123	0.025169263	0.003342489	0.015922091	0.089330534		0	0	0	0	0	0.030162244	0.031463167	0.07422285	0.108755307	0.065305053	0.046123451	0.014685872	0.023176237	0.007602646	0.006228106	0.006139198	0.00206038	0.002441669	0	0.019561443						
0	0	0	0	0	0.002043346	0.033948719	0.042883361	0.059119389	0.083994626	0.12909003	0.051124445	0.027347077	0.028914168	0.019460322	0.015686404	0.016113146	0.009334193	0.010176453	0.084491834		0	0	0	0	0.007554202	0.011875696	0.051276632	0.057908807	0.048079923	0.084351659	0.071363965	0.012766322	0.009496612	0.005499676	0.006525546	0.003556883	0.008531001	0.001655409	0.001281647	0.004548508						
0	0	0	0	0	0.008502166	0.031425901	0.066904409	0.089608874	0.085283062	0.100881454	0.047899571	0.030887062	0.018614384	0.005587326	0.006518869	0.009248556	0.006705069	0.003459318	0.023090836		0	0	0	0	0	0.000875836	0.015480803	0.126626503	0.064601219	0.06090096	0.058294899	0.06020419	0.023126798	0.010994706	0.006194873	0.002510259	0.011586023	0.00494121	0.001421975	0.017622891						
0	0	0	0	0	0	0	0.006931398	0.040797754	0.049517662	0.093542228	0.105960016	0.087637486	0.032685422	0.003710303	0.020377967	0.002311426	0.005583533	0.006556904	0.052623959		0	0	0	0.007262199	0	0	0	0.014558754	0.111945994	0.08421191	0.042114244	0.110466776	0.041041395	0.032629244	0.0053719	0.011481648	0.004421664	0.010983383	0.0053719	0.009902932						
0	0	0	0	0	0	0.003227478	0	0.020130061	0.074059039	0.04713446	0.072999221	0.090928348	0.074292866	0.034560214	0.006158086	0.006835735	0.004393921	0.008503489	0.023086217		0	0	0	0	0	0.006219886	0.013680225	0.009844014	0.021205155	0.160066241	0.086625411	0.079209766	0.067774819	0.045894435	0.010517388	0.012110634	0.002208591	0.002844616	0.006886378	0.008603307						
0	8.52E-05	0.00111637	0.002958277	0.002121955	0.008303846	0.004920148	0	0.002515383	0.02585977	0.103175709	0.093661037	0.090699166	0.096702465	0.058298279	0.019412675	0.00265717	0.011095611	0.004066453	0.026325517		0	0	0.006612115	0.009026829	0.017050128	0.02671063	0.008254425	0.007332807	0.012686992	0.035996042	0.093490737	0.086311907	0.049381995	0.027080995	0.037364812	0.007291784	0.002721399	0.006887178	0.002216257	0.009607917						
0	0	0	0.003012585	0.008955107	0.009338095	0.002373492	0	0.006200944	0.001672398	0.019608692	0.138406868	0.088629959	0.080827358	0.091700253	0.060288422	0.020368924	0.007156643	0.001748563	0.022851159		0	0	0.001474821	0.003502701	0.003521136	0.039308836	0.004076828	0.021780486	0.015554421	0.010920658	0.033667475	0.078077845	0.071574377	0.072269562	0.024205944	0.032159251	0.017649676	0	0.001032375	0.006084147						
0	0	0.0002359975306	0.003416110021	0.007039443901	0.01454643317	0.01769236769	0.01787382803	0.005030869877	0.009776330798	0.01012601955	0.04118250993	0.1280180155	0.1069185087	0.06599451651	0.06438767022	0.04011209469	0.03340428763	0.005064424606	0.02317213759	0	0	0.0009738411315	0.009883561961	0.008206661282	0.01701114535	0.01488683105	0.01450149818	0.007276900528	0.007590492383	0.00837020534	0.03208217593	0.09280120347	0.07020513041	0.04934049902	0.03520182414	0.01965399903	0.01054374701	0.0005206800399	0.006958037765							
0	0.0001258104896	0.003789265063	0.01162232906	0.01452020183	0.00780557155	0.01571546093	0.01323076891	0.01231171935	0.007627981378	0.01694320297	0.0147601618	0.04109835841	0.1287478001	0.1004330732	0.06734208487	0.09568411664	0.02951038804	0.009927453006	0.0218010734	0	0.0006906565949	0.01022223213	0.02819965155	0.03275565319	0.01859383089	0.02735699694	0.02262614759	0.01351531054	0.006903857215	0.01489223012	0.01524803827	0.02783393651	0.06380318837	0.03935202502	0.03235410013	0.01228781536	0.01011830648	0.006479850195	0.003769351932							
#	wt_fsh	(begin	year	to	end	year)																																								
#	Female	Female	Female	Female	Female	Female	Female	Female	Female	Female	Female	Female	Female	Female	Female	Female	Female	Female	Female	Male	Male	Male	Male	Male	Male	Male	Male	Male	Male	Male	Male	Male	Male	Male	Male	Male	Male	Male	Male							
#	2	3	4	5	6	7	8	9	10	11	12	13	14	15	16	17	18	19	20	1	2	3	4	5	6	7	8	9	10	11	12	13	14	15	16	17	18	19	20							
0.009	0.015	0.03	0.059	0.112	0.183	0.267	0.363	0.439	0.489	0.577	0.57	0.612	0.667	0.714	0.79	0.862	0.939	0.889	0.815	0.007	0.011	0.013	0.026	0.055	0.1	0.153	0.213	0.256	0.259	0.311	0.301	0.314	0.353	0.367	0.33	0.455	0.342	0.366	0.36							
0.009	0.015	0.03	0.059	0.112	0.183	0.267	0.363	0.439	0.489	0.577	0.57	0.612	0.667	0.714	0.79	0.862	0.939	0.889	0.815	0.007	0.011	0.013	0.026	0.055	0.1	0.153	0.213	0.256	0.259	0.311	0.301	0.314	0.353	0.367	0.33	0.455	0.342	0.366	0.36							
0.009	0.015	0.03	0.059	0.112	0.183	0.267	0.363	0.439	0.489	0.577	0.57	0.612	0.667	0.714	0.79	0.862	0.939	0.889	0.815	0.007	0.011	0.013	0.026	0.055	0.1	0.153	0.213	0.256	0.259	0.311	0.301	0.314	0.353	0.367	0.33	0.455	0.342	0.366	0.36							
0.009	0.015	0.03	0.059	0.112	0.183	0.267	0.363	0.439	0.489	0.577	0.57	0.612	0.667	0.714	0.79	0.862	0.939	0.889	0.815	0.007	0.011	0.013	0.026	0.055	0.1	0.153	0.213	0.256	0.259	0.311	0.301	0.314	0.353	0.367	0.33	0.455	0.342	0.366	0.36							
0.009	0.015	0.03	0.059	0.112	0.183	0.267	0.363	0.439	0.489	0.577	0.57	0.612	0.667	0.714	0.79	0.862	0.939	0.889	0.815	0.007	0.011	0.013	0.026	0.055	0.1	0.153	0.213	0.256	0.259	0.311	0.301	0.314	0.353	0.367	0.33	0.455	0.342	0.366	0.36							
0.009	0.015	0.03	0.059	0.112	0.183	0.267	0.363	0.439	0.489	0.577	0.57	0.612	0.667	0.714	0.79	0.862	0.939	0.889	0.815	0.007	0.011	0.013	0.026	0.055	0.1	0.153	0.213	0.256	0.259	0.311	0.301	0.314	0.353	0.367	0.33	0.455	0.342	0.366	0.36							
0.009	0.015	0.03	0.059	0.112	0.183	0.267	0.363	0.439	0.489	0.577	0.57	0.612	0.667	0.714	0.79	0.862	0.939	0.889	0.815	0.007	0.011	0.013	0.026	0.055	0.1	0.153	0.213	0.256	0.259	0.311	0.301	0.314	0.353	0.367	0.33	0.455	0.342	0.366	0.36							
0.009	0.015	0.03	0.059	0.112	0.183	0.267	0.363	0.439	0.489	0.577	0.57	0.612	0.667	0.714	0.79	0.862	0.939	0.889	0.815	0.007	0.011	0.013	0.026	0.055	0.1	0.153	0.213	0.256	0.259	0.311	0.301	0.314	0.353	0.367	0.33	0.455	0.342	0.366	0.36							
0.009	0.015	0.03	0.059	0.112	0.183	0.267	0.363	0.439	0.489	0.577	0.57	0.612	0.667	0.714	0.79	0.862	0.939	0.889	0.815	0.007	0.011	0.013	0.026	0.055	0.1	0.153	0.213	0.256	0.259	0.311	0.301	0.314	0.353	0.367	0.33	0.455	0.342	0.366	0.36							
0.009	0.015	0.03	0.059	0.112	0.183	0.267	0.363	0.439	0.489	0.577	0.57	0.612	0.667	0.714	0.79	0.862	0.939	0.889	0.815	0.007	0.011	0.013	0.026	0.055	0.1	0.153	0.213	0.256	0.259	0.311	0.301	0.314	0.353	0.367	0.33	0.455	0.342	0.366	0.36							
0.009	0.015	0.03	0.059	0.112	0.183	0.267	0.363	0.439	0.489	0.577	0.57	0.612	0.667	0.714	0.79	0.862	0.939	0.889	0.815	0.007	0.011	0.013	0.026	0.055	0.1	0.153	0.213	0.256	0.259	0.311	0.301	0.314	0.353	0.367	0.33	0.455	0.342	0.366	0.36							
0.009	0.015	0.03	0.059	0.112	0.183	0.267	0.363	0.439	0.489	0.577	0.57	0.612	0.667	0.714	0.79	0.862	0.939	0.889	0.815	0.007	0.011	0.013	0.026	0.055	0.1	0.153	0.213	0.256	0.259	0.311	0.301	0.314	0.353	0.367	0.33	0.455	0.342	0.366	0.36							
0.009	0.015	0.03	0.059	0.112	0.183	0.267	0.363	0.439	0.489	0.577	0.57	0.612	0.667	0.714	0.79	0.862	0.939	0.889	0.815	0.007	0.011	0.013	0.026	0.055	0.1	0.153	0.213	0.256	0.259	0.311	0.301	0.314	0.353	0.367	0.33	0.455	0.342	0.366	0.36							
0.009	0.015	0.03	0.059	0.112	0.183	0.267	0.363	0.439	0.489	0.577	0.57	0.612	0.667	0.714	0.79	0.862	0.939	0.889	0.815	0.007	0.011	0.013	0.026	0.055	0.1	0.153	0.213	0.256	0.259	0.311	0.301	0.314	0.353	0.367	0.33	0.455	0.342	0.366	0.36							
0.009	0.015	0.03	0.059	0.112	0.183	0.267	0.363	0.439	0.489	0.577	0.57	0.612	0.667	0.714	0.79	0.862	0.939	0.889	0.815	0.007	0.011	0.013	0.026	0.055	0.1	0.153	0.213	0.256	0.259	0.311	0.301	0.314	0.353	0.367	0.33	0.455	0.342	0.366	0.36							
0.009	0.015	0.03	0.059	0.112	0.183	0.267	0.363	0.439	0.489	0.577	0.57	0.612	0.667	0.714	0.79	0.862	0.939	0.889	0.815	0.007	0.011	0.013	0.026	0.055	0.1	0.153	0.213	0.256	0.259	0.311	0.301	0.314	0.353	0.367	0.33	0.455	0.342	0.366	0.36							
0.009	0.015	0.03	0.059	0.112	0.183	0.267	0.363	0.439	0.489	0.577	0.57	0.612	0.667	0.714	0.79	0.862	0.939	0.889	0.815	0.007	0.011	0.013	0.026	0.055	0.1	0.153	0.213	0.256	0.259	0.311	0.301	0.314	0.353	0.367	0.33	0.455	0.342	0.366	0.36							
0.009	0.014	0.029	0.056	0.101	0.159	0.233	0.312	0.386	0.441	0.517	0.531	0.573	0.634	0.666	0.73	0.81	0.862	0.844	0.817	0.007	0.011	0.016	0.032	0.059	0.099	0.152	0.203	0.244	0.25	0.299	0.295	0.311	0.336	0.355	0.339	0.435	0.379	0.384	0.386							
0.009	0.012	0.027	0.053	0.09	0.134	0.199	0.261	0.332	0.393	0.457	0.491	0.535	0.6	0.619	0.67	0.758	0.785	0.799	0.819	0.007	0.011	0.02	0.038	0.063	0.097	0.151	0.194	0.233	0.241	0.286	0.289	0.309	0.318	0.343	0.348	0.414	0.416	0.402	0.412							
0.009	0.011	0.026	0.05	0.078	0.11	0.165	0.211	0.278	0.346	0.397	0.452	0.496	0.566	0.571	0.61	0.707	0.709	0.753	0.821	0.007	0.01	0.023	0.044	0.067	0.096	0.151	0.185	0.221	0.232	0.273	0.282	0.307	0.301	0.33	0.357	0.393	0.453	0.42	0.438							
0.009	0.011	0.026	0.05	0.078	0.11	0.165	0.211	0.278	0.346	0.397	0.452	0.496	0.566	0.571	0.61	0.707	0.709	0.753	0.821	0.007	0.01	0.023	0.044	0.067	0.096	0.151	0.185	0.221	0.232	0.273	0.282	0.307	0.301	0.33	0.357	0.393	0.453	0.42	0.438							
0.009	0.011	0.026	0.05	0.078	0.11	0.165	0.211	0.278	0.346	0.397	0.452	0.496	0.566	0.571	0.61	0.707	0.709	0.753	0.821	0.007	0.01	0.023	0.044	0.067	0.096	0.151	0.185	0.221	0.232	0.273	0.282	0.307	0.301	0.33	0.357	0.393	0.453	0.42	0.438							
0.009	0.011	0.026	0.05	0.078	0.11	0.165	0.211	0.278	0.346	0.397	0.452	0.496	0.566	0.571	0.61	0.707	0.709	0.753	0.821	0.007	0.01	0.023	0.044	0.067	0.096	0.151	0.185	0.221	0.232	0.273	0.282	0.307	0.301	0.33	0.357	0.393	0.453	0.42	0.438							
0.009	0.011	0.026	0.05	0.078	0.11	0.165	0.211	0.278	0.346	0.397	0.452	0.496	0.566	0.571	0.61	0.707	0.709	0.753	0.821	0.007	0.01	0.023	0.044	0.067	0.096	0.151	0.185	0.221	0.232	0.273	0.282	0.307	0.301	0.33	0.357	0.393	0.453	0.42	0.438							
0.009	0.011	0.026	0.05	0.078	0.11	0.165	0.211	0.278	0.346	0.397	0.452	0.496	0.566	0.571	0.61	0.707	0.709	0.753	0.821	0.007	0.01	0.023	0.044	0.067	0.096	0.151	0.185	0.221	0.232	0.273	0.282	0.307	0.301	0.33	0.357	0.393	0.453	0.42	0.438							
0.009	0.011	0.026	0.05	0.078	0.11	0.165	0.211	0.278	0.346	0.397	0.452	0.496	0.566	0.571	0.61	0.707	0.709	0.753	0.821	0.007	0.01	0.023	0.044	0.067	0.096	0.151	0.185	0.221	0.232	0.273	0.282	0.307	0.301	0.33	0.357	0.393	0.453	0.42	0.438							
0.009	0.011	0.026	0.05	0.078	0.11	0.165	0.211	0.278	0.346	0.397	0.452	0.496	0.566	0.571	0.61	0.707	0.709	0.753	0.821	0.007	0.01	0.023	0.044	0.067	0.096	0.151	0.185	0.221	0.232	0.273	0.282	0.307	0.301	0.33	0.357	0.393	0.453	0.42	0.438							
0.009	0.011	0.026	0.05	0.078	0.11	0.165	0.211	0.278	0.346	0.397	0.452	0.496	0.566	0.571	0.61	0.707	0.709	0.753	0.821	0.007	0.01	0.023	0.044	0.067	0.096	0.151	0.185	0.221	0.232	0.273	0.282	0.307	0.301	0.33	0.357	0.393	0.453	0.42	0.438							
0.009	0.011	0.026	0.05	0.078	0.11	0.165	0.211	0.278	0.346	0.397	0.452	0.496	0.566	0.571	0.61	0.707	0.709	0.753	0.821	0.007	0.01	0.023	0.044	0.067	0.096	0.151	0.185	0.221	0.232	0.273	0.282	0.307	0.301	0.33	0.357	0.393	0.453	0.42	0.438							
0.009	0.013	0.026	0.051	0.09	0.134	0.201	0.23	0.294	0.359	0.405	0.461	0.485	0.545	0.552	0.581	0.659	0.651	0.711	0.758	0.007	0.011	0.023	0.047	0.086	0.114	0.166	0.201	0.228	0.243	0.276	0.291	0.309	0.303	0.319	0.358	0.369	0.418	0.387	0.403							
0.009	0.015	0.026	0.053	0.102	0.158	0.236	0.249	0.311	0.373	0.413	0.47	0.473	0.524	0.533	0.552	0.611	0.594	0.668	0.695	0.007	0.012	0.023	0.051	0.104	0.132	0.181	0.218	0.234	0.254	0.279	0.3	0.311	0.305	0.308	0.359	0.345	0.383	0.354	0.369							
0.009	0.017	0.025	0.054	0.114	0.181	0.272	0.269	0.327	0.387	0.421	0.479	0.462	0.504	0.514	0.523	0.562	0.537	0.626	0.632	0.007	0.013	0.023	0.055	0.123	0.149	0.196	0.234	0.241	0.265	0.282	0.308	0.314	0.307	0.297	0.36	0.321	0.348	0.321	0.335							
0.009	0.017	0.025	0.054	0.114	0.181	0.272	0.269	0.327	0.387	0.421	0.479	0.462	0.504	0.514	0.523	0.562	0.537	0.626	0.632	0.007	0.013	0.023	0.055	0.123	0.149	0.196	0.234	0.241	0.265	0.282	0.308	0.314	0.307	0.297	0.36	0.321	0.348	0.321	0.335							
0.009	0.017	0.025	0.054	0.114	0.181	0.272	0.269	0.327	0.387	0.421	0.479	0.462	0.504	0.514	0.523	0.562	0.537	0.626	0.632	0.007	0.013	0.023	0.055	0.123	0.149	0.196	0.234	0.241	0.265	0.282	0.308	0.314	0.307	0.297	0.36	0.321	0.348	0.321	0.335							
0.009	0.017	0.025	0.054	0.114	0.181	0.272	0.269	0.327	0.387	0.421	0.479	0.462	0.504	0.514	0.523	0.562	0.537	0.626	0.632	0.007	0.013	0.023	0.055	0.123	0.149	0.196	0.234	0.241	0.265	0.282	0.308	0.314	0.307	0.297	0.36	0.321	0.348	0.321	0.335							
0.009	0.017	0.025	0.054	0.114	0.181	0.272	0.269	0.327	0.387	0.421	0.479	0.462	0.504	0.514	0.523	0.562	0.537	0.626	0.632	0.007	0.013	0.023	0.055	0.123	0.149	0.196	0.234	0.241	0.265	0.282	0.308	0.314	0.307	0.297	0.36	0.321	0.348	0.321	0.335							
0.009	0.017	0.025	0.054	0.114	0.181	0.272	0.269	0.327	0.387	0.421	0.479	0.462	0.504	0.514	0.523	0.562	0.537	0.626	0.632	0.007	0.013	0.023	0.055	0.123	0.149	0.196	0.234	0.241	0.265	0.282	0.308	0.314	0.307	0.297	0.36	0.321	0.348	0.321	0.335							
0.009	0.017	0.025	0.054	0.114	0.181	0.272	0.269	0.327	0.387	0.421	0.479	0.462	0.504	0.514	0.523	0.562	0.537	0.626	0.632	0.007	0.013	0.023	0.055	0.123	0.149	0.196	0.234	0.241	0.265	0.282	0.308	0.314	0.307	0.297	0.36	0.321	0.348	0.321	0.335							
0.009	0.017	0.025	0.054	0.114	0.181	0.272	0.269	0.327	0.387	0.421	0.479	0.462	0.504	0.514	0.523	0.562	0.537	0.626	0.632	0.007	0.013	0.023	0.055	0.123	0.149	0.196	0.234	0.241	0.265	0.282	0.308	0.314	0.307	0.297	0.36	0.321	0.348	0.321	0.335							
0.009	0.017	0.025	0.054	0.114	0.181	0.272	0.269	0.327	0.387	0.421	0.479	0.462	0.504	0.514	0.523	0.562	0.537	0.626	0.632	0.007	0.013	0.023	0.055	0.123	0.149	0.196	0.234	0.241	0.265	0.282	0.308	0.314	0.307	0.297	0.36	0.321	0.348	0.321	0.335							
0.009	0.017	0.025	0.054	0.114	0.181	0.272	0.269	0.327	0.387	0.421	0.479	0.462	0.504	0.514	0.523	0.562	0.537	0.626	0.632	0.007	0.013	0.023	0.055	0.123	0.149	0.196	0.234	0.241	0.265	0.282	0.308	0.314	0.307	0.297	0.36	0.321	0.348	0.321	0.335							
0.009	0.017	0.025	0.054	0.114	0.181	0.272	0.269	0.327	0.387	0.421	0.479	0.462	0.504	0.514	0.523	0.562	0.537	0.626	0.632	0.007	0.013	0.023	0.055	0.123	0.149	0.196	0.234	0.241	0.265	0.282	0.308	0.314	0.307	0.297	0.36	0.321	0.348	0.321	0.335							
0.009	0.017	0.025	0.054	0.114	0.181	0.272	0.269	0.327	0.387	0.421	0.479	0.462	0.504	0.514	0.523	0.562	0.537	0.626	0.632	0.007	0.013	0.023	0.055	0.123	0.149	0.196	0.234	0.241	0.265	0.282	0.308	0.314	0.307	0.297	0.36	0.321	0.348	0.321	0.335							
0.009	0.017	0.025	0.054	0.114	0.181	0.272	0.269	0.327	0.387	0.421	0.479	0.462	0.504	0.514	0.523	0.562	0.537	0.626	0.632	0.007	0.013	0.023	0.055	0.123	0.149	0.196	0.234	0.241	0.265	0.282	0.308	0.314	0.307	0.297	0.36	0.321	0.348	0.321	0.335							
0.009	0.017	0.025	0.054	0.114	0.181	0.272	0.269	0.327	0.387	0.421	0.479	0.462	0.504	0.514	0.523	0.562	0.537	0.626	0.632	0.007	0.013	0.023	0.055	0.123	0.149	0.196	0.234	0.241	0.265	0.282	0.308	0.314	0.307	0.297	0.36	0.321	0.348	0.321	0.335							
0.009	0.017	0.025	0.054	0.114	0.181	0.272	0.269	0.327	0.387	0.421	0.479	0.462	0.504	0.514	0.523	0.562	0.537	0.626	0.632	0.007	0.013	0.023	0.055	0.123	0.149	0.196	0.234	0.241	0.265	0.282	0.308	0.314	0.307	0.297	0.36	0.321	0.348	0.321	0.335							
#	nsmpl_fsh_age(1	nfsh	1	nyrs_fish_age)																																										
200	200	200	200	200	200	200	200	200	200	200	200	200	200	200	200	200	200	200	200	200	200	200	200	200	200	200	200	200	200	200	200	200	200	200	200	200	200	200	200	200						
																																														
#	Survey	Biomass	and	SE	and	SE	=	(sqrt(var)/1000)																																						
#	nsrv																																													
1																																														
#	nyrs_srv	(1	nsrv)																																											
38																																														
#	yrs_srv	(1	nsrv	1	nyrs_srv)																																									
1982	1983	1984	1985	1986	1987	1988	1989	1990	1991	1992	1993	1994	1995	1996	1997	1998	1999	2000	2001	2002	2003	2004	2005	2006	2007	2008	2009	2010	2011	2012	2013	2014	2015	2016	2017	2018	2019									
#	mo_srv	(1	nsrv)																																											
7																																														
#	obs_srv	(1	nsrv	1	nyrs_srv)																																									
#trawl	survey	biomass	without	pfc	(CRM	replaced	all	years;	standard	area)																																				
578.71413	714.09309	799.42346	693.06416	1021.22719	1269.57744	1478.96812	1323.29966	1382.91339	1585.25833	1548.68614	1994.67755	2723.80161	2179.96711	2062.35461	2605.53003	2168.83081	1619.89832	2073.29792	2336.75719	1879.62093	2109.10434	2193.97431	2114.32565	2216.31041	2036.43014	2032.94073	1541.08822	2065.75042	1977.89967	1920.81878	1753.20612	1858.05963	1414.16583	1461.84732	1340.06314	1051.13059	974.64619									
#	obs_se_srv	(1	nsrv	1	nyrs_srv)	without	fpc	adjustment																																						
74.08203932	81.85120137	81.82450969	58.77406744	83.74437854	91.22086749	101.5081618	91.0846285	89.01966808	95.96807158	112.2789938	122.0471673	223.2536159	130.5404761	121.9539156	190.3046896	123.5171697	162.0312645	317.0861081	259.0127983	171.4334764	196.1914947	183.5698352	150.2487606	149.9692829	278.9516237	300.6547652	159.0202197	203.3581217	164.5823474	185.8925668	136.5888516	129.3327409	130.4581385	130.9699853	100.070753	114.630131	91.63828952									
																																														
#	Survey	Age	Data																																											
#	nyrs_srv_age	Combined	and	split	sex																																									
0																																														
41																																														
#	yrs_srv_age	(1	nsrv	1	nyrs_srv_ages)																																									
1979	1980	1981	1982	1983	1984	1985	1986	1987	1988	1989	1990	1991	1992	1993	1994	1995	1996	1997	1998	1999	2000	2001	2002	2003	2004	2005	2006	2007	2008	2009	2010	2011	2012	2013	2014	2015	2016	2017	2018	2019						
#	nsmpl_srv	(1	nsrv	1	nyrs_srv_age)																																									
200	200	200	200	200	200	200	200	200	200	200	200	200	200	200	200	200	200	200	200	200	200	200	200	200	200	200	200	200	200	200	200	200	200	200	200	200	200	200	200	200						
#_oac_srv	1	2	3	4	5	6	7	8	9	10	11	12	13	14	15	16	17	18	19	20	1	2	3	4	5	6	7	8	9	10	11	12	13	14	15	16	17	18	19	20						
0	0	0.013661576	0.051697164	0.036799998	0.082886878	0.034086958	0.029412939	0.05813522	0.04299068	0.012896731	0.015592378	0.016825862	0.013244912	0.008324776	0.00405219	0.000167022	0	0.000133788	0	0	0	0.025189716	0.0902536	0.074215212	0.10065711	0.061960706	0.045287138	0.07553022	0.054815033	0.020341124	0.01829702	0.004104276	0.008173124	0	0.000266648	0	0	0	0							
0	0	0.046789312	0.068150161	0.083681263	0.046764591	0.04385675	0.023393029	0.019766637	0.066852476	0.049638926	0.019199304	0.014703745	0.009250399	0.007242537	0.003416223	0	0	0	0	0	0.01479647	0.081595919	0.034373693	0.124348187	0.05655478	0.029399097	0.024007757	0.034552772	0.057192096	0.019738114	0.01096922	0.002837028	0.006374087	0.000555428	0	0	0	0	0							
7.72E-05	0.029361925	0.046658726	0.104354288	0.025706018	0.115278831	0.027725153	0.014790604	0.01212739	0.018381148	0.038166429	0.016146618	0.013332874	0.005181051	0.008160487	0.003803894	0.000950219	0.000629711	0	0	0	0.061318734	0.052450439	0.087881174	0.039587885	0.155023015	0.020960423	0.011754307	0.023027205	0.035564966	0.017414737	0.005056202	0.002899321	0.00140226	0.003558827	0.00096807	0.000299842	0	0	0							
#Carey	replaced	1982	onward	(where	do	1979-1981	ages	come	from?)																																					
0	0.003195986	0.042868652	0.052885039	0.046425616	0.123799257	0.089202301	0.050622289	0.015701082	0.018906125	0.012887312	0.011640866	0.011640352	0.005946668	0.001992527	0.002765981	0.002450976	0	0.000467199	0	0	0.018515003	0.03413523	0.113710671	0.123820766	0.04531099	0.084008201	0.029845804	0.011693163	0.005719761	0.00530206	0.023884148	0.008503434	0.002152542	0	0	0	0	0	0							
0	0.001094027	0.078554483	0.065847735	0.079159259	0.040154325	0.052859176	0.0535295	0.023934704	0.023527586	0.01044543	0.013582749	0.020922245	0.010077323	0.006153098	0.006521243	0.001383366	0.000589074	0.000241622	0	0	0.017146435	0.094932478	0.092490197	0.100008865	0.048983429	0.037848211	0.049142596	0.023009436	0.016037453	0.005299766	0.007638014	0.008608365	0.005090914	0.004540151	0.000646745	0	0	0	0							
0	0.010770573	0.05872722	0.091034515	0.069306735	0.047945444	0.050905325	0.035500698	0.032190802	0.023104799	0.006341406	0.009074127	0.013610934	0.003747365	0.005093829	0.003494493	0.000565488	0	0.000565488	0	0	0.016781825	0.054521734	0.167357013	0.084785079	0.035765194	0.082115523	0.022800548	0.041212689	0.005772279	0.00570374	0.004294861	0.00138808	0.005227203	0.006484802	0.001738521	0.00138808	0	0	0.000683586							
0.001220717	0.01908748	0.036984383	0.119269186	0.119707459	0.049926434	0.044458628	0.037013184	0.0169251	0.028385918	0.006569588	0.003485136	0.001486581	0.002857463	0.006336004	0.008417947	0.001212319	0.000567717	0.000548644	0.002141318	0.001166702	0.019855529	0.060575504	0.139068031	0.129442106	0.066503445	0.027787538	0.018459288	0.014955661	0.007334742	0.001411049	0	0.000114599	0.000846833	0.003835213	0.000123391	0.000707179	0.001211983	0	0							
0	0	0.027713284	0.070466791	0.116181484	0.093611666	0.051263448	0.025956701	0.030602449	0.009856069	0.021433239	0.003901889	0.003699916	0.003393596	0.000976296	0.003542194	0.003147429	0.000127736	0	0.002265983	0	0	0.052734812	0.131627361	0.125688049	0.120564648	0.043211734	0.024378899	0.018586316	0	0.015068013	0	0	0	0	0	0	0	0	0							
0	0	0.033862041	0.095042996	0.062970658	0.081265504	0.09841671	0.02318068	0.015441213	0.01663963	0.012644025	0.023750406	0.005219214	0.001461348	0.001787376	0.000641682	0.001626901	0.000753095	0.000422631	0.00305454	0	0.002946649	0.091662979	0.083132042	0.127093901	0.067820237	0.072444	0.021862453	0.028665951	0.012154087	0	0.012506467	0	0	0	0	0.001530585	0	0	0							
0	0.013113248	0.078775904	0.071730492	0.145785362	0.040184112	0.049182265	0.04251543	0.024909843	0.007848241	0.015586033	0.005412177	0.008711156	0.006342685	0	0.000814537	0.001363699	0.005104601	0.001581032	0.001750671	0	0.022994156	0.056050868	0.118050885	0.094747626	0.077915573	0.062540889	0.018911373	0.012704203	0.00052246	0.004877743	0.005574398	0	0.000983614	0	0	0	0.002098967	0.001315756	0							
0	0.008599666	0.057668018	0.066213349	0.070373748	0.097458851	0.051721219	0.050819005	0.036674793	0.011520639	0.007908438	0.011266547	0.006644428	0.006875766	0.003948607	0.001443981	0.000313224	0.000313224	0.002425116	0.001665382	0	0.008383578	0.063904465	0.082070023	0.10107799	0.099822481	0.061749875	0.033769861	0.025989141	0.007866805	0.006125896	0.002741138	0.003571028	0.005119232	0	0.00215762	0	0	0	0.001796866							
0	0.001238853	0.041377746	0.129557603	0.094418183	0.054678256	0.054288439	0.029403041	0.03158623	0.017632154	0.009658445	0.004637266	0.004459033	0.00104219	0.00245408	0.000123843	0	0.000869915	0	0.002454799	0	0.000859708	0.067142341	0.178067191	0.093311782	0.048783091	0.072186593	0.00814839	0.019786904	0.01733909	0.004990049	0.001791111	0.00287119	0.000952629	0.002076807	0	0	0	0	0.001813047							
0	0	0.005289959	0.120368609	0.097907998	0.079708195	0.044584323	0.047056616	0.029304323	0.020183933	0.014639096	0.012672884	0.00473006	0.005066339	0.002923111	0.001478983	0	0.000382222	0.000528525	0.002844546	0	0.001201395	0.004906072	0.162167776	0.127149802	0.060256085	0.056006145	0.039313614	0.017733569	0.022416922	0.011827413	0.001144515	0.004046504	0.001276036	0.00088443	0	0	0	0	0							
0	0	0.019213967	0.038133587	0.124337824	0.116197591	0.050359359	0.04485272	0.026987464	0.02260339	0.022383162	0.01297456	0.007813482	0.005214812	0.003566951	0.001762674	0.00102118	0	0.001137187	0.00053549	0	0.000779344	0.011019089	0.035857664	0.178371519	0.113646026	0.03555224	0.059085586	0.027697653	0.00852141	0.010344148	0.006591631	0.006425799	0.004408718	0.001423689	0.000903524	0.000276559	0	0	0							
0	0.001141257	0.025478839	0.048720209	0.054357802	0.129080605	0.075721215	0.040542127	0.033229328	0.029462958	0.005480663	0.008974421	0.008561764	0.005019707	0.002663216	0.000854522	0	0	0.000408388	0.000408388	0	0.001945345	0.050999675	0.057289599	0.042140776	0.177043981	0.093025827	0.038414291	0.040960926	0.012393557	0.006743773	0.002618372	0.002332383	0.002529618	0.00107373	0	0	0	0	0.000382738							
0	0	0.015776959	0.055353831	0.046289822	0.039967395	0.131393866	0.094015784	0.036505671	0.01140313	0.024719268	0.013156283	0.007111435	0.007840328	0.003831887	0.002606962	0.000544442	0.000754293	0.001567118	0.001052262	0	0.002832949	0.017519575	0.088483269	0.043250612	0.050232765	0.167967394	0.053250865	0.034233335	0.01144121	0.018727753	0.006073855	0.003828237	0.00461549	0.002031691	0.000972296	0.000323982	0	0.000323982	0							
0	0	0	0.047424049	0.088089167	0.041951484	0.024625857	0.114722157	0.066987431	0.029637243	0.03152289	0.02379482	0.008811825	0.004262887	0.009274343	0	0.000946322	0.000337983	0.000337983	0.000850161	0	0	0.014521959	0.039897255	0.106161534	0.044418187	0.040173274	0.119989885	0.072256443	0.018885327	0.021292752	0.013783875	0.006377545	0.008665363	0	0	0	0	0	0							
0	0.000616161	0.037629564	0.019784513	0.034257294	0.083487289	0.025157772	0.050590746	0.099081838	0.065218163	0.016450314	0.007968039	0.013789764	0.004768534	0.004916292	0.005348901	0.001513108	0.000888924	0.000140272	0.0008912	0	0.00295943	0.055117793	0.024452931	0.035558877	0.102580244	0.029580341	0.04094832	0.117546936	0.063951665	0.021117494	0.01139814	0.009635022	0.002278816	0.005041591	0.00338016	0.001766978	0.000186573	0	0							
0	0	0.017184256	0.064425874	0.011967776	0.029340438	0.103395207	0.040670284	0.027361216	0.089529979	0.031341466	0.020431341	0.026756159	0.007196959	0.00860661	0.010851603	0.005307879	0.00245503	0	0.001183051	0	0.000280474	0.025884573	0.058324069	0.035390721	0.047648296	0.113159808	0.004495554	0.052916098	0.079997487	0.02540557	0.031973373	0.009203549	0.014789703	0.002525596	0	0	0	0	0							
0	0	0.009900767	0.031053509	0.033547609	0.029839363	0.040777171	0.075276211	0.023197319	0.021219239	0.112574661	0.055683781	0.018331028	0.011597667	0.01511395	0.002203274	0.002056154	0.001132258	0.001144862	0.002039872	0	0	0.015326212	0.043596076	0.054880126	0.031863004	0.060329049	0.109518094	0.027023421	0.039673508	0.054738245	0.05415419	0.016139613	0.001390195	0.001673053	0.001571629	0.001357197	6.20E-05	0	1.57E-05							
0	0	0.002834595	0.005140211	0.013845779	0.037649655	0.012202075	0.046818788	0.076532361	0.05276508	0.038271021	0.102111722	0.025330744	0.020429536	0.008309044	0.013189757	0.003138707	0.002291115	0.001535599	0.000234716	0	0	0.005436388	0.00883139	0.025511488	0.075037679	0.003472539	0.037514406	0.123249843	0.060030001	0.041271736	0.085679372	0.046611683	0.012142068	0.007000288	0.003641485	0.000517257	0.001421871	0	0							
0	0	0	0.020623777	0.017772621	0.027710756	0.047152183	0.028222692	0.035663522	0.07008759	0.052751258	0.042094092	0.091326258	0.041985065	0.023628885	0.022870773	0.005138407	0.000932697	0.000676689	0.001373234	0	0	0.005084535	0.04125706	0.011421919	0.017513793	0.063158086	0.016817879	0.079033108	0.102373801	0.037883114	0.035733327	0.036827929	0.011691928	0.005495959	0.002262072	0.002153907	0.00021633	0.000639691	0.000425063							
0	0.000893373	0.011261316	0.008729522	0.021074826	0.019125416	0.01659171	0.049902577	0.036730781	0.043422058	0.083041837	0.02289642	0.035101091	0.081836113	0.039328714	0.017902435	0.006433839	0.002211161	0.001572527	0.000510334	0	0.001641647	0.009803	0.016724206	0.053465195	0.033710306	0.026688923	0.059328141	0.022723851	0.093787505	0.055774779	0.036639022	0.039955291	0.032991466	0.008827402	0.003965003	0.001304036	0.003850736	0.000253445	0							
0	0.008376762	0.028132712	0.010497639	0.018888315	0.065577965	0.017381084	0.022459435	0.03378686	0.013626226	0.049491723	0.091273388	0.02712204	0.018997521	0.06993408	0.026578809	0.015260586	0.008429631	0.000720583	0.005142014	0	0.012269497	0.037263437	0.020281645	0.019732458	0.049578689	0.023340456	0.01249103	0.061964746	0.035422114	0.027424718	0.062051816	0.025631036	0.015526635	0.050594152	0.012455222	0.000229951	0.002065027	0	0							
0.000507297	0.028706501	0.057003645	0.025006555	0.024236266	0.008719266	0.046008788	0.02430255	0.021013038	0.023710011	0.008291072	0.01923649	0.069778455	0.013166545	0.020502029	0.06532407	0.01495837	0.012125412	0.005834165	0.004046156	0.000790324	0.05459963	0.078281238	0.041127237	0.02897775	0.016748933	0.040548514	0.018126723	0.003315956	0.007375075	0.011699715	0.046620897	0.07118808	0.01825588	0.028529715	0.023725801	0.009908048	0.002938345	0.004225061	0.000540395							
0	0.002356479	0.091650649	0.052069863	0.047628365	0.023900587	0.011296536	0.031471497	0.01004357	0.006941451	0.031733739	0.031675171	0.015546827	0.020769215	0.013663525	0.007922916	0.039608026	0.031523117	0.000511568	0.015450222	0	0.009175534	0.138546146	0.087236454	0.04051443	0.026484329	0.011120888	0.028416907	0.018311662	0	0.041796746	0.005445574	0.008725579	0.051654034	0.005445574	0.000555294	0.020192958	0.013237482	0	0.007377084							
0	0.012512348	0.067684725	0.105204063	0.061441089	0.011981535	0.013637957	0.012749266	0.026385373	0.006497347	0.010535746	0.005310108	0.010191618	0.020933944	0.020367154	0.014911246	0.01755419	0.017374266	0.016822915	0.011971091	0	0.007853698	0.124801388	0.122582028	0.088318272	0.021744287	0.032161777	0.018236275	0.01229924	0.006919237	0.004651101	0.00636305	0.000778187	0.025770868	0.010260535	0.007214212	0.008164507	0.025777933	0.004658202	0.007379219							
0	0.010020406	0.062774574	0.142755308	0.061634871	0.04146307	0.016636569	0.015648163	0.011017991	0.022544533	0.008438542	0.006706212	0.004775365	0.005668296	0.014618145	0.018211357	0.011722198	0.007938959	0.013748953	0.010101204	0	0.011608494	0.08135102	0.156289118	0.081098577	0.050648767	0.013453302	0.006049408	0.013989857	0.010339426	0.011179839	0.003976248	0.0093349	0.002145332	0.015506937	0.017098618	0.008891803	0.001187043	0.010568013	0.008858581							
0	0.003273428	0.031718758	0.062196102	0.085162257	0.074348438	0.048508205	0.024045262	0.008907063	0.019087047	0.016078017	0.015533266	0.014481813	0.015115343	0.013152412	0.018837262	0.011032245	0.012639412	0.011271226	0.013609136	6.09E-05	0.002532838	0.035839719	0.101470134	0.11512344	0.080971595	0.052993485	0.022847844	0.007518095	0.029201628	0.003975521	0.004446979	0.005865439	0.00455813	0.015592279	0.007267927	0.004331249	0.002237213	0.00320215	0.000966773							
0	0	0.034410636	0.042486796	0.079696695	0.077255627	0.091697489	0.032786011	0.012293203	0.01796077	0.022813624	0.006251679	0.011388186	0	0.003362503	0.012530821	0.017701129	0.021124227	0.002712232	0.025035111	0	0	0.042569296	0.055401442	0.070930261	0.11784592	0.06489224	0.055536619	0.010161569	0.00422208	0.011143373	0.018828311	0.003347065	0.003124428	0.005853013	0.000176582	0.009387873	0.007186839	0.003247509	0.004638841							
0	0.00050468	0.014898226	0.088112587	0.055332507	0.07721963	0.072647393	0.045460168	0.032345162	0.007885378	0.011635466	0.005733558	0.015148136	0.004001273	0.007993703	0.003502772	0.010936275	0.015110008	0.005443254	0.026736188	0	0.000601299	0.014729992	0.093113031	0.065390683	0.062447622	0.09468613	0.059282501	0.034246455	0.002463378	0.012534807	0.001118061	0.008584919	0.00582342	0.002949547	0.007218905	0.001592028	0.006859331	0.019132649	0.006578877							
0	0.000758882	0.013802093	0.047125346	0.065677473	0.065272921	0.051931936	0.086266133	0.047441224	0.033020982	0.005271727	0.019536435	0.007199415	0.015948011	0.005238393	0.008797194	0.004007548	0.004724312	0.007105037	0.030200322	0	0.001440716	0.008730928	0.045303005	0.084364643	0.053389555	0.063352824	0.062219662	0.057866067	0.020726104	0.023266088	0.008233718	0.00494145	0.008690855	0.002720035	0.004296659	0.001779894	0.004660381	0.013677484	0.011014547							
0	0	0.02022872	0.01255174	0.052328938	0.115193366	0.039306658	0.058297006	0.062093275	0.048452221	0.030699688	0.017756501	0.011824524	0.009112771	0.014412032	0.003473556	0.001934566	0.000581167	0.00258699	0.031689325	0	0	0.009430828	0.02595272	0.043387855	0.064236834	0.078766544	0.073528253	0.085557001	0.030163151	0.023432686	0.005951701	0.004701401	0.002446357	0.003021712	0	0.003228997	0.005760154	0.001251276	0.006659485							
0	0	0	0.007181867	0.029450865	0.036438175	0.080572362	0.037400373	0.09920524	0.079101601	0.048937391	0.019282273	0.005067719	0.012933669	0.003119841	0.012205412	0.004115324	0.003743532	0.002962768	0.021164154	0	0.000893304	0.004068838	0.010885612	0.04254949	0.067805001	0.086740599	0.052292277	0.024771754	0.074620926	0.03649642	0.013457473	0.003000235	0.017838437	0.010982696	0.028054899	0	0.003955779	0.005047074	0.013656619							
0	6.51E-05	0.007139427	0.004368585	0.006856731	0.012951593	0.028344144	0.084168637	0.079219199	0.071834305	0.055556024	0.045720566	0.021905911	0.002501857	0.009981686	0.002429827	0.012626669	0	0.003382098	0.031349046	0	8.92E-05	0.018643658	0.002447089	0.011718785	0.028986659	0.051630497	0.088978718	0.069155158	0.072879573	0.055540566	0.04880694	0.027404383	0.010824766	0.012465657	0.001143794	0.003028651	0.001884857	0.000424223	0.013545392							
0	0.002244636	0.014582094	0.024055884	0.010154281	0.00826644	0.002623768	0.001354476	0.081640894	0.046802679	0.062797636	0.120683491	0.009131186	0.030344112	0.010685728	0.022168424	0.001255276	0.011278541	0.006521964	0.025262646	0	0.005688968	0.025214726	0.025408991	0.002778739	0.00973963	0.008999976	0.022384724	0.063222579	0.034699866	0.069665857	0.083836663	0.075159329	0.010474076	0.006421134	0.010987668	0.001826393	0.004890771	0.009386351	0.037359403							
5.75E-05	0.001659455	0.026185421	0.030764318	0.029146668	0.005276521	0.007772518	0.019788586	0.014842155	0.072297312	0.069687782	0.055003382	0.054271944	0.025544457	0.015998089	0.014925196	0.003898961	0.001752996	0.00433192	0.018652267	0	0.00103601	0.04955403	0.037423932	0.039511291	0.00573611	0.007380478	0.018851561	0.041468839	0.114374415	0.059590491	0.04162136	0.05746221	0.02109591	0.009152666	0.002368598	0	0	0.007977124	0.013537489							
0	0.02206805	0.009766208	0.035662544	0.03510255	0.016754714	0.002814957	0.001581429	0.00600562	0.021168693	0.064299897	0.048272428	0.070791079	0.057438909	0.040640286	0.028606058	0.016261798	0.007295729	0.006677548	0.023194114	0.000204324	0.03155197	0.014237234	0.055794545	0.03411489	0.021709682	0.010628708	0.007370466	0.006391799	0.011800892	0.051007783	0.069969719	0.072609368	0.030319467	0.02648179	0.016067565	0.006565995	0.000410588	0.011138825	0.007221779							
0	0.049115554	0.110547952	0.022904771	0.026771308	0.022482629	0.013856395	0.010843154	0.00323167	0.002541004	0.018677664	0.068932814	0.047817057	0.029178832	0.045615382	0.024282326	0.007335963	0.001658605	1.97E-05	0.005721441	0.002170757	0.071127431	0.142883449	0.014917232	0.041361141	0.023167825	0.004180264	0	0.019187689	0.004662633	0.008905313	0.032857897	0.035491749	0.017681496	0.034885291	0.022395465	0.006346091	0.000905739	0	0.005338364							
0	0.010144395	0.117054861	0.076240257	0.011147137	0.038365183	0.01503346	0.024284627	0.007231891	0.015424398	0.005069872	0.017923022	0.054581713	0.027462694	0.030710481	0.042131195	0.024399322	0.009700898	0.002797556	0.00841611	0	0.016876347	0.112912263	0.103715547	0.01228053	0.050493868	0.010896794	0.0160576	0	0.004218413	0.016411765	0.007166337	0.030577011	0.019702813	0.020053096	0.020674162	0.014742787	0.002522128	0.000473471	0.002105998							
0	0.036968966	0.137800045	0.1021481	0.056557394	0.011860303	0.026014386	0.007049143	0.001204662	0.001374885	0.005344065	0.003076244	0.014266997	0.006664998	0.03991029	0.022951958	0.018886334	0.006832309	0.003051763	0.002884452	0	0.038698823	0.19139438	0.083159544	0.083265925	0.01040716	0.020305975	0.006277704	0.004086468	0.00985124	0	0.005357111	0.012046977	0.012459848	0.00307414	0.005587774	0	0.005496432	0.003515604	0.000167604							
#																																														
#	1000																																													
#	wt_srv	females	1	2	3	4	5	6	7	8	9	10	11	12	13	14	15	16	17	18	19	20																								
0.009	0.015	0.03	0.059	0.112	0.183	0.267	0.363	0.439	0.489	0.577	0.57	0.612	0.667	0.714	0.79	0.862	0.939	0.889	0.815																											
0.009	0.015	0.03	0.059	0.112	0.183	0.267	0.363	0.439	0.489	0.577	0.57	0.612	0.667	0.714	0.79	0.862	0.939	0.889	0.815																											
0.009	0.015	0.03	0.059	0.112	0.183	0.267	0.363	0.439	0.489	0.577	0.57	0.612	0.667	0.714	0.79	0.862	0.939	0.889	0.815																											
0.009	0.015	0.03	0.059	0.112	0.183	0.267	0.363	0.439	0.489	0.577	0.57	0.612	0.667	0.714	0.79	0.862	0.939	0.889	0.815																											
0.009	0.015	0.03	0.059	0.112	0.183	0.267	0.363	0.439	0.489	0.577	0.57	0.612	0.667	0.714	0.79	0.862	0.939	0.889	0.815																											
0.009	0.015	0.03	0.059	0.112	0.183	0.267	0.363	0.439	0.489	0.577	0.57	0.612	0.667	0.714	0.79	0.862	0.939	0.889	0.815																											
0.009	0.015	0.03	0.059	0.112	0.183	0.267	0.363	0.439	0.489	0.577	0.57	0.612	0.667	0.714	0.79	0.862	0.939	0.889	0.815																											
0.009	0.018	0.052	0.077	0.101	0.153	0.212	0.282	0.391	0.421	0.538	0.494	0.643	0.614	0.908	0.969	0.935	0.935	0.948	0.88																											
0.009	0.013	0.032	0.102	0.154	0.2	0.277	0.312	0.431	0.418	0.497	0.466	0.608	0.63	0.817	0.864	0.992	1.08	1.022	0.88																											
0.009	0.014	0.029	0.06	0.133	0.205	0.249	0.331	0.421	0.473	0.588	0.543	0.584	0.799	0.729	0.803	0.963	1.022	0.983	0.88																											
0.009	0.021	0.033	0.068	0.152	0.249	0.33	0.397	0.511	0.503	0.615	0.62	0.539	0.615	0.717	0.757	0.896	1.013	0.993	0.91																											
0.009	0.015	0.029	0.044	0.104	0.188	0.295	0.369	0.43	0.51	0.545	0.515	0.611	0.547	0.72	0.777	0.875	1.015	0.97	0.864																											
0.009	0.015	0.034	0.065	0.115	0.205	0.339	0.494	0.521	0.487	0.614	0.598	0.634	0.746	0.647	0.755	0.866	1.02	0.956	0.864																											
0.009	0.015	0.028	0.048	0.117	0.192	0.311	0.419	0.414	0.508	0.604	0.708	0.615	0.647	0.631	0.731	0.806	0.913	0.881	0.83																											
0.009	0.016	0.025	0.055	0.093	0.175	0.236	0.38	0.495	0.559	0.609	0.564	0.566	0.723	0.661	0.727	0.801	0.908	0.87	0.83																											
0.009	0.009	0.015	0.039	0.082	0.145	0.235	0.335	0.431	0.547	0.612	0.62	0.614	0.685	0.68	0.793	0.838	0.896	0.835	0.794																											
0.009	0.009	0.022	0.031	0.072	0.117	0.184	0.306	0.349	0.462	0.549	0.574	0.705	0.667	0.694	0.802	0.856	0.855	0.798	0.819																											
0.009	0.009	0.018	0.037	0.058	0.095	0.166	0.218	0.332	0.416	0.445	0.544	0.585	0.628	0.716	0.767	0.841	0.826	0.795	0.806																											
0.009	0.009	0.022	0.031	0.082	0.108	0.182	0.228	0.305	0.41	0.534	0.629	0.555	0.645	0.72	0.79	0.854	0.851	0.828	0.826																											
0.009	0.009	0.025	0.047	0.075	0.105	0.174	0.207	0.325	0.43	0.442	0.544	0.555	0.656	0.696	0.788	0.87	0.838	0.803	0.813																											
0.009	0.009	0.025	0.039	0.072	0.112	0.157	0.218	0.268	0.39	0.41	0.465	0.681	0.673	0.666	0.729	0.869	0.803	0.785	0.812																											
0.009	0.007	0.022	0.053	0.072	0.128	0.171	0.245	0.281	0.354	0.448	0.514	0.52	0.621	0.638	0.686	0.856	0.78	0.821	0.813																											
0.009	0.016	0.021	0.045	0.082	0.102	0.173	0.199	0.238	0.344	0.393	0.418	0.468	0.665	0.632	0.66	0.808	0.782	0.824	0.81																											
0.009	0.016	0.023	0.049	0.072	0.115	0.173	0.198	0.226	0.318	0.339	0.393	0.42	0.556	0.604	0.659	0.791	0.758	0.811	0.808																											
0.009	0.016	0.017	0.029	0.045	0.086	0.114	0.178	0.237	0.245	0.32	0.387	0.437	0.489	0.591	0.646	0.745	0.737	0.803	0.838																											
0.009	0.016	0	0.033	0.062	0.094	0.136	0.2	0.245	0.293	0.339	0.406	0.41	0.472	0.56	0.617	0.687	0.735	0.816	0.851																											
0.009	0.016	0.04	0.082	0.08	0.114	0.169	0.23	0.236	0.298	0.336	0.37	0.439	0.462	0.52	0.584	0.641	0.751	0.786	0.851																											
0.002	0.012	0.037	0.075	0.12	0.13	0.185	0.205	0.322	0.325	0.378	0.378	0.44	0.462	0.502	0.575	0.637	0.692	0.723	0.838																											
0.002	0.012	0.037	0.075	0.12	0.13	0.185	0.205	0.322	0.325	0.378	0.378	0.44	0.462	0.503	0.526	0.601	0.66	0.672	0.826																											
0.002	0.033	0.035	0.089	0.175	0.203	0.43	0.268	0.293	0.432	0.418	0.479	0.458	0.457	0.502	0.527	0.565	0.622	0.699	0.761																											
0.002	0.015	0.024	0.055	0.134	0.244	0.23	0.307	0.326	0.381	0.435	0.494	0.432	0.501	0.508	0.522	0.559	0.572	0.64	0.697																											
0.002	0.011	0.022	0.039	0.087	0.156	0.222	0.264	0.346	0.368	0.375	0.492	0.472	0.531	0.515	0.517	0.551	0.527	0.607	0.666																											
0.002	0.007	0.02	0.033	0.062	0.123	0.205	0.237	0.342	0.369	0.458	0.451	0.486	0.525	0.518	0.519	0.56	0.536	0.614	0.654																											
0.004	0.014	0.019	0.039	0.052	0.123	0.157	0.326	0.336	0.477	0.437	0.568	0.499	0.595	0.494	0.528	0.565	0.541	0.618	0.648																											
0.004	0.014	0.016	0.033	0.054	0.101	0.161	0.254	0.313	0.316	0.391	0.432	0.456	0.443	0.501	0.531	0.57	0.557	0.578	0.65																											
0.004	0.014	0.022	0.049	0.072	0.117	0.151	0.232	0.307	0.347	0.453	0.461	0.449	0.534	0.521	0.539	0.567	0.573	0.564	0.655																											
0.004	0.014	0.031	0.087	0.123	0.138	0.174	0.221	0.299	0.359	0.421	0.447	0.485	0.537	0.521	0.578	0.595	0.626	0.519	0.649																											
0.004	0.014	0.028	0.032	0.14	0.147	0.189	0.254	0.304	0.365	0.447	0.519	0.54	0.642	0.53	0.593	0.623	0.651	0.517	0.631																											
0.004	0.009	0.039	0.095	0.112	0.153	0.227	0.224	0.319	0.358	0.409	0.5	0.528	0.539	0.554	0.622	0.629	0.69	0.525	0.606																											
0.004	0.013	0.031	0.066	0.103	0.193	0.169	0.13	0.316	0.33	0.376	0.459	0.536	0.57	0.573	0.617	0.681	0.698	0.483	0.573																											
0.004	0.016	0.033	0.092	0.138	0.267	0.273	0.308	0.322	0.394	0.455	0.504	0.509	0.565	0.578	0.628	0.715	0.742	0.535	0.605																											
0	0.024	0.069	0.071	0.194	0.184	0.252	0.216	0.393	0.414	0.46	0.484	0.494	0.528	0.588	0.603	0.702	0.696	0.609	0.644																											
0.004	0.035	0.102	0.172	0.276	0.287	0.318	0.371	0.5	0.462	0.486	0.527	0.509	0.555	0.585	0.63	0.709	0.79	0.681	0.716																											
0.004	0.035	0.102	0.172	0.276	0.287	0.318	0.371	0.5	0.462	0.486	0.527	0.509	0.555	0.585	0.63	0.709	0.79	0.681	0.716																											
0.004	0.035	0.102	0.172	0.276	0.287	0.318	0.371	0.5	0.462	0.486	0.527	0.509	0.555	0.585	0.63	0.709	0.79	0.681	0.716	# Same as 2018 value																										
0.004	0.035	0.102	0.172	0.276	0.287	0.318	0.371	0.5	0.462	0.486	0.527	0.509	0.555	0.585	0.63	0.709	0.79	0.681	0.716																											
#	wt_srv_Males	0.002	0.003	0.004	0.005	0.006	0.007	0.008	0.009	0.01	0.011	0.012	0.013	0.014	0.015	0.016	0.017	0.018	0.019																											
0.007	0.011	0.013	0.026	0.055	0.1	0.153	0.213	0.256	0.259	0.311	0.301	0.314	0.353	0.367	0.33	0.455	0.342	0.366	0.36																											
0.007	0.011	0.013	0.026	0.055	0.1	0.153	0.213	0.256	0.259	0.311	0.301	0.314	0.353	0.367	0.33	0.455	0.342	0.366	0.36																											
0.007	0.011	0.013	0.026	0.055	0.1	0.153	0.213	0.256	0.259	0.311	0.301	0.314	0.353	0.367	0.33	0.455	0.342	0.366	0.36																											
0.007	0.011	0.013	0.026	0.055	0.1	0.153	0.213	0.256	0.259	0.311	0.301	0.314	0.353	0.367	0.33	0.455	0.342	0.366	0.36																											
0.007	0.011	0.013	0.026	0.055	0.1	0.153	0.213	0.256	0.259	0.311	0.301	0.314	0.353	0.367	0.33	0.455	0.342	0.366	0.36																											
0.007	0.011	0.013	0.026	0.055	0.1	0.153	0.213	0.256	0.259	0.311	0.301	0.314	0.353	0.367	0.33	0.455	0.342	0.366	0.36																											
0.002	0.014	0.047	0.078	0.088	0.145	0.176	0.205	0.208	0.282	0.339	0.239	0.273	0.352	0.31	0.582	0.373	0.325	0.36	0.399																											
0.002	0.014	0.047	0.078	0.088	0.145	0.176	0.205	0.208	0.282	0.339	0.239	0.273	0.352	0.31	0.582	0.373	0.325	0.36	0.399																											
0.002	0.015	0.029	0.093	0.132	0.149	0.191	0.219	0.201	0.24	0.208	0.255	0.297	0.306	0.306	0.49	0.373	0.325	0.36	0.399																											
0.002	0.018	0.023	0.053	0.12	0.13	0.198	0.216	0.228	0.284	0.256	0.251	0.292	0.293	0.294	0.447	0.346	0.325	0.36	0.399																											
0.002	0.018	0.034	0.061	0.135	0.206	0.228	0.256	0.252	0.327	0.335	0.327	0.575	0.369	0.298	0.481	0.353	0.325	0.36	0.399																											
0.002	0.018	0.027	0.037	0.092	0.168	0.261	0.252	0.253	0.26	0.299	0.327	0.575	0.369	0.3	0.501	0.357	0.325	0.36	0.399																											
0.002	0.012	0.029	0.065	0.101	0.176	0.257	0.303	0.277	0.26	0.299	0.327	0.575	0.369	0.3	0.501	0.354	0.325	0.36	0.399																											
0.002	0.014	0.022	0.049	0.11	0.172	0.233	0.301	0.337	0.438	0.324	0.278	0.345	0.458	0.302	0.538	0.352	0.342	0.36	0.399																											
0.002	0.012	0.022	0.048	0.097	0.156	0.208	0.293	0.286	0.368	0.313	0.356	0.345	0.341	0.31	0.562	0.365	0.358	0.36	0.372																											
0.002	0.006	0.014	0.033	0.066	0.125	0.203	0.29	0.305	0.292	0.314	0.377	0.336	0.398	0.32	0.542	0.363	0.374	0.36	0.35																											
0.002	0.012	0.011	0.03	0.062	0.105	0.174	0.225	0.243	0.312	0.322	0.425	0.351	0.422	0.34	0.521	0.36	0.391	0.36	0.35																											
0.002	0.008	0.013	0.031	0.053	0.089	0.166	0.202	0.244	0.234	0.323	0.311	0.345	0.318	0.347	0.477	0.376	0.407	0.36	0.35																											
0.002	0.007	0.019	0.035	0.069	0.096	0.149	0.166	0.263	0.309	0.353	0.34	0.471	0.355	0.369	0.432	0.391	0.407	0.36	0.35																											
0.002	0.011	0.02	0.041	0.066	0.093	0.143	0.216	0.216	0.242	0.286	0.317	0.361	0.362	0.383	0.42	0.399	0.407	0.368	0.377																											
0.002	0.011	0.029	0.039	0.069	0.093	0.153	0.175	0.218	0.247	0.281	0.303	0.379	0.306	0.387	0.408	0.406	0.407	0.375	0.399																											
0.002	0.006	0.02	0.045	0.07	0.113	0.152	0.205	0.205	0.232	0.302	0.294	0.245	0.359	0.352	0.391	0.42	0.422	0.383	0.399																											
0.002	0.006	0.018	0.04	0.071	0.112	0.147	0.208	0.215	0.219	0.272	0.263	0.323	0.255	0.362	0.398	0.419	0.437	0.39	0.399																											
0.002	0.006	0.023	0.041	0.072	0.083	0.148	0.174	0.225	0.225	0.232	0.257	0.245	0.325	0.356	0.407	0.417	0.478	0.398	0.399																											
0.002	0.006	0.015	0.031	0.041	0.092	0.142	0.155	0.19	0.2	0.239	0.255	0.229	0.262	0.338	0.404	0.425	0.505	0.398	0.399																											
0.002	0.006	0.015	0.038	0.034	0.068	0.12	0.163	0.205	0.205	0.23	0.26	0.277	0.269	0.318	0.382	0.406	0.52	0.406	0.399																											
0.002	0.018	0.028	0.053	0.066	0.095	0.147	0.194	0.227	0.229	0.221	0.263	0.286	0.257	0.339	0.365	0.396	0.484	0.434	0.399																											
0.002	0.015	0.037	0.067	0.093	0.112	0.173	0.195	0.224	0.219	0.247	0.258	0.256	0.285	0.317	0.349	0.389	0.467	0.415	0.407																											
0.002	0.012	0.035	0.064	0.104	0.107	0.166	0.161	0.218	0.227	0.291	0.266	0.261	0.26	0.294	0.326	0.369	0.415	0.396	0.415																											
0.002	0.024	0.036	0.099	0.195	0.148	0.186	0.244	0.228	0.227	0.272	0.292	0.297	0.278	0.295	0.341	0.346	0.367	0.384	0.392																											
0.002	0.012	0.021	0.054	0.15	0.175	0.226	0.238	0.256	0.306	0.356	0.329	0.398	0.272	0.295	0.34	0.344	0.332	0.363	0.371																											
0.002	0.009	0.018	0.037	0.083	0.149	0.208	0.209	0.23	0.246	0.245	0.3	0.287	0.352	0.285	0.343	0.332	0.348	0.316	0.357																											
0.002	0.005	0.015	0.03	0.063	0.126	0.166	0.246	0.25	0.243	0.253	0.312	0.273	0.325	0.292	0.346	0.322	0.349	0.32	0.355																											
0.002	0.01	0.019	0.029	0.047	0.111	0.146	0.234	0.243	0.234	0.324	0.279	0.36	0.337	0.299	0.394	0.318	0.35	0.32	0.34																											
0.002	0.01	0.015	0.031	0.054	0.091	0.153	0.206	0.232	0.292	0.285	0.368	0.303	0.285	0.305	0.363	0.334	0.36	0.313	0.341																											
0.002	0.01	0.027	0.039	0.065	0.103	0.136	0.187	0.24	0.292	0.253	0.315	0.29	0.306	0.329	0.355	0.348	0.364	0.314	0.344																											
0.002	0.01	0.023	0.056	0.078	0.11	0.163	0.192	0.254	0.223	0.264	0.275	0.36	0.341	0.339	0.363	0.353	0.355	0.331	0.353																											
0.002	0.01	0.016	0.038	0.114	0.148	0.182	0.188	0.267	0.269	0.287	0.303	0.379	0.303	0.347	0.354	0.355	0.34	0.347	0.329																											
0.002	0.008	0.038	0.046	0.088	0.185	0.177	0.195	0.228	0.265	0.272	0.309	0.344	0.306	0.355	0.329	0.374	0.354	0.382	0.326																											
0.002	0.016	0.036	0.074	0.108	0.119	0.176	0.186	0.234	0.247	0.262	0.293	0.278	0.375	0.368	0.332	0.374	0.37	0.383	0.339																											
0.002	0.02	0.036	0.089	0.137	0.158	0.234	0.238	0.257	0.283	0.281	0.312	0.329	0.333	0.355	0.359	0.373	0.383	0.388	0.361																											
0.004	0.022	0.056	0.078	0.175	0.197	0.22	0.262	0.278	0.251	0.303	0.303	0.295	0.305	0.356	0.358	0.373	0.427	0.373	0.392																											
0.005	0.014	0.036	0.091	0.167	0.212	0.208	0.234	0.272	0.292	0.256	0.294	0.303	0.331	0.346	0.368	0.378	0.46	0.395	0.434																											
0.005	0.014	0.036	0.091	0.167	0.212	0.208	0.234	0.272	0.292	0.256	0.294	0.303	0.331	0.346	0.368	0.378	0.46	0.395	0.434																											
0.005	0.014	0.036	0.091	0.167	0.212	0.208	0.234	0.272	0.292	0.256	0.294	0.303	0.331	0.346	0.368	0.378	0.46	0.395	0.434	# Same as 2018 value																										
0.005	0.014	0.036	0.091	0.167	0.212	0.208	0.234	0.272	0.292	0.256	0.294	0.303	0.331	0.346	0.368	0.378	0.46	0.395	0.434																											
#	wt_pop	females	0.002	0.003	0.004	0.005	0.006	0.007	0.008	0.009	0.01	0.011	0.012	0.013	0.014	0.015	0.016	0.017	0.018	19	20																									
0.009	0.015	0.03	0.059	0.112	0.183	0.267	0.363	0.439	0.489	0.577	0.57	0.612	0.667	0.714	0.79	0.862	0.939	0.889	0.815																											
0.009	0.015	0.03	0.059	0.112	0.183	0.267	0.363	0.439	0.489	0.577	0.57	0.612	0.667	0.714	0.79	0.862	0.939	0.889	0.815																											
0.009	0.015	0.03	0.059	0.112	0.183	0.267	0.363	0.439	0.489	0.577	0.57	0.612	0.667	0.714	0.79	0.862	0.939	0.889	0.815																											
0.009	0.015	0.03	0.059	0.112	0.183	0.267	0.363	0.439	0.489	0.577	0.57	0.612	0.667	0.714	0.79	0.862	0.939	0.889	0.815																											
0.009	0.015	0.03	0.059	0.112	0.183	0.267	0.363	0.439	0.489	0.577	0.57	0.612	0.667	0.714	0.79	0.862	0.939	0.889	0.815																											
0.009	0.015	0.03	0.059	0.112	0.183	0.267	0.363	0.439	0.489	0.577	0.57	0.612	0.667	0.714	0.79	0.862	0.939	0.889	0.815																											
0.009	0.015	0.03	0.059	0.112	0.183	0.267	0.363	0.439	0.489	0.577	0.57	0.612	0.667	0.714	0.79	0.862	0.939	0.889	0.815																											
0.009	0.018	0.052	0.077	0.101	0.153	0.212	0.282	0.391	0.421	0.538	0.494	0.643	0.614	0.908	0.969	0.935	0.935	0.948	0.88																											
0.009	0.013	0.032	0.102	0.154	0.2	0.277	0.312	0.431	0.418	0.497	0.466	0.608	0.63	0.817	0.864	0.992	1.08	1.022	0.88																											
0.009	0.014	0.029	0.06	0.133	0.205	0.249	0.331	0.421	0.473	0.588	0.543	0.584	0.799	0.729	0.803	0.963	1.022	0.983	0.88																											
0.009	0.021	0.033	0.068	0.152	0.249	0.33	0.397	0.511	0.503	0.615	0.62	0.539	0.615	0.717	0.757	0.896	1.013	0.993	0.91																											
0.009	0.015	0.029	0.044	0.104	0.188	0.295	0.369	0.43	0.51	0.545	0.515	0.611	0.547	0.72	0.777	0.875	1.015	0.97	0.864																											
0.009	0.015	0.034	0.065	0.115	0.205	0.339	0.494	0.521	0.487	0.614	0.598	0.634	0.746	0.647	0.755	0.866	1.02	0.956	0.864																											
0.009	0.015	0.028	0.048	0.117	0.192	0.311	0.419	0.414	0.508	0.604	0.708	0.615	0.647	0.631	0.731	0.806	0.913	0.881	0.83																											
0.009	0.016	0.025	0.055	0.093	0.175	0.236	0.38	0.495	0.559	0.609	0.564	0.566	0.723	0.661	0.727	0.801	0.908	0.87	0.83																											
0.009	0.009	0.015	0.039	0.082	0.145	0.235	0.335	0.431	0.547	0.612	0.62	0.614	0.685	0.68	0.793	0.838	0.896	0.835	0.794																											
0.009	0.009	0.022	0.031	0.072	0.117	0.184	0.306	0.349	0.462	0.549	0.574	0.705	0.667	0.694	0.802	0.856	0.855	0.798	0.819																											
0.009	0.009	0.018	0.037	0.058	0.095	0.166	0.218	0.332	0.416	0.445	0.544	0.585	0.628	0.716	0.767	0.841	0.826	0.795	0.806																											
0.009	0.009	0.022	0.031	0.082	0.108	0.182	0.228	0.305	0.41	0.534	0.629	0.555	0.645	0.72	0.79	0.854	0.851	0.828	0.826																											
0.009	0.009	0.025	0.047	0.075	0.105	0.174	0.207	0.325	0.43	0.442	0.544	0.555	0.656	0.696	0.788	0.87	0.838	0.803	0.813																											
0.009	0.009	0.025	0.039	0.072	0.112	0.157	0.218	0.268	0.39	0.41	0.465	0.681	0.673	0.666	0.729	0.869	0.803	0.785	0.812																											
0.009	0.007	0.022	0.053	0.072	0.128	0.171	0.245	0.281	0.354	0.448	0.514	0.52	0.621	0.638	0.686	0.856	0.78	0.821	0.813																											
0.009	0.016	0.021	0.045	0.082	0.102	0.173	0.199	0.238	0.344	0.393	0.418	0.468	0.665	0.632	0.66	0.808	0.782	0.824	0.81																											
0.009	0.016	0.023	0.049	0.072	0.115	0.173	0.198	0.226	0.318	0.339	0.393	0.42	0.556	0.604	0.659	0.791	0.758	0.811	0.808																											
0.009	0.016	0.017	0.029	0.045	0.086	0.114	0.178	0.237	0.245	0.32	0.387	0.437	0.489	0.591	0.646	0.745	0.737	0.803	0.838																											
0.009	0.016	0	0.033	0.062	0.094	0.136	0.2	0.245	0.293	0.339	0.406	0.41	0.472	0.56	0.617	0.687	0.735	0.816	0.851																											
0.009	0.016	0.04	0.082	0.08	0.114	0.169	0.23	0.236	0.298	0.336	0.37	0.439	0.462	0.52	0.584	0.641	0.751	0.786	0.851																											
0.002	0.012	0.037	0.075	0.12	0.13	0.185	0.205	0.322	0.325	0.378	0.378	0.44	0.462	0.502	0.575	0.637	0.692	0.723	0.838																											
0.002	0.012	0.037	0.075	0.12	0.13	0.185	0.205	0.322	0.325	0.378	0.378	0.44	0.462	0.503	0.526	0.601	0.66	0.672	0.826																											
0.002	0.033	0.035	0.089	0.175	0.203	0.43	0.268	0.293	0.432	0.418	0.479	0.458	0.457	0.502	0.527	0.565	0.622	0.699	0.761																											
0.002	0.015	0.024	0.055	0.134	0.244	0.23	0.307	0.326	0.381	0.435	0.494	0.432	0.501	0.508	0.522	0.559	0.572	0.64	0.697																											
0.002	0.011	0.022	0.039	0.087	0.156	0.222	0.264	0.346	0.368	0.375	0.492	0.472	0.531	0.515	0.517	0.551	0.527	0.607	0.666																											
0.002	0.007	0.02	0.033	0.062	0.123	0.205	0.237	0.342	0.369	0.458	0.451	0.486	0.525	0.518	0.519	0.56	0.536	0.614	0.654																											
0.004	0.014	0.019	0.039	0.052	0.123	0.157	0.326	0.336	0.477	0.437	0.568	0.499	0.595	0.494	0.528	0.565	0.541	0.618	0.648																											
0.004	0.014	0.016	0.033	0.054	0.101	0.161	0.254	0.313	0.316	0.391	0.432	0.456	0.443	0.501	0.531	0.57	0.557	0.578	0.65																											
0.004	0.014	0.022	0.049	0.072	0.117	0.151	0.232	0.307	0.347	0.453	0.461	0.449	0.534	0.521	0.539	0.567	0.573	0.564	0.655																											
0.004	0.014	0.031	0.087	0.123	0.138	0.174	0.221	0.299	0.359	0.421	0.447	0.485	0.537	0.521	0.578	0.595	0.626	0.519	0.649																											
0.004	0.014	0.028	0.032	0.14	0.147	0.189	0.254	0.304	0.365	0.447	0.519	0.54	0.642	0.53	0.593	0.623	0.651	0.517	0.631																											
0.004	0.009	0.039	0.095	0.112	0.153	0.227	0.224	0.319	0.358	0.409	0.5	0.528	0.539	0.554	0.622	0.629	0.69	0.525	0.606																											
0.004	0.013	0.031	0.066	0.103	0.193	0.169	0.13	0.316	0.33	0.376	0.459	0.536	0.57	0.573	0.617	0.681	0.698	0.483	0.573																											
0.004	0.016	0.033	0.092	0.138	0.267	0.273	0.308	0.322	0.394	0.455	0.504	0.509	0.565	0.578	0.628	0.715	0.742	0.535	0.605																											
0	0.024	0.069	0.071	0.194	0.184	0.252	0.216	0.393	0.414	0.46	0.484	0.494	0.528	0.588	0.603	0.702	0.696	0.609	0.644																											
0.004	0.035	0.102	0.172	0.276	0.287	0.318	0.371	0.5	0.462	0.486	0.527	0.509	0.555	0.585	0.63	0.709	0.79	0.681	0.716																											
0.004	0.035	0.102	0.172	0.276	0.287	0.318	0.371	0.5	0.462	0.486	0.527	0.509	0.555	0.585	0.63	0.709	0.79	0.681	0.716																											
0.004	0.035	0.102	0.172	0.276	0.287	0.318	0.371	0.5	0.462	0.486	0.527	0.509	0.555	0.585	0.63	0.709	0.79	0.681	0.716	# Same as 2018 value																										
0.004	0.035	0.102	0.172	0.276	0.287	0.318	0.371	0.5	0.462	0.486	0.527	0.509	0.555	0.585	0.63	0.709	0.79	0.681	0.716																											
#	wt_pop	males	0.002	0.003	0.004	0.005	0.006	0.007	0.008	0.009	0.01	0.011	0.012	0.013	0.014	0.015	0.016	0.017	0.018	19	20																									
0.007	0.011	0.013	0.026	0.055	0.1	0.153	0.213	0.256	0.259	0.311	0.301	0.314	0.353	0.367	0.33	0.455	0.342	0.366	0.36																											
0.007	0.011	0.013	0.026	0.055	0.1	0.153	0.213	0.256	0.259	0.311	0.301	0.314	0.353	0.367	0.33	0.455	0.342	0.366	0.36																											
0.007	0.011	0.013	0.026	0.055	0.1	0.153	0.213	0.256	0.259	0.311	0.301	0.314	0.353	0.367	0.33	0.455	0.342	0.366	0.36																											
0.007	0.011	0.013	0.026	0.055	0.1	0.153	0.213	0.256	0.259	0.311	0.301	0.314	0.353	0.367	0.33	0.455	0.342	0.366	0.36																											
0.007	0.011	0.013	0.026	0.055	0.1	0.153	0.213	0.256	0.259	0.311	0.301	0.314	0.353	0.367	0.33	0.455	0.342	0.366	0.36																											
0.007	0.011	0.013	0.026	0.055	0.1	0.153	0.213	0.256	0.259	0.311	0.301	0.314	0.353	0.367	0.33	0.455	0.342	0.366	0.36																											
0.002	0.014	0.047	0.078	0.088	0.145	0.176	0.205	0.208	0.282	0.339	0.239	0.273	0.352	0.31	0.582	0.373	0.325	0.36	0.399																											
0.002	0.014	0.047	0.078	0.088	0.145	0.176	0.205	0.208	0.282	0.339	0.239	0.273	0.352	0.31	0.582	0.373	0.325	0.36	0.399																											
0.002	0.015	0.029	0.093	0.132	0.149	0.191	0.219	0.201	0.24	0.208	0.255	0.297	0.306	0.306	0.49	0.373	0.325	0.36	0.399																											
0.002	0.018	0.023	0.053	0.12	0.13	0.198	0.216	0.228	0.284	0.256	0.251	0.292	0.293	0.294	0.447	0.346	0.325	0.36	0.399																											
0.002	0.018	0.034	0.061	0.135	0.206	0.228	0.256	0.252	0.327	0.335	0.327	0.575	0.369	0.298	0.481	0.353	0.325	0.36	0.399																											
0.002	0.018	0.027	0.037	0.092	0.168	0.261	0.252	0.253	0.26	0.299	0.327	0.575	0.369	0.3	0.501	0.357	0.325	0.36	0.399																											
0.002	0.012	0.029	0.065	0.101	0.176	0.257	0.303	0.277	0.26	0.299	0.327	0.575	0.369	0.3	0.501	0.354	0.325	0.36	0.399																											
0.002	0.014	0.022	0.049	0.11	0.172	0.233	0.301	0.337	0.438	0.324	0.278	0.345	0.458	0.302	0.538	0.352	0.342	0.36	0.399																											
0.002	0.012	0.022	0.048	0.097	0.156	0.208	0.293	0.286	0.368	0.313	0.356	0.345	0.341	0.31	0.562	0.365	0.358	0.36	0.372																											
0.002	0.006	0.014	0.033	0.066	0.125	0.203	0.29	0.305	0.292	0.314	0.377	0.336	0.398	0.32	0.542	0.363	0.374	0.36	0.35																											
0.002	0.012	0.011	0.03	0.062	0.105	0.174	0.225	0.243	0.312	0.322	0.425	0.351	0.422	0.34	0.521	0.36	0.391	0.36	0.35																											
0.002	0.008	0.013	0.031	0.053	0.089	0.166	0.202	0.244	0.234	0.323	0.311	0.345	0.318	0.347	0.477	0.376	0.407	0.36	0.35																											
0.002	0.007	0.019	0.035	0.069	0.096	0.149	0.166	0.263	0.309	0.353	0.34	0.471	0.355	0.369	0.432	0.391	0.407	0.36	0.35																											
0.002	0.011	0.02	0.041	0.066	0.093	0.143	0.216	0.216	0.242	0.286	0.317	0.361	0.362	0.383	0.42	0.399	0.407	0.368	0.377																											
0.002	0.011	0.029	0.039	0.069	0.093	0.153	0.175	0.218	0.247	0.281	0.303	0.379	0.306	0.387	0.408	0.406	0.407	0.375	0.399																											
0.002	0.006	0.02	0.045	0.07	0.113	0.152	0.205	0.205	0.232	0.302	0.294	0.245	0.359	0.352	0.391	0.42	0.422	0.383	0.399																											
0.002	0.006	0.018	0.04	0.071	0.112	0.147	0.208	0.215	0.219	0.272	0.263	0.323	0.255	0.362	0.398	0.419	0.437	0.39	0.399																											
0.002	0.006	0.023	0.041	0.072	0.083	0.148	0.174	0.225	0.225	0.232	0.257	0.245	0.325	0.356	0.407	0.417	0.478	0.398	0.399																											
0.002	0.006	0.015	0.031	0.041	0.092	0.142	0.155	0.19	0.2	0.239	0.255	0.229	0.262	0.338	0.404	0.425	0.505	0.398	0.399																											
0.002	0.006	0.015	0.038	0.034	0.068	0.12	0.163	0.205	0.205	0.23	0.26	0.277	0.269	0.318	0.382	0.406	0.52	0.406	0.399																											
0.002	0.018	0.028	0.053	0.066	0.095	0.147	0.194	0.227	0.229	0.221	0.263	0.286	0.257	0.339	0.365	0.396	0.484	0.434	0.399																											
0.002	0.015	0.037	0.067	0.093	0.112	0.173	0.195	0.224	0.219	0.247	0.258	0.256	0.285	0.317	0.349	0.389	0.467	0.415	0.407																											
0.002	0.012	0.035	0.064	0.104	0.107	0.166	0.161	0.218	0.227	0.291	0.266	0.261	0.26	0.294	0.326	0.369	0.415	0.396	0.415																											
0.002	0.024	0.036	0.099	0.195	0.148	0.186	0.244	0.228	0.227	0.272	0.292	0.297	0.278	0.295	0.341	0.346	0.367	0.384	0.392																											
0.002	0.012	0.021	0.054	0.15	0.175	0.226	0.238	0.256	0.306	0.356	0.329	0.398	0.272	0.295	0.34	0.344	0.332	0.363	0.371																											
0.002	0.009	0.018	0.037	0.083	0.149	0.208	0.209	0.23	0.246	0.245	0.3	0.287	0.352	0.285	0.343	0.332	0.348	0.316	0.357																											
0.002	0.005	0.015	0.03	0.063	0.126	0.166	0.246	0.25	0.243	0.253	0.312	0.273	0.325	0.292	0.346	0.322	0.349	0.32	0.355																											
0.002	0.01	0.019	0.029	0.047	0.111	0.146	0.234	0.243	0.234	0.324	0.279	0.36	0.337	0.299	0.394	0.318	0.35	0.32	0.34																											
0.002	0.01	0.015	0.031	0.054	0.091	0.153	0.206	0.232	0.292	0.285	0.368	0.303	0.285	0.305	0.363	0.334	0.36	0.313	0.341																											
0.002	0.01	0.027	0.039	0.065	0.103	0.136	0.187	0.24	0.292	0.253	0.315	0.29	0.306	0.329	0.355	0.348	0.364	0.314	0.344																											
0.002	0.01	0.023	0.056	0.078	0.11	0.163	0.192	0.254	0.223	0.264	0.275	0.36	0.341	0.339	0.363	0.353	0.355	0.331	0.353																											
0.002	0.01	0.016	0.038	0.114	0.148	0.182	0.188	0.267	0.269	0.287	0.303	0.379	0.303	0.347	0.354	0.355	0.34	0.347	0.329																											
0.002	0.008	0.038	0.046	0.088	0.185	0.177	0.195	0.228	0.265	0.272	0.309	0.344	0.306	0.355	0.329	0.374	0.354	0.382	0.326																											
0.002	0.016	0.036	0.074	0.108	0.119	0.176	0.186	0.234	0.247	0.262	0.293	0.278	0.375	0.368	0.332	0.374	0.37	0.383	0.339																											
0.002	0.02	0.036	0.089	0.137	0.158	0.234	0.238	0.257	0.283	0.281	0.312	0.329	0.333	0.355	0.359	0.373	0.383	0.388	0.361																											
0.004	0.022	0.056	0.078	0.175	0.197	0.22	0.262	0.278	0.251	0.303	0.303	0.295	0.305	0.356	0.358	0.373	0.427	0.373	0.392																											
0.005	0.014	0.036	0.091	0.167	0.212	0.208	0.234	0.272	0.292	0.256	0.294	0.303	0.331	0.346	0.368	0.378	0.46	0.395	0.434																											
0.005	0.014	0.036	0.091	0.167	0.212	0.208	0.234	0.272	0.292	0.256	0.294	0.303	0.331	0.346	0.368	0.378	0.46	0.395	0.434																											
0.005	0.014	0.036	0.091	0.167	0.212	0.208	0.234	0.272	0.292	0.256	0.294	0.303	0.331	0.346	0.368	0.378	0.46	0.395	0.434	# Same as 2018 value																										
0.005	0.014	0.036	0.091	0.167	0.212	0.208	0.234	0.272	0.292	0.256	0.294	0.303	0.331	0.346	0.368	0.378	0.46	0.395	0.434																											
#	maturity	(1	nages)																																											
0	0	0	0	0.001	0.008	0.061	0.2	0.505	0.75	0.888	0.929	0.955	0.979	0.983	0.991	0.996	0.997	0.997	0.997																											
0	0	0	0	0.001	0.008	0.061	0.2	0.505	0.75	0.888	0.929	0.955	0.979	0.983	0.991	0.996	0.997	0.997	0.997																											
0	0	0	0	0.001	0.008	0.061	0.2	0.505	0.75	0.888	0.929	0.955	0.979	0.983	0.991	0.996	0.997	0.997	0.997																											
0	0	0	0	0.001	0.008	0.061	0.2	0.505	0.75	0.888	0.929	0.955	0.979	0.983	0.991	0.996	0.997	0.997	0.997																											
0	0	0	0	0.001	0.008	0.061	0.2	0.505	0.75	0.888	0.929	0.955	0.979	0.983	0.991	0.996	0.997	0.997	0.997																											
0	0	0	0	0.001	0.008	0.061	0.2	0.505	0.75	0.888	0.929	0.955	0.979	0.983	0.991	0.996	0.997	0.997	0.997																											
0	0	0	0	0.001	0.008	0.061	0.2	0.505	0.75	0.888	0.929	0.955	0.979	0.983	0.991	0.996	0.997	0.997	0.997																											
0	0	0	0	0.001	0.008	0.061	0.2	0.505	0.75	0.888	0.929	0.955	0.979	0.983	0.991	0.996	0.997	0.997	0.997																											
0	0	0	0	0.001	0.008	0.061	0.2	0.505	0.75	0.888	0.929	0.955	0.979	0.983	0.991	0.996	0.997	0.997	0.997																											
0	0	0	0	0.001	0.008	0.061	0.2	0.505	0.75	0.888	0.929	0.955	0.979	0.983	0.991	0.996	0.997	0.997	0.997																											
0	0	0	0	0.001	0.008	0.061	0.2	0.505	0.75	0.888	0.929	0.955	0.979	0.983	0.991	0.996	0.997	0.997	0.997																											
0	0	0	0	0.001	0.008	0.061	0.2	0.505	0.75	0.888	0.929	0.955	0.979	0.983	0.991	0.996	0.997	0.997	0.997																											
0	0	0	0	0.001	0.008	0.061	0.2	0.505	0.75	0.888	0.929	0.955	0.979	0.983	0.991	0.996	0.997	0.997	0.997																											
0	0	0	0	0.001	0.008	0.061	0.2	0.505	0.75	0.888	0.929	0.955	0.979	0.983	0.991	0.996	0.997	0.997	0.997																											
0	0	0	0	0.001	0.008	0.061	0.2	0.505	0.75	0.888	0.929	0.955	0.979	0.983	0.991	0.996	0.997	0.997	0.997																											
0	0	0	0	0.001	0.008	0.061	0.2	0.505	0.75	0.888	0.929	0.955	0.979	0.983	0.991	0.996	0.997	0.997	0.997																											
0	0	0	0	0.001	0.008	0.061	0.2	0.505	0.75	0.888	0.929	0.955	0.979	0.983	0.991	0.996	0.997	0.997	0.997																											
0	0	0	0	0.001	0.008	0.061	0.2	0.505	0.75	0.888	0.929	0.955	0.979	0.983	0.991	0.996	0.997	0.997	0.997																											
0	0	0	0	0.001	0.008	0.061	0.2	0.505	0.75	0.888	0.929	0.955	0.979	0.983	0.991	0.996	0.997	0.997	0.997																											
0	0	0	0	0.001	0.008	0.061	0.2	0.505	0.75	0.888	0.929	0.955	0.979	0.983	0.991	0.996	0.997	0.997	0.997																											
0	0	0	0	0.001	0.008	0.061	0.2	0.505	0.75	0.888	0.929	0.955	0.979	0.983	0.991	0.996	0.997	0.997	0.997																											
0	0	0	0	0.001	0.008	0.061	0.2	0.505	0.75	0.888	0.929	0.955	0.979	0.983	0.991	0.996	0.997	0.997	0.997																											
0	0	0	0	0.001	0.008	0.061	0.2	0.505	0.75	0.888	0.929	0.955	0.979	0.983	0.991	0.996	0.997	0.997	0.997																											
0	0	0	0	0.001	0.008	0.061	0.2	0.505	0.75	0.888	0.929	0.955	0.979	0.983	0.991	0.996	0.997	0.997	0.997																											
0	0	0	0	0.001	0.008	0.061	0.2	0.505	0.75	0.888	0.929	0.955	0.979	0.983	0.991	0.996	0.997	0.997	0.997																											
0	0	0	0	0.001	0.008	0.061	0.2	0.505	0.75	0.888	0.929	0.955	0.979	0.983	0.991	0.996	0.997	0.997	0.997																											
0	0	0	0	0.001	0.008	0.061	0.2	0.505	0.75	0.888	0.929	0.955	0.979	0.983	0.991	0.996	0.997	0.997	0.997																											
0	0	0	0	0.001	0.008	0.061	0.2	0.505	0.75	0.888	0.929	0.955	0.979	0.983	0.991	0.996	0.997	0.997	0.997																											
0	0	0	0	0.001	0.008	0.061	0.2	0.505	0.75	0.888	0.929	0.955	0.979	0.983	0.991	0.996	0.997	0.997	0.997																											
0	0	0	0	0.001	0.008	0.061	0.2	0.505	0.75	0.888	0.929	0.955	0.979	0.983	0.991	0.996	0.997	0.997	0.997																											
0	0	0	0	0.001	0.008	0.061	0.2	0.505	0.75	0.888	0.929	0.955	0.979	0.983	0.991	0.996	0.997	0.997	0.997																											
0	0	0	0	0.001	0.008	0.061	0.2	0.505	0.75	0.888	0.929	0.955	0.979	0.983	0.991	0.996	0.997	0.997	0.997																											
0	0	0	0	0.001	0.008	0.061	0.2	0.505	0.75	0.888	0.929	0.955	0.979	0.983	0.991	0.996	0.997	0.997	0.997																											
0	0	0	0	0.001	0.008	0.061	0.2	0.505	0.75	0.888	0.929	0.955	0.979	0.983	0.991	0.996	0.997	0.997	0.997																											
0	0	0	0	0.001	0.008	0.061	0.2	0.505	0.75	0.888	0.929	0.955	0.979	0.983	0.991	0.996	0.997	0.997	0.997																											
0	0	0	0	0.001	0.008	0.061	0.2	0.505	0.75	0.888	0.929	0.955	0.979	0.983	0.991	0.996	0.997	0.997	0.997																											
0	0	0	0	0.001	0.008	0.061	0.2	0.505	0.75	0.888	0.929	0.955	0.979	0.983	0.991	0.996	0.997	0.997	0.997																											
0	0	0	0	0.001	0.008	0.061	0.2	0.505	0.75	0.888	0.929	0.955	0.979	0.983	0.991	0.996	0.997	0.997	0.997																											
0	0	0	0	0.001	0.008	0.061	0.2	0.505	0.75	0.888	0.929	0.955	0.979	0.983	0.991	0.996	0.997	0.997	0.997																											
0	0	0	0	0.001	0.008	0.061	0.2	0.505	0.75	0.888	0.929	0.955	0.979	0.983	0.991	0.996	0.997	0.997	0.997																											
0	0	0	0	0.001	0.008	0.061	0.2	0.505	0.75	0.888	0.929	0.955	0.979	0.983	0.991	0.996	0.997	0.997	0.997																											
0	0	0	0	0.001	0.008	0.061	0.2	0.505	0.75	0.888	0.929	0.955	0.979	0.983	0.991	0.996	0.997	0.997	0.997																											
0	0	0	0	0.001	0.008	0.061	0.2	0.505	0.75	0.888	0.929	0.955	0.979	0.983	0.991	0.996	0.997	0.997	0.997																											
0	0	0	0	0.001	0.008	0.061	0.2	0.505	0.75	0.888	0.929	0.955	0.979	0.983	0.991	0.996	0.997	0.997	0.997																											
0	0	0	0	0.001	0.008	0.061	0.2	0.505	0.75	0.888	0.929	0.955	0.979	0.983	0.991	0.996	0.997	0.997	0.997	# Same as 2018 value																										
0	0	0	0	0.001	0.008	0.061	0.2	0.505	0.75	0.888	0.929	0.955	0.979	0.983	0.991	0.996	0.997	0.997	0.997																											
#	old	schedule																																												
#	init_age_comp	Flag	whether	initial	age	comp	independent	or	not	(0	=	NOT)																																		
1																																														
#	Number	of	q	(catchability)	environmental	covariates	(by	number	of	surveys)																																				
0																																														
#	spawnmo																																													
2																																														
#	Survey	1	month																																											
7																																														
#	Sample	size	for	wts	at	age	1982-2010	20-Jan																																						
2	24	40	49	87	77	57	79	39	44	42	53	53	41	19	16	12	4	4	16																											
0	1	3	29	43	94	95	45	60	45	38	61	55	43	51	20	13	10	0	20																											
0	0	11	55	82	79	79	61	53	56	58	38	42	43	53	34	21	12	5	34																											
0	0	5	33	89	125	60	80	67	38	45	41	37	40	44	42	24	20	3	42																											
0	0	2	9	40	86	162	53	66	48	46	34	39	30	35	27	32	11	12	27																											
0	0	1	20	26	173	89	122	45	39	42	31	34	22	24	29	24	23	25	29																											
0	0	2	3	52	7	146	69	51	12	19	15	18	31	19	10	12	12	16	10																											
0	0	1	6	27	121	31	199	89	59	13	16	27	19	28	17	10	8	22	17																											
0	0	2	18	27	62	151	31	187	58	56	12	13	17	9	26	21	13	14	26																											
0	0	1	20	44	19	45	134	15	170	38	57	11	17	12	19	24	18	7	19																											
0	0	1	31	57	54	23	26	91	11	98	14	32	11	14	19	12	18	12	19																											
0	0	3	11	36	58	32	21	21	111	8	93	15	17	8	9	13	16	8	9																											
0	2	6	9	17	45	78	45	32	21	94	1	61	5	25	10	5	8	16	10																											
0	0	3	35	33	26	79	67	22	21	7	85	3	96	13	12	18	11	14	12																											
0	0	5	16	122	36	28	44	43	28	17	21	71	14	89	15	12	16	15	15																											
0	0	10	40	51	84	21	18	37	18	11	16	12	46	6	30	7	11	8	30																											
0	0	7	15	41	49	101	31	27	32	35	33	15	16	21	9	40	20	14	9																											
0	0	2	32	48	55	57	176	33	25	57	42	26	12	16	32	20	41	21	32																											
0	0	1	4	29	23	28	63	92	20	30	25	21	12	15	16	24	24	30	16																											
0	2	1	15	31	80	42	59	64	88	34	11	21	13	11	17	11	21	8	17																											
0	0	11	22	28	45	120	56	55	43	75	32	15	32	19	20	14	15	23	20																											
0	0	6	24	43	42	41	158	35	44	24	36	17	9	20	18	13	11	14	18																											
1	13	24	42	89	81	42	40	112	24	15	20	24	12	5	20	19	12	9	20																											
0	6	27	48	31	71	59	26	47	94	15	12	15	20	10	7	16	11	12	7																											
0	1	20	40	44	28	48	34	18	22	41	9	10	9	8	9	3	8	12	9																											
0	1	13	105	73	79	47	83	39	19	32	57	15	19	16	12	14	18	16	12																											
0	0	4	16	119	102	99	68	75	34	21	35	53	16	11	11	20	11	13	11																											
0	1	7	18	27	144	90	95	48	39	38	18	17	35	13	9	7	10	14	9																											
0	0	9	45	70	66	149	82	80	32	35	21	15	16	23	14	8	14	21	11																											
0	0	9	45	70	66	149	82	80	32	35	21	15	16	23	14	8	14	21	11																											
0	0	9	45	70	66	149	82	80	32	35	21	15	16	23	14	8	14	21	11																											
#	May	SST	anomalies	from	Pribs	1954	-	2010	(same	length	as	model)																																		
0.4	0.413157895	0.083157895	-0.186842105	1.143157895	1.173157895	0.423157895	0.743157895	0.583157895	0.493157895	0.113157895	0.383157895	0.373157895	0.303157895	1.213157895	0.543157895	0.753157895	0.483157895	-0.986842105	-0.586842105	-0.296842105	0.443157895	-0.526842105	-1.146842105	0.573157895	1.143157895	1.213157895	0.973157895	1.573157895	-0.756842105	0.463157895	-0.756842105	-0.966842105	-0.896842105	0.343157895	-0.226842105	-0.076842105	-0.216842105	-0.346842105	-0.616842105	0.703157895	-0.486842105	-0.776842105	0.363157895	0	0	
# EOF check																																														
123456																																														
