#endyr_in
2020
#nages
20
#a_lw_f
0.00618
#b_lw_f
3.1765
#a_lw_m
0.00505
#b_lw_m
3.2243
#nfsh
1
#obs_catch
 12.014 9.964 5.319 7.038 5.874 8.798 9.021 11.843 13.619 37.679 18.75 19.611 40.822 86.366 68.912 35.253 56.0575 52.7227 64.2615 59.6068 55.0291 46.9292 67.8148 33.644 41.0898 49.6679 29.4768 41.8668 36.0861 48.6809 37.3625 36.4559 37.1261 51.2762 48.7158 53.2004 60.5345 75.9451 59.7513 51.6901 45.4676 45.0838 35.2215 28.269 25.8 22.2483
#nyrs_fsh_age_c
 0
#nyrs_fsh_age_s
 41
#yrs_fsh_age_c

#yrs_fsh_age_s
 1979 1980 1981 1982 1983 1984 1985 1986 1987 1988 1989 1990 1991 1992 1993 1994 1995 1996 1997 1998 1999 2000 2001 2002 2003 2004 2005 2006 2007 2008 2009 2010 2011 2012 2013 2014 2015 2016 2017 2018 2019
#oac_fsh_c

#oac_fsh_s
 0 0 0 0.000209215 0.000164187 0.00105274 0.00855397 0.0430108 0.16303 0.165336 0.0530752 0.0546635 0.0552296 0.0440693 0.0226745 0.0156178 0.000257722 0 0.000109669 0 0 0 0 8.34e-005 0.000490169 0.00071514 0.0105632 0.0220274 0.0504313 0.0891616 0.0634365 0.0741637 0.0421945 0.0171758 0 0.00250299 0 0 0 0
 0 0 0.0083923 0.0426667 0.0619307 0.0339029 0.069585 0.0435024 0.0345273 0.108745 0.0818106 0.0306045 0.0370014 0.0252498 0.0207391 0.00746879 0 0 0 0 0 0.00412853 0.0402993 0.0201805 0.0871304 0.0456849 0.0250792 0.0244199 0.0326448 0.0612131 0.0242412 0.0149257 0.0046968 0.00772301 0.00150626 0 0 0 0 0
 0 9.56e-005 0.0247216 0.0443374 0.0170981 0.135341 0.044579 0.0232841 0.0221222 0.0351523 0.103036 0.0432597 0.0373161 0.0124538 0.0230018 0.0108101 0.00200773 0.000948094 0 0 0 0.00248542 0.0436621 0.0666117 0.036742 0.170666 0.0218895 0.0124747 0.01907 0.0310787 0.0132297 0.000801575 0.00057788 0.000216239 0.000654309 0.000208782 6.71e-005 0 0 0
 0 0 0.0228433 0.0232455 0.02486 0.102162 0.120397 0.103473 0.043176 0.0521799 0.036704 0.0310351 0.0305334 0.0175662 0.00289661 0.00559083 0.00364145 0 0.000893811 0 0 0.00266761 0.0139902 0.0321786 0.0267495 0.0297795 0.08528 0.0483209 0.0167171 0.0211927 0.0189697 0.0525051 0.0229909 0.00745944 0 0 0 0 0 0
 0 0 0.000588229 0.00996645 0.0288763 0.0259604 0.0783695 0.102075 0.0809289 0.0778122 0.0435105 0.0550334 0.110537 0.0526074 0.0392626 0.0393162 0.0075649 0.00464746 0.00150149 0 0 0 0.000159053 0.0085962 0.024337 0.0145772 0.028159 0.046841 0.0145069 0.0192653 0.00306176 0.0114916 0.0311677 0.0187086 0.0161173 0.00445347 0 0 0 0
 0 0 0.00118123 0.0120689 0.0220672 0.0250627 0.0428066 0.0503348 0.0871745 0.0688083 0.0395793 0.0437519 0.0728678 0.0449348 0.041574 0.0319648 0.0090742 0 0.0090742 0 0 0.00221028 0.0103237 0.0670165 0.0413492 0.0176607 0.0650918 0.0318807 0.0603858 0.015145 0.0113024 0.0145822 0.00354485 0.0166578 0.0118675 0.0128456 0.00354485 0 0 0.0122657
 0 0.00161257 0.00765731 0.0503106 0.102398 0.0602491 0.0635485 0.0608005 0.0319531 0.0525167 0.0132678 0.00646384 0.00275998 0.0057615 0.0137919 0.0172102 0.00225967 0.00218053 0.00154366 0.00409828 0 0.00735846 0.0284209 0.0918442 0.149259 0.0956978 0.0417413 0.0305614 0.0243179 0.0145571 0.00274121 0.000177466 0.00153442 0.007084 0.000539536 0.00153566 0.00224608 0 0 0
 0 0 0 0.00216573 0.0338487 0.0705868 0.085543 0.0652861 0.0934052 0.0353335 0.0917138 0.0146466 0.0146426 0.0135543 0.00455297 0.0130549 0.0128471 0.000433488 0 0.0123717 0 0 0.00615786 0.0263261 0.0798486 0.151453 0.0731684 0.0406468 0.0303352 0 0.0280773 0 0 0 0 0 0 0 0 0
 0 0 0.0117429 0.0363151 0.0282694 0.074118 0.145732 0.0443389 0.0267349 0.0307078 0.0249669 0.046963 0.0104157 0.00294368 0.00357015 0.00179279 0.00344148 0.00262337 0.000828639 0.00513328 0 0.000453553 0.0206048 0.0348645 0.0855514 0.0818842 0.127711 0.0414543 0.0510153 0.0249067 0 0.0278926 0 0 0 0 0.00302369 0 0 0
 0 0 0.00369231 0.00753921 0.0980767 0.0476505 0.0784407 0.0760005 0.0495462 0.0164351 0.0375632 0.0133538 0.0204531 0.0153377 0 0.00217492 0.0032546 0.0117845 0.00382722 0.00461344 0 0.000727802 0.00343509 0.0234886 0.0834618 0.12815 0.136874 0.0479537 0.038455 0.00226799 0.0147268 0.0133213 0 0.00464416 0 0 0 0.00797763 0.00477258 0
 0 6.74e-005 0.000900255 0.00781905 0.0320034 0.104736 0.0720494 0.0943765 0.0774478 0.0269036 0.0195251 0.0287651 0.0155577 0.0237553 0.0142206 0.00405958 0.00124015 0.00124015 0.0129599 0.00985688 0 0.000145763 0.00228764 0.0206002 0.0735003 0.109794 0.0810777 0.0462145 0.0423843 0.0235376 0.012929 0.00560115 0.00604701 0.0139579 0 0.0121412 0 0 0 0.00229791
 0 0 0.00271205 0.0247631 0.0312153 0.050564 0.0669836 0.105965 0.0506072 0.027975 0.0257767 0.00359777 0.0207874 0.00782112 0.00985425 0.00595594 0.00373396 0 0 0.00599972 0 0 0.00648194 0.0604748 0.0567778 0.137462 0.108774 0.0787842 0.0355074 0.0274438 0.0220183 0.00363704 0.00828412 0.00588432 0.00207944 0 0 0.00207944 0 0
 0 0 0.00389178 0.0190039 0.0125506 0.0194178 0.02342 0.0835602 0.0546366 0.0621456 0.0525464 0.0225517 0.0132746 0.0122757 0.0055364 0.0105467 0.000295804 0.00126835 0.000440628 0.00661304 0 0 0.00824389 0.0256207 0.0149657 0.0604514 0.0829786 0.154994 0.100687 0.0517644 0.0273773 0.0212026 0.0116407 0.00550966 0.0129874 0.00636405 0.00529517 0.0020802 0 0.00386101
 0 0 0 0 0.0113467 0.0172252 0.0274425 0.0643971 0.0759103 0.0223691 0.069391 0.0455036 0.0190627 0.0189944 0.00703125 0.00127457 0.0104522 0.00317641 0.00305735 0.00525321 0 0 0.00117262 0.0059989 0.0407389 0.0372864 0.0589041 0.143365 0.114067 0.0588708 0.0636033 0.0213943 0.00740546 0.0129071 0.00734022 0 0.0250582 0 0 0
 0 0 0.000191393 0.00119848 0.00580836 0.0171574 0.0490742 0.0464917 0.0678907 0.089414 0.02084 0.0416217 0.0336099 0.0199412 0.0131945 0.00324043 0 0 0.00292163 0.00292163 0 0.000168875 0.00198662 0.00444646 0.00820066 0.064668 0.11302 0.0630514 0.175778 0.0611359 0.0387964 0.0128835 0.0160976 0.0141038 0.00665559 0 0 0 0 0.00348918
 0 0 0 0.000113603 0 0.0017924 0.0272155 0.044905 0.0584113 0.072605 0.0632355 0.0209212 0.0325375 0.0266759 0.00935679 0.00801341 0.0028284 0.000833089 0.00516263 0.00321781 0 0 0 0.00203077 0 0.00920701 0.0761423 0.174238 0.0780704 0.0881597 0.113501 0.0202647 0.0281619 0.0116294 0.00825383 0.00714249 0 0 0.00537321 0
 0 0 0 0.00124409 0.0048206 0.00653413 0.00861229 0.0911706 0.0838905 0.0729401 0.0880909 0.0997974 0.0320127 0.0177618 0.0618317 0.00187602 0.00438011 0.0015414 0 0 0 0 0 0.0010817 0.00380235 0.00329652 0.0275104 0.0770279 0.101115 0.0560199 0.0544758 0.0464806 0.022951 0.0265801 0.00158425 0 0 0.0015702 0 0
 0 0 0 0 6.1e-005 0.00404799 0.00296792 0.0240966 0.0832414 0.126572 0.0682683 0.0447842 0.0652933 0.0275654 0.0287515 0.0278799 0.00754735 0.00458888 0.00111759 0.00502915 0 0 0.000262131 0.000467131 0.00205 0.0187078 0.015223 0.0393537 0.11608 0.0795345 0.0545407 0.0204045 0.0212576 0.0175376 0.00572152 0.0435995 0.03382 0.00962828 0 0
 0 0 0 0.00394245 0.00172021 0.00660511 0.046166 0.021658 0.0201258 0.121161 0.0689188 0.0401053 0.0722178 0.0317518 0.0248647 0.0239982 0.0137624 0.00905319 0 0 0 3.61208e-005 0.000500196 0.00500746 0.00511937 0.0105704 0.0538614 0.00643882 0.0744974 0.148755 0.0613702 0.0625155 0.0236541 0.0293054 0.0123185 0 0 0 0 0
 0 0 0 0 0.000404221 0.00215593 0.00900707 0.0200852 0.0155733 0.0287624 0.115414 0.0673366 0.0535379 0.04623 0.0132943 0.00841338 0.0149203 0.00680645 0.000858621 0.00315014 0 0 0 0 0.00315667 0.00190288 0.00549893 0.0341562 0.0336215 0.0827791 0.228998 0.101039 0.0304191 0.0292039 0.0170037 0.00401437 0.0101047 0.0121521 0 0
 0 0 0 0 0.00762444 0.0103979 0.0171583 0.00934154 0.0330866 0.0292881 0.055995 0.238225 0.0880103 0.0570559 0.0479814 0.00963996 0.00451749 0.00600735 0.000994222 0.0077425 0 0 0 0 0.00407855 0.00218994 0.011235 0.00675317 0.0715033 0.0272926 0.0586741 0.129199 0.0349307 0.0102926 0.0178064 0.002978 0 0 0 0
 0 0 0 0 0.0028016 0.00582979 0.00350907 0.0144162 0.0395131 0.0906444 0.0255952 0.0656581 0.183834 0.0740764 0.0328868 0.0248465 0.0206922 0.00237586 0.00709364 0 0 0 0 0 0 0.00234402 0.0103962 0.0120066 0.0288337 0.113522 0.0454004 0.0337542 0.0860428 0.0348374 0.0230881 0.00939491 0.00219822 0.00168503 0.00162313 0.0011005
 0 0 0 0 0.00254955 0.0191673 0.0218705 0.0218923 0.0235753 0.0348696 0.0995653 0.0557413 0.06927 0.130316 0.079011 0.0219259 0.0265666 0.00751362 0.00333481 0.00444566 0 0 0 0 0.00927867 0.00895288 0.0138651 0.0256718 0.0239647 0.0542235 0.102671 0.0355784 0.0350097 0.0428152 0.0191822 0.0059043 0.00126828 0 0 0
 0 0 0 0 0 0.00673543 0.020208 0.019271 0.0520628 0.0235024 0.0490902 0.0907803 0.0396241 0.0496672 0.10301 0.0487587 0.0203235 0.0288612 0.00718687 0.00277151 0 0 0 0.00208509 0.00555371 0.0340092 0.0172138 0.0156466 0.0444586 0.0534309 0.0562523 0.0923949 0.0318505 0.00690971 0.0527337 0.0210865 0.00452126 0 0 0
 0 0 0 0.00456645 0.0119869 0.0066927 0.0243429 0.0138096 0.0208966 0.0453143 0.0214064 0.0730885 0.0916565 0.0378122 0.0538652 0.0646978 0.0472894 0.0145757 0.00745243 0.00903411 0 0 0 0.0107803 0.00414017 0.0292823 0.0319235 0.0361982 0.0390092 0.0403284 0.03066 0.0418553 0.0655992 0.0290255 0.0258356 0.0301093 0.0162452 0.00718473 0.00461231 0.00872302
 0 0 0.000102882 0 0.00137176 0.0203589 0.00949618 0.0200484 0.0286265 0.0103494 0.0589801 0.0356514 0.0546039 0.0989318 0.0361148 0.00989203 0.0863514 0.0342022 0.0193036 0.0235644 0 0 0 0 0.0219836 0.0287936 0.0156773 0.0349907 0.0448007 0.0293302 0.0626338 0.0227674 0.0266496 0.0745695 0.0230401 0.0122476 0.0296768 0.0130726 0.0046635 0.00715347
 0 0 0 0.00427641 0.00994926 0.0132086 0.0224564 0.0103463 0.0309214 0.0358562 0.0277101 0.0397985 0.03389 0.0481268 0.0824458 0.0397153 0.0433512 0.0506222 0.0243639 0.0355045 0 0 0.00429513 0.0175782 0.0384589 0.0255993 0.0421998 0.0189927 0.034274 0.0677263 0.029514 0.0325391 0.0190757 0.0293912 0.0260284 0.0193956 0.00828614 0.0228644 0.00603703 0.00520112
 0 0 0 0 0.0135261 0.0351757 0.0265878 0.0258676 0.0264343 0.0408308 0.033962 0.0303067 0.0338979 0.0219898 0.0335609 0.0862245 0.0319467 0.0199246 0.0473002 0.0448864 0 0 0 0.0077973 0.0329148 0.0311303 0.0254349 0.0367602 0.0334884 0.0201068 0.0159405 0.018616 0.0387067 0.0229723 0.0346962 0.0563463 0.0115446 0.0194403 0.0255537 0.0161284
 0 0 0 0 0.00461514 0.0319124 0.0509754 0.0207718 0.0457091 0.0300192 0.0678651 0.0288239 0.0297545 0.0163925 0.024578 0.0246696 0.0536726 0.0274284 0.0354316 0.10415 0 0 0 0.00219295 0.0489091 0.0616013 0.0457276 0.0471027 0.0392894 0.0225999 0.0218819 0.013179 0.0214707 0.012428 0.00682181 0.0192458 0.00646716 0.00465221 0.00964486 0.0200163
 0 0 0 0.00254438 0.00328758 0.0241433 0.0461077 0.0575415 0.0381076 0.0719285 0.0335698 0.0431453 0.0346646 0.0181855 0.0324452 0.0354558 0.0427599 0.0483071 0.0198888 0.0762425 0 0 0 0 0.0156822 0.0161188 0.0616933 0.0545556 0.0412083 0.0524256 0.00587774 0.0133467 0.0207518 0.0190803 0.0109462 0.0057654 0.0155284 0.0153352 0.00350106 0.0198583
 0 0 0 0 0 0.0134678 0.0626294 0.0798865 0.0865447 0.0397955 0.0525764 0.0359911 0.0381688 0.0238973 0.0219595 0.0184452 0.0137499 0.0162076 0.0438791 0.0309595 0 0 0 0.00195108 0.00493452 0.0336605 0.0755461 0.0771787 0.0738458 0.025547 0.0360509 0.0155426 0.00391261 0.00871987 0.00969799 0.0153969 0.00659064 0.0102854 0.0137161 0.0092648
 0 0 0 0 0 0.0182967 0.0193974 0.0438386 0.0746966 0.0448749 0.0317971 0.0679609 0.0394949 0.0240919 0.0216965 0.0138601 0.0177312 0.0234862 0.0268101 0.0967101 0 0 0 0 0.0143716 0.0208353 0.0675384 0.0801121 0.0904879 0.0586092 0.0244027 0.0200396 0.00319587 0.0219624 0.00101477 0.0031847 0.00606413 0.00317495 0.00865711 0.0116061
 0 0 0 0 0 0.00218866 0.00899318 0.0658079 0.0763396 0.0815507 0.0930838 0.0311299 0.0179593 0.0133253 0.0240685 0.0138611 0.0251693 0.00334249 0.0159221 0.0893305 0 0 0 0 0 0.0301622 0.0314632 0.0742228 0.108755 0.0653051 0.0461235 0.0146859 0.0231762 0.00760265 0.00622811 0.0061392 0.00206038 0.00244167 0 0.0195614
 0 0 0 0 0 0.00204335 0.0339487 0.0428834 0.0591194 0.0839946 0.12909 0.0511244 0.0273471 0.0289142 0.0194603 0.0156864 0.0161131 0.00933419 0.0101765 0.0844918 0 0 0 0 0.0075542 0.0118757 0.0512766 0.0579088 0.0480799 0.0843517 0.071364 0.0127663 0.00949661 0.00549968 0.00652555 0.00355688 0.008531 0.00165541 0.00128165 0.00454851
 0 0 0 0 0 0.00850217 0.0314259 0.0669044 0.0896089 0.0852831 0.100881 0.0478996 0.0308871 0.0186144 0.00558733 0.00651887 0.00924856 0.00670507 0.00345932 0.0230908 0 0 0 0 0 0.000875836 0.0154808 0.126627 0.0646012 0.060901 0.0582949 0.0602042 0.0231268 0.0109947 0.00619487 0.00251026 0.011586 0.00494121 0.00142197 0.0176229
 0 0 0 0 0 0 0 0.0069314 0.0407978 0.0495177 0.0935422 0.10596 0.0876375 0.0326854 0.0037103 0.020378 0.00231143 0.00558353 0.0065569 0.052624 0 0 0 0.0072622 0 0 0 0.0145588 0.111946 0.0842119 0.0421142 0.110467 0.0410414 0.0326292 0.0053719 0.0114816 0.00442166 0.0109834 0.0053719 0.00990293
 0 0 0 0 0 0 0.00322748 0 0.0201301 0.074059 0.0471345 0.0729992 0.0909283 0.0742929 0.0345602 0.00615809 0.00683573 0.00439392 0.00850349 0.0230862 0 0 0 0 0 0.00621989 0.0136802 0.00984401 0.0212052 0.160066 0.0866254 0.0792098 0.0677748 0.0458944 0.0105174 0.0121106 0.00220859 0.00284462 0.00688638 0.00860331
 0 8.52e-005 0.00111637 0.00295828 0.00212196 0.00830385 0.00492015 0 0.00251538 0.0258598 0.103176 0.093661 0.0906992 0.0967025 0.0582983 0.0194127 0.00265717 0.0110956 0.00406645 0.0263255 0 0 0.00661212 0.00902683 0.0170501 0.0267106 0.00825443 0.00733281 0.012687 0.035996 0.0934907 0.0863119 0.049382 0.027081 0.0373648 0.00729178 0.0027214 0.00688718 0.00221626 0.00960792
 0 0 0 0.00301258 0.00895511 0.00933809 0.00237349 0 0.00620094 0.0016724 0.0196087 0.138407 0.08863 0.0808274 0.0917003 0.0602884 0.0203689 0.00715664 0.00174856 0.0228512 0 0 0.00147482 0.0035027 0.00352114 0.0393088 0.00407683 0.0217805 0.0155544 0.0109207 0.0336675 0.0780778 0.0715744 0.0722696 0.0242059 0.0321593 0.0176497 0 0.00103237 0.00608415
 0 0 0.000235998 0.00341611 0.00703944 0.0145464 0.0176924 0.0178738 0.00503087 0.00977633 0.010126 0.0411825 0.128018 0.106919 0.0659945 0.0643877 0.0401121 0.0334043 0.00506442 0.0231721 0 0 0.000973841 0.00988356 0.00820666 0.0170111 0.0148868 0.0145015 0.0072769 0.00759049 0.00837021 0.0320822 0.0928012 0.0702051 0.0493405 0.0352018 0.019654 0.0105437 0.00052068 0.00695804
 0 0.00012581 0.00378927 0.0116223 0.0145202 0.00780557 0.0157155 0.0132308 0.0123117 0.00762798 0.0169432 0.0147602 0.0410984 0.128748 0.100433 0.0673421 0.0956841 0.0295104 0.00992745 0.0218011 0 0.000690657 0.0102222 0.0281997 0.0327557 0.0185938 0.027357 0.0226261 0.0135153 0.00690386 0.0148922 0.015248 0.0278339 0.0638032 0.039352 0.0323541 0.0122878 0.0101183 0.00647985 0.00376935
#wt_fsh_in
 0.009 0.015 0.03 0.059 0.112 0.183 0.267 0.363 0.439 0.489 0.577 0.57 0.612 0.667 0.714 0.79 0.862 0.939 0.889 0.815 0.007 0.011 0.013 0.026 0.055 0.1 0.153 0.213 0.256 0.259 0.311 0.301 0.314 0.353 0.367 0.33 0.455 0.342 0.366 0.36
 0.009 0.015 0.03 0.059 0.112 0.183 0.267 0.363 0.439 0.489 0.577 0.57 0.612 0.667 0.714 0.79 0.862 0.939 0.889 0.815 0.007 0.011 0.013 0.026 0.055 0.1 0.153 0.213 0.256 0.259 0.311 0.301 0.314 0.353 0.367 0.33 0.455 0.342 0.366 0.36
 0.009 0.015 0.03 0.059 0.112 0.183 0.267 0.363 0.439 0.489 0.577 0.57 0.612 0.667 0.714 0.79 0.862 0.939 0.889 0.815 0.007 0.011 0.013 0.026 0.055 0.1 0.153 0.213 0.256 0.259 0.311 0.301 0.314 0.353 0.367 0.33 0.455 0.342 0.366 0.36
 0.009 0.015 0.03 0.059 0.112 0.183 0.267 0.363 0.439 0.489 0.577 0.57 0.612 0.667 0.714 0.79 0.862 0.939 0.889 0.815 0.007 0.011 0.013 0.026 0.055 0.1 0.153 0.213 0.256 0.259 0.311 0.301 0.314 0.353 0.367 0.33 0.455 0.342 0.366 0.36
 0.009 0.015 0.03 0.059 0.112 0.183 0.267 0.363 0.439 0.489 0.577 0.57 0.612 0.667 0.714 0.79 0.862 0.939 0.889 0.815 0.007 0.011 0.013 0.026 0.055 0.1 0.153 0.213 0.256 0.259 0.311 0.301 0.314 0.353 0.367 0.33 0.455 0.342 0.366 0.36
 0.009 0.015 0.03 0.059 0.112 0.183 0.267 0.363 0.439 0.489 0.577 0.57 0.612 0.667 0.714 0.79 0.862 0.939 0.889 0.815 0.007 0.011 0.013 0.026 0.055 0.1 0.153 0.213 0.256 0.259 0.311 0.301 0.314 0.353 0.367 0.33 0.455 0.342 0.366 0.36
 0.009 0.015 0.03 0.059 0.112 0.183 0.267 0.363 0.439 0.489 0.577 0.57 0.612 0.667 0.714 0.79 0.862 0.939 0.889 0.815 0.007 0.011 0.013 0.026 0.055 0.1 0.153 0.213 0.256 0.259 0.311 0.301 0.314 0.353 0.367 0.33 0.455 0.342 0.366 0.36
 0.009 0.015 0.03 0.059 0.112 0.183 0.267 0.363 0.439 0.489 0.577 0.57 0.612 0.667 0.714 0.79 0.862 0.939 0.889 0.815 0.007 0.011 0.013 0.026 0.055 0.1 0.153 0.213 0.256 0.259 0.311 0.301 0.314 0.353 0.367 0.33 0.455 0.342 0.366 0.36
 0.009 0.015 0.03 0.059 0.112 0.183 0.267 0.363 0.439 0.489 0.577 0.57 0.612 0.667 0.714 0.79 0.862 0.939 0.889 0.815 0.007 0.011 0.013 0.026 0.055 0.1 0.153 0.213 0.256 0.259 0.311 0.301 0.314 0.353 0.367 0.33 0.455 0.342 0.366 0.36
 0.009 0.015 0.03 0.059 0.112 0.183 0.267 0.363 0.439 0.489 0.577 0.57 0.612 0.667 0.714 0.79 0.862 0.939 0.889 0.815 0.007 0.011 0.013 0.026 0.055 0.1 0.153 0.213 0.256 0.259 0.311 0.301 0.314 0.353 0.367 0.33 0.455 0.342 0.366 0.36
 0.009 0.015 0.03 0.059 0.112 0.183 0.267 0.363 0.439 0.489 0.577 0.57 0.612 0.667 0.714 0.79 0.862 0.939 0.889 0.815 0.007 0.011 0.013 0.026 0.055 0.1 0.153 0.213 0.256 0.259 0.311 0.301 0.314 0.353 0.367 0.33 0.455 0.342 0.366 0.36
 0.009 0.015 0.03 0.059 0.112 0.183 0.267 0.363 0.439 0.489 0.577 0.57 0.612 0.667 0.714 0.79 0.862 0.939 0.889 0.815 0.007 0.011 0.013 0.026 0.055 0.1 0.153 0.213 0.256 0.259 0.311 0.301 0.314 0.353 0.367 0.33 0.455 0.342 0.366 0.36
 0.009 0.015 0.03 0.059 0.112 0.183 0.267 0.363 0.439 0.489 0.577 0.57 0.612 0.667 0.714 0.79 0.862 0.939 0.889 0.815 0.007 0.011 0.013 0.026 0.055 0.1 0.153 0.213 0.256 0.259 0.311 0.301 0.314 0.353 0.367 0.33 0.455 0.342 0.366 0.36
 0.009 0.015 0.03 0.059 0.112 0.183 0.267 0.363 0.439 0.489 0.577 0.57 0.612 0.667 0.714 0.79 0.862 0.939 0.889 0.815 0.007 0.011 0.013 0.026 0.055 0.1 0.153 0.213 0.256 0.259 0.311 0.301 0.314 0.353 0.367 0.33 0.455 0.342 0.366 0.36
 0.009 0.015 0.03 0.059 0.112 0.183 0.267 0.363 0.439 0.489 0.577 0.57 0.612 0.667 0.714 0.79 0.862 0.939 0.889 0.815 0.007 0.011 0.013 0.026 0.055 0.1 0.153 0.213 0.256 0.259 0.311 0.301 0.314 0.353 0.367 0.33 0.455 0.342 0.366 0.36
 0.009 0.015 0.03 0.059 0.112 0.183 0.267 0.363 0.439 0.489 0.577 0.57 0.612 0.667 0.714 0.79 0.862 0.939 0.889 0.815 0.007 0.011 0.013 0.026 0.055 0.1 0.153 0.213 0.256 0.259 0.311 0.301 0.314 0.353 0.367 0.33 0.455 0.342 0.366 0.36
 0.009 0.015 0.03 0.059 0.112 0.183 0.267 0.363 0.439 0.489 0.577 0.57 0.612 0.667 0.714 0.79 0.862 0.939 0.889 0.815 0.007 0.011 0.013 0.026 0.055 0.1 0.153 0.213 0.256 0.259 0.311 0.301 0.314 0.353 0.367 0.33 0.455 0.342 0.366 0.36
 0.009 0.014 0.029 0.056 0.101 0.159 0.233 0.312 0.386 0.441 0.517 0.531 0.573 0.634 0.666 0.73 0.81 0.862 0.844 0.817 0.007 0.011 0.016 0.032 0.059 0.099 0.152 0.203 0.244 0.25 0.299 0.295 0.311 0.336 0.355 0.339 0.435 0.379 0.384 0.386
 0.009 0.012 0.027 0.053 0.09 0.134 0.199 0.261 0.332 0.393 0.457 0.491 0.535 0.6 0.619 0.67 0.758 0.785 0.799 0.819 0.007 0.011 0.02 0.038 0.063 0.097 0.151 0.194 0.233 0.241 0.286 0.289 0.309 0.318 0.343 0.348 0.414 0.416 0.402 0.412
 0.009 0.011 0.026 0.05 0.078 0.11 0.165 0.211 0.278 0.346 0.397 0.452 0.496 0.566 0.571 0.61 0.707 0.709 0.753 0.821 0.007 0.01 0.023 0.044 0.067 0.096 0.151 0.185 0.221 0.232 0.273 0.282 0.307 0.301 0.33 0.357 0.393 0.453 0.42 0.438
 0.009 0.011 0.026 0.05 0.078 0.11 0.165 0.211 0.278 0.346 0.397 0.452 0.496 0.566 0.571 0.61 0.707 0.709 0.753 0.821 0.007 0.01 0.023 0.044 0.067 0.096 0.151 0.185 0.221 0.232 0.273 0.282 0.307 0.301 0.33 0.357 0.393 0.453 0.42 0.438
 0.009 0.011 0.026 0.05 0.078 0.11 0.165 0.211 0.278 0.346 0.397 0.452 0.496 0.566 0.571 0.61 0.707 0.709 0.753 0.821 0.007 0.01 0.023 0.044 0.067 0.096 0.151 0.185 0.221 0.232 0.273 0.282 0.307 0.301 0.33 0.357 0.393 0.453 0.42 0.438
 0.009 0.011 0.026 0.05 0.078 0.11 0.165 0.211 0.278 0.346 0.397 0.452 0.496 0.566 0.571 0.61 0.707 0.709 0.753 0.821 0.007 0.01 0.023 0.044 0.067 0.096 0.151 0.185 0.221 0.232 0.273 0.282 0.307 0.301 0.33 0.357 0.393 0.453 0.42 0.438
 0.009 0.011 0.026 0.05 0.078 0.11 0.165 0.211 0.278 0.346 0.397 0.452 0.496 0.566 0.571 0.61 0.707 0.709 0.753 0.821 0.007 0.01 0.023 0.044 0.067 0.096 0.151 0.185 0.221 0.232 0.273 0.282 0.307 0.301 0.33 0.357 0.393 0.453 0.42 0.438
 0.009 0.011 0.026 0.05 0.078 0.11 0.165 0.211 0.278 0.346 0.397 0.452 0.496 0.566 0.571 0.61 0.707 0.709 0.753 0.821 0.007 0.01 0.023 0.044 0.067 0.096 0.151 0.185 0.221 0.232 0.273 0.282 0.307 0.301 0.33 0.357 0.393 0.453 0.42 0.438
 0.009 0.011 0.026 0.05 0.078 0.11 0.165 0.211 0.278 0.346 0.397 0.452 0.496 0.566 0.571 0.61 0.707 0.709 0.753 0.821 0.007 0.01 0.023 0.044 0.067 0.096 0.151 0.185 0.221 0.232 0.273 0.282 0.307 0.301 0.33 0.357 0.393 0.453 0.42 0.438
 0.009 0.011 0.026 0.05 0.078 0.11 0.165 0.211 0.278 0.346 0.397 0.452 0.496 0.566 0.571 0.61 0.707 0.709 0.753 0.821 0.007 0.01 0.023 0.044 0.067 0.096 0.151 0.185 0.221 0.232 0.273 0.282 0.307 0.301 0.33 0.357 0.393 0.453 0.42 0.438
 0.009 0.011 0.026 0.05 0.078 0.11 0.165 0.211 0.278 0.346 0.397 0.452 0.496 0.566 0.571 0.61 0.707 0.709 0.753 0.821 0.007 0.01 0.023 0.044 0.067 0.096 0.151 0.185 0.221 0.232 0.273 0.282 0.307 0.301 0.33 0.357 0.393 0.453 0.42 0.438
 0.009 0.011 0.026 0.05 0.078 0.11 0.165 0.211 0.278 0.346 0.397 0.452 0.496 0.566 0.571 0.61 0.707 0.709 0.753 0.821 0.007 0.01 0.023 0.044 0.067 0.096 0.151 0.185 0.221 0.232 0.273 0.282 0.307 0.301 0.33 0.357 0.393 0.453 0.42 0.438
 0.009 0.013 0.026 0.051 0.09 0.134 0.201 0.23 0.294 0.359 0.405 0.461 0.485 0.545 0.552 0.581 0.659 0.651 0.711 0.758 0.007 0.011 0.023 0.047 0.086 0.114 0.166 0.201 0.228 0.243 0.276 0.291 0.309 0.303 0.319 0.358 0.369 0.418 0.387 0.403
 0.009 0.015 0.026 0.053 0.102 0.158 0.236 0.249 0.311 0.373 0.413 0.47 0.473 0.524 0.533 0.552 0.611 0.594 0.668 0.695 0.007 0.012 0.023 0.051 0.104 0.132 0.181 0.218 0.234 0.254 0.279 0.3 0.311 0.305 0.308 0.359 0.345 0.383 0.354 0.369
 0.009 0.017 0.025 0.054 0.114 0.181 0.272 0.269 0.327 0.387 0.421 0.479 0.462 0.504 0.514 0.523 0.562 0.537 0.626 0.632 0.007 0.013 0.023 0.055 0.123 0.149 0.196 0.234 0.241 0.265 0.282 0.308 0.314 0.307 0.297 0.36 0.321 0.348 0.321 0.335
 0.009 0.017 0.025 0.054 0.114 0.181 0.272 0.269 0.327 0.387 0.421 0.479 0.462 0.504 0.514 0.523 0.562 0.537 0.626 0.632 0.007 0.013 0.023 0.055 0.123 0.149 0.196 0.234 0.241 0.265 0.282 0.308 0.314 0.307 0.297 0.36 0.321 0.348 0.321 0.335
 0.009 0.017 0.025 0.054 0.114 0.181 0.272 0.269 0.327 0.387 0.421 0.479 0.462 0.504 0.514 0.523 0.562 0.537 0.626 0.632 0.007 0.013 0.023 0.055 0.123 0.149 0.196 0.234 0.241 0.265 0.282 0.308 0.314 0.307 0.297 0.36 0.321 0.348 0.321 0.335
 0.009 0.017 0.025 0.054 0.114 0.181 0.272 0.269 0.327 0.387 0.421 0.479 0.462 0.504 0.514 0.523 0.562 0.537 0.626 0.632 0.007 0.013 0.023 0.055 0.123 0.149 0.196 0.234 0.241 0.265 0.282 0.308 0.314 0.307 0.297 0.36 0.321 0.348 0.321 0.335
 0.009 0.017 0.025 0.054 0.114 0.181 0.272 0.269 0.327 0.387 0.421 0.479 0.462 0.504 0.514 0.523 0.562 0.537 0.626 0.632 0.007 0.013 0.023 0.055 0.123 0.149 0.196 0.234 0.241 0.265 0.282 0.308 0.314 0.307 0.297 0.36 0.321 0.348 0.321 0.335
 0.009 0.017 0.025 0.054 0.114 0.181 0.272 0.269 0.327 0.387 0.421 0.479 0.462 0.504 0.514 0.523 0.562 0.537 0.626 0.632 0.007 0.013 0.023 0.055 0.123 0.149 0.196 0.234 0.241 0.265 0.282 0.308 0.314 0.307 0.297 0.36 0.321 0.348 0.321 0.335
 0.009 0.017 0.025 0.054 0.114 0.181 0.272 0.269 0.327 0.387 0.421 0.479 0.462 0.504 0.514 0.523 0.562 0.537 0.626 0.632 0.007 0.013 0.023 0.055 0.123 0.149 0.196 0.234 0.241 0.265 0.282 0.308 0.314 0.307 0.297 0.36 0.321 0.348 0.321 0.335
 0.009 0.017 0.025 0.054 0.114 0.181 0.272 0.269 0.327 0.387 0.421 0.479 0.462 0.504 0.514 0.523 0.562 0.537 0.626 0.632 0.007 0.013 0.023 0.055 0.123 0.149 0.196 0.234 0.241 0.265 0.282 0.308 0.314 0.307 0.297 0.36 0.321 0.348 0.321 0.335
 0.009 0.017 0.025 0.054 0.114 0.181 0.272 0.269 0.327 0.387 0.421 0.479 0.462 0.504 0.514 0.523 0.562 0.537 0.626 0.632 0.007 0.013 0.023 0.055 0.123 0.149 0.196 0.234 0.241 0.265 0.282 0.308 0.314 0.307 0.297 0.36 0.321 0.348 0.321 0.335
 0.009 0.017 0.025 0.054 0.114 0.181 0.272 0.269 0.327 0.387 0.421 0.479 0.462 0.504 0.514 0.523 0.562 0.537 0.626 0.632 0.007 0.013 0.023 0.055 0.123 0.149 0.196 0.234 0.241 0.265 0.282 0.308 0.314 0.307 0.297 0.36 0.321 0.348 0.321 0.335
 0.009 0.017 0.025 0.054 0.114 0.181 0.272 0.269 0.327 0.387 0.421 0.479 0.462 0.504 0.514 0.523 0.562 0.537 0.626 0.632 0.007 0.013 0.023 0.055 0.123 0.149 0.196 0.234 0.241 0.265 0.282 0.308 0.314 0.307 0.297 0.36 0.321 0.348 0.321 0.335
 0.009 0.017 0.025 0.054 0.114 0.181 0.272 0.269 0.327 0.387 0.421 0.479 0.462 0.504 0.514 0.523 0.562 0.537 0.626 0.632 0.007 0.013 0.023 0.055 0.123 0.149 0.196 0.234 0.241 0.265 0.282 0.308 0.314 0.307 0.297 0.36 0.321 0.348 0.321 0.335
 0.009 0.017 0.025 0.054 0.114 0.181 0.272 0.269 0.327 0.387 0.421 0.479 0.462 0.504 0.514 0.523 0.562 0.537 0.626 0.632 0.007 0.013 0.023 0.055 0.123 0.149 0.196 0.234 0.241 0.265 0.282 0.308 0.314 0.307 0.297 0.36 0.321 0.348 0.321 0.335
 0.009 0.017 0.025 0.054 0.114 0.181 0.272 0.269 0.327 0.387 0.421 0.479 0.462 0.504 0.514 0.523 0.562 0.537 0.626 0.632 0.007 0.013 0.023 0.055 0.123 0.149 0.196 0.234 0.241 0.265 0.282 0.308 0.314 0.307 0.297 0.36 0.321 0.348 0.321 0.335
 0.009 0.017 0.025 0.054 0.114 0.181 0.272 0.269 0.327 0.387 0.421 0.479 0.462 0.504 0.514 0.523 0.562 0.537 0.626 0.632 0.007 0.013 0.023 0.055 0.123 0.149 0.196 0.234 0.241 0.265 0.282 0.308 0.314 0.307 0.297 0.36 0.321 0.348 0.321 0.335
#nsmpl_fsh_c

#nsmpl_fsh_s
 200 200 200 200 200 200 200 200 200 200 200 200 200 200 200 200 200 200 200 200 200 200 200 200 200 200 200 200 200 200 200 200 200 200 200 200 200 200 200 200 200
#nsrv
1
#nyrs_srv
 38
#yrs_srv
 1982 1983 1984 1985 1986 1987 1988 1989 1990 1991 1992 1993 1994 1995 1996 1997 1998 1999 2000 2001 2002 2003 2004 2005 2006 2007 2008 2009 2010 2011 2012 2013 2014 2015 2016 2017 2018 2019
#mo_srv
 7
#obs_srv
 578.714 714.093 799.423 693.064 1021.23 1269.58 1478.97 1323.3 1382.91 1585.26 1548.69 1994.68 2723.8 2179.97 2062.35 2605.53 2168.83 1619.9 2073.3 2336.76 1879.62 2109.1 2193.97 2114.33 2216.31 2036.43 2032.94 1541.09 2065.75 1977.9 1920.82 1753.21 1858.06 1414.17 1461.85 1340.06 1051.13 974.646
#obs_se_srv
 74.082 81.8512 81.8245 58.7741 83.7444 91.2209 101.508 91.0846 89.0197 95.9681 112.279 122.047 223.254 130.54 121.954 190.305 123.517 162.031 317.086 259.013 171.433 196.191 183.57 150.249 149.969 278.952 300.655 159.02 203.358 164.582 185.893 136.589 129.333 130.458 130.97 100.071 114.63 91.6383
#nyrs_srv_age_c
 0
#nyrs_srv_age_s
 41
#yrs_srv_age_c

#yrs_srv_age_s
 1979 1980 1981 1982 1983 1984 1985 1986 1987 1988 1989 1990 1991 1992 1993 1994 1995 1996 1997 1998 1999 2000 2001 2002 2003 2004 2005 2006 2007 2008 2009 2010 2011 2012 2013 2014 2015 2016 2017 2018 2019
#nsmpl_srv_c

#nsmpl_srv_s
 200 200 200 200 200 200 200 200 200 200 200 200 200 200 200 200 200 200 200 200 200 200 200 200 200 200 200 200 200 200 200 200 200 200 200 200 200 200 200 200 200
#oac_srv_c

#oac_srv_s
 0 0 0.0136616 0.0516972 0.0368 0.0828869 0.034087 0.0294129 0.0581352 0.0429907 0.0128967 0.0155924 0.0168259 0.0132449 0.00832478 0.00405219 0.000167022 0 0.000133788 0 0 0 0.0251897 0.0902536 0.0742152 0.100657 0.0619607 0.0452871 0.0755302 0.054815 0.0203411 0.018297 0.00410428 0.00817312 0 0.000266648 0 0 0 0
 0 0 0.0467893 0.0681502 0.0836813 0.0467646 0.0438567 0.023393 0.0197666 0.0668525 0.0496389 0.0191993 0.0147037 0.0092504 0.00724254 0.00341622 0 0 0 0 0 0.0147965 0.0815959 0.0343737 0.124348 0.0565548 0.0293991 0.0240078 0.0345528 0.0571921 0.0197381 0.0109692 0.00283703 0.00637409 0.000555428 0 0 0 0 0
 7.72e-005 0.0293619 0.0466587 0.104354 0.025706 0.115279 0.0277252 0.0147906 0.0121274 0.0183811 0.0381664 0.0161466 0.0133329 0.00518105 0.00816049 0.00380389 0.000950219 0.000629711 0 0 0 0.0613187 0.0524504 0.0878812 0.0395879 0.155023 0.0209604 0.0117543 0.0230272 0.035565 0.0174147 0.0050562 0.00289932 0.00140226 0.00355883 0.00096807 0.000299842 0 0 0
 0 0.00319599 0.0428687 0.052885 0.0464256 0.123799 0.0892023 0.0506223 0.0157011 0.0189061 0.0128873 0.0116409 0.0116404 0.00594667 0.00199253 0.00276598 0.00245098 0 0.000467199 0 0 0.018515 0.0341352 0.113711 0.123821 0.045311 0.0840082 0.0298458 0.0116932 0.00571976 0.00530206 0.0238841 0.00850343 0.00215254 0 0 0 0 0 0
 0 0.00109403 0.0785545 0.0658477 0.0791593 0.0401543 0.0528592 0.0535295 0.0239347 0.0235276 0.0104454 0.0135827 0.0209222 0.0100773 0.0061531 0.00652124 0.00138337 0.000589074 0.000241622 0 0 0.0171464 0.0949325 0.0924902 0.100009 0.0489834 0.0378482 0.0491426 0.0230094 0.0160375 0.00529977 0.00763801 0.00860836 0.00509091 0.00454015 0.000646745 0 0 0 0
 0 0.0107706 0.0587272 0.0910345 0.0693067 0.0479454 0.0509053 0.0355007 0.0321908 0.0231048 0.00634141 0.00907413 0.0136109 0.00374737 0.00509383 0.00349449 0.000565488 0 0.000565488 0 0 0.0167818 0.0545217 0.167357 0.0847851 0.0357652 0.0821155 0.0228005 0.0412127 0.00577228 0.00570374 0.00429486 0.00138808 0.0052272 0.0064848 0.00173852 0.00138808 0 0 0.000683586
 0.00122072 0.0190875 0.0369844 0.119269 0.119707 0.0499264 0.0444586 0.0370132 0.0169251 0.0283859 0.00656959 0.00348514 0.00148658 0.00285746 0.006336 0.00841795 0.00121232 0.000567717 0.000548644 0.00214132 0.0011667 0.0198555 0.0605755 0.139068 0.129442 0.0665034 0.0277875 0.0184593 0.0149557 0.00733474 0.00141105 0 0.000114599 0.000846833 0.00383521 0.000123391 0.000707179 0.00121198 0 0
 0 0 0.0277133 0.0704668 0.116181 0.0936117 0.0512634 0.0259567 0.0306024 0.00985607 0.0214332 0.00390189 0.00369992 0.0033936 0.000976296 0.00354219 0.00314743 0.000127736 0 0.00226598 0 0 0.0527348 0.131627 0.125688 0.120565 0.0432117 0.0243789 0.0185863 0 0.015068 0 0 0 0 0 0 0 0 0
 0 0 0.033862 0.095043 0.0629707 0.0812655 0.0984167 0.0231807 0.0154412 0.0166396 0.012644 0.0237504 0.00521921 0.00146135 0.00178738 0.000641682 0.0016269 0.000753095 0.000422631 0.00305454 0 0.00294665 0.091663 0.083132 0.127094 0.0678202 0.072444 0.0218625 0.028666 0.0121541 0 0.0125065 0 0 0 0 0.00153058 0 0 0
 0 0.0131132 0.0787759 0.0717305 0.145785 0.0401841 0.0491823 0.0425154 0.0249098 0.00784824 0.015586 0.00541218 0.00871116 0.00634269 0 0.000814537 0.0013637 0.0051046 0.00158103 0.00175067 0 0.0229942 0.0560509 0.118051 0.0947476 0.0779156 0.0625409 0.0189114 0.0127042 0.00052246 0.00487774 0.0055744 0 0.000983614 0 0 0 0.00209897 0.00131576 0
 0 0.00859967 0.057668 0.0662133 0.0703737 0.0974589 0.0517212 0.050819 0.0366748 0.0115206 0.00790844 0.0112665 0.00664443 0.00687577 0.00394861 0.00144398 0.000313224 0.000313224 0.00242512 0.00166538 0 0.00838358 0.0639045 0.08207 0.101078 0.0998225 0.0617499 0.0337699 0.0259891 0.0078668 0.0061259 0.00274114 0.00357103 0.00511923 0 0.00215762 0 0 0 0.00179687
 0 0.00123885 0.0413777 0.129558 0.0944182 0.0546783 0.0542884 0.029403 0.0315862 0.0176322 0.00965845 0.00463727 0.00445903 0.00104219 0.00245408 0.000123843 0 0.000869915 0 0.0024548 0 0.000859708 0.0671423 0.178067 0.0933118 0.0487831 0.0721866 0.00814839 0.0197869 0.0173391 0.00499005 0.00179111 0.00287119 0.000952629 0.00207681 0 0 0 0 0.00181305
 0 0 0.00528996 0.120369 0.097908 0.0797082 0.0445843 0.0470566 0.0293043 0.0201839 0.0146391 0.0126729 0.00473006 0.00506634 0.00292311 0.00147898 0 0.000382222 0.000528525 0.00284455 0 0.0012014 0.00490607 0.162168 0.12715 0.0602561 0.0560061 0.0393136 0.0177336 0.0224169 0.0118274 0.00114452 0.0040465 0.00127604 0.00088443 0 0 0 0 0
 0 0 0.019214 0.0381336 0.124338 0.116198 0.0503594 0.0448527 0.0269875 0.0226034 0.0223832 0.0129746 0.00781348 0.00521481 0.00356695 0.00176267 0.00102118 0 0.00113719 0.00053549 0 0.000779344 0.0110191 0.0358577 0.178372 0.113646 0.0355522 0.0590856 0.0276977 0.00852141 0.0103441 0.00659163 0.0064258 0.00440872 0.00142369 0.000903524 0.000276559 0 0 0
 0 0.00114126 0.0254788 0.0487202 0.0543578 0.129081 0.0757212 0.0405421 0.0332293 0.029463 0.00548066 0.00897442 0.00856176 0.00501971 0.00266322 0.000854522 0 0 0.000408388 0.000408388 0 0.00194535 0.0509997 0.0572896 0.0421408 0.177044 0.0930258 0.0384143 0.0409609 0.0123936 0.00674377 0.00261837 0.00233238 0.00252962 0.00107373 0 0 0 0 0.000382738
 0 0 0.015777 0.0553538 0.0462898 0.0399674 0.131394 0.0940158 0.0365057 0.0114031 0.0247193 0.0131563 0.00711144 0.00784033 0.00383189 0.00260696 0.000544442 0.000754293 0.00156712 0.00105226 0 0.00283295 0.0175196 0.0884833 0.0432506 0.0502328 0.167967 0.0532509 0.0342333 0.0114412 0.0187278 0.00607386 0.00382824 0.00461549 0.00203169 0.000972296 0.000323982 0 0.000323982 0
 0 0 0 0.047424 0.0880892 0.0419515 0.0246259 0.114722 0.0669874 0.0296372 0.0315229 0.0237948 0.00881182 0.00426289 0.00927434 0 0.000946322 0.000337983 0.000337983 0.000850161 0 0 0.014522 0.0398973 0.106162 0.0444182 0.0401733 0.11999 0.0722564 0.0188853 0.0212928 0.0137839 0.00637754 0.00866536 0 0 0 0 0 0
 0 0.000616161 0.0376296 0.0197845 0.0342573 0.0834873 0.0251578 0.0505907 0.0990818 0.0652182 0.0164503 0.00796804 0.0137898 0.00476853 0.00491629 0.0053489 0.00151311 0.000888924 0.000140272 0.0008912 0 0.00295943 0.0551178 0.0244529 0.0355589 0.10258 0.0295803 0.0409483 0.117547 0.0639517 0.0211175 0.0113981 0.00963502 0.00227882 0.00504159 0.00338016 0.00176698 0.000186573 0 0
 0 0 0.0171843 0.0644259 0.0119678 0.0293404 0.103395 0.0406703 0.0273612 0.08953 0.0313415 0.0204313 0.0267562 0.00719696 0.00860661 0.0108516 0.00530788 0.00245503 0 0.00118305 0 0.000280474 0.0258846 0.0583241 0.0353907 0.0476483 0.11316 0.00449555 0.0529161 0.0799975 0.0254056 0.0319734 0.00920355 0.0147897 0.0025256 0 0 0 0 0
 0 0 0.00990077 0.0310535 0.0335476 0.0298394 0.0407772 0.0752762 0.0231973 0.0212192 0.112575 0.0556838 0.018331 0.0115977 0.0151139 0.00220327 0.00205615 0.00113226 0.00114486 0.00203987 0 0 0.0153262 0.0435961 0.0548801 0.031863 0.060329 0.109518 0.0270234 0.0396735 0.0547382 0.0541542 0.0161396 0.00139019 0.00167305 0.00157163 0.0013572 6.2e-005 0 1.57e-005
 0 0 0.0028346 0.00514021 0.0138458 0.0376497 0.0122021 0.0468188 0.0765324 0.0527651 0.038271 0.102112 0.0253307 0.0204295 0.00830904 0.0131898 0.00313871 0.00229112 0.0015356 0.000234716 0 0 0.00543639 0.00883139 0.0255115 0.0750377 0.00347254 0.0375144 0.12325 0.06003 0.0412717 0.0856794 0.0466117 0.0121421 0.00700029 0.00364149 0.000517257 0.00142187 0 0
 0 0 0 0.0206238 0.0177726 0.0277108 0.0471522 0.0282227 0.0356635 0.0700876 0.0527513 0.0420941 0.0913263 0.0419851 0.0236289 0.0228708 0.00513841 0.000932697 0.000676689 0.00137323 0 0 0.00508454 0.0412571 0.0114219 0.0175138 0.0631581 0.0168179 0.0790331 0.102374 0.0378831 0.0357333 0.0368279 0.0116919 0.00549596 0.00226207 0.00215391 0.00021633 0.000639691 0.000425063
 0 0.000893373 0.0112613 0.00872952 0.0210748 0.0191254 0.0165917 0.0499026 0.0367308 0.0434221 0.0830418 0.0228964 0.0351011 0.0818361 0.0393287 0.0179024 0.00643384 0.00221116 0.00157253 0.000510334 0 0.00164165 0.009803 0.0167242 0.0534652 0.0337103 0.0266889 0.0593281 0.0227239 0.0937875 0.0557748 0.036639 0.0399553 0.0329915 0.0088274 0.003965 0.00130404 0.00385074 0.000253445 0
 0 0.00837676 0.0281327 0.0104976 0.0188883 0.065578 0.0173811 0.0224594 0.0337869 0.0136262 0.0494917 0.0912734 0.027122 0.0189975 0.0699341 0.0265788 0.0152606 0.00842963 0.000720583 0.00514201 0 0.0122695 0.0372634 0.0202816 0.0197325 0.0495787 0.0233405 0.012491 0.0619647 0.0354221 0.0274247 0.0620518 0.025631 0.0155266 0.0505942 0.0124552 0.000229951 0.00206503 0 0
 0.000507297 0.0287065 0.0570036 0.0250066 0.0242363 0.00871927 0.0460088 0.0243026 0.021013 0.02371 0.00829107 0.0192365 0.0697785 0.0131665 0.020502 0.0653241 0.0149584 0.0121254 0.00583417 0.00404616 0.000790324 0.0545996 0.0782812 0.0411272 0.0289778 0.0167489 0.0405485 0.0181267 0.00331596 0.00737508 0.0116997 0.0466209 0.0711881 0.0182559 0.0285297 0.0237258 0.00990805 0.00293835 0.00422506 0.000540395
 0 0.00235648 0.0916506 0.0520699 0.0476284 0.0239006 0.0112965 0.0314715 0.0100436 0.00694145 0.0317337 0.0316752 0.0155468 0.0207692 0.0136635 0.00792292 0.039608 0.0315231 0.000511568 0.0154502 0 0.00917553 0.138546 0.0872365 0.0405144 0.0264843 0.0111209 0.0284169 0.0183117 0 0.0417967 0.00544557 0.00872558 0.051654 0.00544557 0.000555294 0.020193 0.0132375 0 0.00737708
 0 0.0125123 0.0676847 0.105204 0.0614411 0.0119815 0.013638 0.0127493 0.0263854 0.00649735 0.0105357 0.00531011 0.0101916 0.0209339 0.0203672 0.0149112 0.0175542 0.0173743 0.0168229 0.0119711 0 0.0078537 0.124801 0.122582 0.0883183 0.0217443 0.0321618 0.0182363 0.0122992 0.00691924 0.0046511 0.00636305 0.000778187 0.0257709 0.0102605 0.00721421 0.00816451 0.0257779 0.0046582 0.00737922
 0 0.0100204 0.0627746 0.142755 0.0616349 0.0414631 0.0166366 0.0156482 0.011018 0.0225445 0.00843854 0.00670621 0.00477537 0.0056683 0.0146181 0.0182114 0.0117222 0.00793896 0.013749 0.0101012 0 0.0116085 0.081351 0.156289 0.0810986 0.0506488 0.0134533 0.00604941 0.0139899 0.0103394 0.0111798 0.00397625 0.0093349 0.00214533 0.0155069 0.0170986 0.0088918 0.00118704 0.010568 0.00885858
 0 0.00327343 0.0317188 0.0621961 0.0851623 0.0743484 0.0485082 0.0240453 0.00890706 0.019087 0.016078 0.0155333 0.0144818 0.0151153 0.0131524 0.0188373 0.0110322 0.0126394 0.0112712 0.0136091 6.09e-005 0.00253284 0.0358397 0.10147 0.115123 0.0809716 0.0529935 0.0228478 0.00751809 0.0292016 0.00397552 0.00444698 0.00586544 0.00455813 0.0155923 0.00726793 0.00433125 0.00223721 0.00320215 0.000966773
 0 0 0.0344106 0.0424868 0.0796967 0.0772556 0.0916975 0.032786 0.0122932 0.0179608 0.0228136 0.00625168 0.0113882 0 0.0033625 0.0125308 0.0177011 0.0211242 0.00271223 0.0250351 0 0 0.0425693 0.0554014 0.0709303 0.117846 0.0648922 0.0555366 0.0101616 0.00422208 0.0111434 0.0188283 0.00334707 0.00312443 0.00585301 0.000176582 0.00938787 0.00718684 0.00324751 0.00463884
 0 0.00050468 0.0148982 0.0881126 0.0553325 0.0772196 0.0726474 0.0454602 0.0323452 0.00788538 0.0116355 0.00573356 0.0151481 0.00400127 0.0079937 0.00350277 0.0109363 0.01511 0.00544325 0.0267362 0 0.000601299 0.01473 0.093113 0.0653907 0.0624476 0.0946861 0.0592825 0.0342465 0.00246338 0.0125348 0.00111806 0.00858492 0.00582342 0.00294955 0.00721891 0.00159203 0.00685933 0.0191326 0.00657888
 0 0.000758882 0.0138021 0.0471253 0.0656775 0.0652729 0.0519319 0.0862661 0.0474412 0.033021 0.00527173 0.0195364 0.00719942 0.015948 0.00523839 0.00879719 0.00400755 0.00472431 0.00710504 0.0302003 0 0.00144072 0.00873093 0.045303 0.0843646 0.0533896 0.0633528 0.0622197 0.0578661 0.0207261 0.0232661 0.00823372 0.00494145 0.00869086 0.00272004 0.00429666 0.00177989 0.00466038 0.0136775 0.0110145
 0 0 0.0202287 0.0125517 0.0523289 0.115193 0.0393067 0.058297 0.0620933 0.0484522 0.0306997 0.0177565 0.0118245 0.00911277 0.014412 0.00347356 0.00193457 0.000581167 0.00258699 0.0316893 0 0 0.00943083 0.0259527 0.0433879 0.0642368 0.0787665 0.0735283 0.085557 0.0301632 0.0234327 0.0059517 0.0047014 0.00244636 0.00302171 0 0.003229 0.00576015 0.00125128 0.00665949
 0 0 0 0.00718187 0.0294509 0.0364382 0.0805724 0.0374004 0.0992052 0.0791016 0.0489374 0.0192823 0.00506772 0.0129337 0.00311984 0.0122054 0.00411532 0.00374353 0.00296277 0.0211642 0 0.000893304 0.00406884 0.0108856 0.0425495 0.067805 0.0867406 0.0522923 0.0247718 0.0746209 0.0364964 0.0134575 0.00300024 0.0178384 0.0109827 0.0280549 0 0.00395578 0.00504707 0.0136566
 0 6.51e-005 0.00713943 0.00436859 0.00685673 0.0129516 0.0283441 0.0841686 0.0792192 0.0718343 0.055556 0.0457206 0.0219059 0.00250186 0.00998169 0.00242983 0.0126267 0 0.0033821 0.031349 0 8.92e-005 0.0186437 0.00244709 0.0117188 0.0289867 0.0516305 0.0889787 0.0691552 0.0728796 0.0555406 0.0488069 0.0274044 0.0108248 0.0124657 0.00114379 0.00302865 0.00188486 0.000424223 0.0135454
 0 0.00224464 0.0145821 0.0240559 0.0101543 0.00826644 0.00262377 0.00135448 0.0816409 0.0468027 0.0627976 0.120683 0.00913119 0.0303441 0.0106857 0.0221684 0.00125528 0.0112785 0.00652196 0.0252626 0 0.00568897 0.0252147 0.025409 0.00277874 0.00973963 0.00899998 0.0223847 0.0632226 0.0346999 0.0696659 0.0838367 0.0751593 0.0104741 0.00642113 0.0109877 0.00182639 0.00489077 0.00938635 0.0373594
 5.75e-005 0.00165946 0.0261854 0.0307643 0.0291467 0.00527652 0.00777252 0.0197886 0.0148422 0.0722973 0.0696878 0.0550034 0.0542719 0.0255445 0.0159981 0.0149252 0.00389896 0.001753 0.00433192 0.0186523 0 0.00103601 0.049554 0.0374239 0.0395113 0.00573611 0.00738048 0.0188516 0.0414688 0.114374 0.0595905 0.0416214 0.0574622 0.0210959 0.00915267 0.0023686 0 0 0.00797712 0.0135375
 0 0.0220681 0.00976621 0.0356625 0.0351026 0.0167547 0.00281496 0.00158143 0.00600562 0.0211687 0.0642999 0.0482724 0.0707911 0.0574389 0.0406403 0.0286061 0.0162618 0.00729573 0.00667755 0.0231941 0.000204324 0.031552 0.0142372 0.0557945 0.0341149 0.0217097 0.0106287 0.00737047 0.0063918 0.0118009 0.0510078 0.0699697 0.0726094 0.0303195 0.0264818 0.0160676 0.006566 0.000410588 0.0111388 0.00722178
 0 0.0491156 0.110548 0.0229048 0.0267713 0.0224826 0.0138564 0.0108432 0.00323167 0.002541 0.0186777 0.0689328 0.0478171 0.0291788 0.0456154 0.0242823 0.00733596 0.0016586 1.97e-005 0.00572144 0.00217076 0.0711274 0.142883 0.0149172 0.0413611 0.0231678 0.00418026 0 0.0191877 0.00466263 0.00890531 0.0328579 0.0354917 0.0176815 0.0348853 0.0223955 0.00634609 0.000905739 0 0.00533836
 0 0.0101444 0.117055 0.0762403 0.0111471 0.0383652 0.0150335 0.0242846 0.00723189 0.0154244 0.00506987 0.017923 0.0545817 0.0274627 0.0307105 0.0421312 0.0243993 0.0097009 0.00279756 0.00841611 0 0.0168763 0.112912 0.103716 0.0122805 0.0504939 0.0108968 0.0160576 0 0.00421841 0.0164118 0.00716634 0.030577 0.0197028 0.0200531 0.0206742 0.0147428 0.00252213 0.000473471 0.002106
 0 0.036969 0.1378 0.102148 0.0565574 0.0118603 0.0260144 0.00704914 0.00120466 0.00137488 0.00534406 0.00307624 0.014267 0.006665 0.0399103 0.022952 0.0188863 0.00683231 0.00305176 0.00288445 0 0.0386988 0.191394 0.0831595 0.0832659 0.0104072 0.020306 0.0062777 0.00408647 0.00985124 0 0.00535711 0.012047 0.0124598 0.00307414 0.00558777 0 0.00549643 0.0035156 0.000167604
#wt_srv_f_in
 0.009 0.015 0.03 0.059 0.112 0.183 0.267 0.363 0.439 0.489 0.577 0.57 0.612 0.667 0.714 0.79 0.862 0.939 0.889 0.815
 0.009 0.015 0.03 0.059 0.112 0.183 0.267 0.363 0.439 0.489 0.577 0.57 0.612 0.667 0.714 0.79 0.862 0.939 0.889 0.815
 0.009 0.015 0.03 0.059 0.112 0.183 0.267 0.363 0.439 0.489 0.577 0.57 0.612 0.667 0.714 0.79 0.862 0.939 0.889 0.815
 0.009 0.015 0.03 0.059 0.112 0.183 0.267 0.363 0.439 0.489 0.577 0.57 0.612 0.667 0.714 0.79 0.862 0.939 0.889 0.815
 0.009 0.015 0.03 0.059 0.112 0.183 0.267 0.363 0.439 0.489 0.577 0.57 0.612 0.667 0.714 0.79 0.862 0.939 0.889 0.815
 0.009 0.015 0.03 0.059 0.112 0.183 0.267 0.363 0.439 0.489 0.577 0.57 0.612 0.667 0.714 0.79 0.862 0.939 0.889 0.815
 0.009 0.015 0.03 0.059 0.112 0.183 0.267 0.363 0.439 0.489 0.577 0.57 0.612 0.667 0.714 0.79 0.862 0.939 0.889 0.815
 0.009 0.018 0.052 0.077 0.101 0.153 0.212 0.282 0.391 0.421 0.538 0.494 0.643 0.614 0.908 0.969 0.935 0.935 0.948 0.88
 0.009 0.013 0.032 0.102 0.154 0.2 0.277 0.312 0.431 0.418 0.497 0.466 0.608 0.63 0.817 0.864 0.992 1.08 1.022 0.88
 0.009 0.014 0.029 0.06 0.133 0.205 0.249 0.331 0.421 0.473 0.588 0.543 0.584 0.799 0.729 0.803 0.963 1.022 0.983 0.88
 0.009 0.021 0.033 0.068 0.152 0.249 0.33 0.397 0.511 0.503 0.615 0.62 0.539 0.615 0.717 0.757 0.896 1.013 0.993 0.91
 0.009 0.015 0.029 0.044 0.104 0.188 0.295 0.369 0.43 0.51 0.545 0.515 0.611 0.547 0.72 0.777 0.875 1.015 0.97 0.864
 0.009 0.015 0.034 0.065 0.115 0.205 0.339 0.494 0.521 0.487 0.614 0.598 0.634 0.746 0.647 0.755 0.866 1.02 0.956 0.864
 0.009 0.015 0.028 0.048 0.117 0.192 0.311 0.419 0.414 0.508 0.604 0.708 0.615 0.647 0.631 0.731 0.806 0.913 0.881 0.83
 0.009 0.016 0.025 0.055 0.093 0.175 0.236 0.38 0.495 0.559 0.609 0.564 0.566 0.723 0.661 0.727 0.801 0.908 0.87 0.83
 0.009 0.009 0.015 0.039 0.082 0.145 0.235 0.335 0.431 0.547 0.612 0.62 0.614 0.685 0.68 0.793 0.838 0.896 0.835 0.794
 0.009 0.009 0.022 0.031 0.072 0.117 0.184 0.306 0.349 0.462 0.549 0.574 0.705 0.667 0.694 0.802 0.856 0.855 0.798 0.819
 0.009 0.009 0.018 0.037 0.058 0.095 0.166 0.218 0.332 0.416 0.445 0.544 0.585 0.628 0.716 0.767 0.841 0.826 0.795 0.806
 0.009 0.009 0.022 0.031 0.082 0.108 0.182 0.228 0.305 0.41 0.534 0.629 0.555 0.645 0.72 0.79 0.854 0.851 0.828 0.826
 0.009 0.009 0.025 0.047 0.075 0.105 0.174 0.207 0.325 0.43 0.442 0.544 0.555 0.656 0.696 0.788 0.87 0.838 0.803 0.813
 0.009 0.009 0.025 0.039 0.072 0.112 0.157 0.218 0.268 0.39 0.41 0.465 0.681 0.673 0.666 0.729 0.869 0.803 0.785 0.812
 0.009 0.007 0.022 0.053 0.072 0.128 0.171 0.245 0.281 0.354 0.448 0.514 0.52 0.621 0.638 0.686 0.856 0.78 0.821 0.813
 0.009 0.016 0.021 0.045 0.082 0.102 0.173 0.199 0.238 0.344 0.393 0.418 0.468 0.665 0.632 0.66 0.808 0.782 0.824 0.81
 0.009 0.016 0.023 0.049 0.072 0.115 0.173 0.198 0.226 0.318 0.339 0.393 0.42 0.556 0.604 0.659 0.791 0.758 0.811 0.808
 0.009 0.016 0.017 0.029 0.045 0.086 0.114 0.178 0.237 0.245 0.32 0.387 0.437 0.489 0.591 0.646 0.745 0.737 0.803 0.838
 0.009 0.016 0 0.033 0.062 0.094 0.136 0.2 0.245 0.293 0.339 0.406 0.41 0.472 0.56 0.617 0.687 0.735 0.816 0.851
 0.009 0.016 0.04 0.082 0.08 0.114 0.169 0.23 0.236 0.298 0.336 0.37 0.439 0.462 0.52 0.584 0.641 0.751 0.786 0.851
 0.002 0.012 0.037 0.075 0.12 0.13 0.185 0.205 0.322 0.325 0.378 0.378 0.44 0.462 0.502 0.575 0.637 0.692 0.723 0.838
 0.002 0.012 0.037 0.075 0.12 0.13 0.185 0.205 0.322 0.325 0.378 0.378 0.44 0.462 0.503 0.526 0.601 0.66 0.672 0.826
 0.002 0.033 0.035 0.089 0.175 0.203 0.43 0.268 0.293 0.432 0.418 0.479 0.458 0.457 0.502 0.527 0.565 0.622 0.699 0.761
 0.002 0.015 0.024 0.055 0.134 0.244 0.23 0.307 0.326 0.381 0.435 0.494 0.432 0.501 0.508 0.522 0.559 0.572 0.64 0.697
 0.002 0.011 0.022 0.039 0.087 0.156 0.222 0.264 0.346 0.368 0.375 0.492 0.472 0.531 0.515 0.517 0.551 0.527 0.607 0.666
 0.002 0.007 0.02 0.033 0.062 0.123 0.205 0.237 0.342 0.369 0.458 0.451 0.486 0.525 0.518 0.519 0.56 0.536 0.614 0.654
 0.004 0.014 0.019 0.039 0.052 0.123 0.157 0.326 0.336 0.477 0.437 0.568 0.499 0.595 0.494 0.528 0.565 0.541 0.618 0.648
 0.004 0.014 0.016 0.033 0.054 0.101 0.161 0.254 0.313 0.316 0.391 0.432 0.456 0.443 0.501 0.531 0.57 0.557 0.578 0.65
 0.004 0.014 0.022 0.049 0.072 0.117 0.151 0.232 0.307 0.347 0.453 0.461 0.449 0.534 0.521 0.539 0.567 0.573 0.564 0.655
 0.004 0.014 0.031 0.087 0.123 0.138 0.174 0.221 0.299 0.359 0.421 0.447 0.485 0.537 0.521 0.578 0.595 0.626 0.519 0.649
 0.004 0.014 0.028 0.032 0.14 0.147 0.189 0.254 0.304 0.365 0.447 0.519 0.54 0.642 0.53 0.593 0.623 0.651 0.517 0.631
 0.004 0.009 0.039 0.095 0.112 0.153 0.227 0.224 0.319 0.358 0.409 0.5 0.528 0.539 0.554 0.622 0.629 0.69 0.525 0.606
 0.004 0.013 0.031 0.066 0.103 0.193 0.169 0.13 0.316 0.33 0.376 0.459 0.536 0.57 0.573 0.617 0.681 0.698 0.483 0.573
 0.004 0.016 0.033 0.092 0.138 0.267 0.273 0.308 0.322 0.394 0.455 0.504 0.509 0.565 0.578 0.628 0.715 0.742 0.535 0.605
 0 0.024 0.069 0.071 0.194 0.184 0.252 0.216 0.393 0.414 0.46 0.484 0.494 0.528 0.588 0.603 0.702 0.696 0.609 0.644
 0.004 0.035 0.102 0.172 0.276 0.287 0.318 0.371 0.5 0.462 0.486 0.527 0.509 0.555 0.585 0.63 0.709 0.79 0.681 0.716
 0.004 0.035 0.102 0.172 0.276 0.287 0.318 0.371 0.5 0.462 0.486 0.527 0.509 0.555 0.585 0.63 0.709 0.79 0.681 0.716
 0.004 0.035 0.102 0.172 0.276 0.287 0.318 0.371 0.5 0.462 0.486 0.527 0.509 0.555 0.585 0.63 0.709 0.79 0.681 0.716
 0.004 0.035 0.102 0.172 0.276 0.287 0.318 0.371 0.5 0.462 0.486 0.527 0.509 0.555 0.585 0.63 0.709 0.79 0.681 0.716
#wt_srv_m_in
 0.007 0.011 0.013 0.026 0.055 0.1 0.153 0.213 0.256 0.259 0.311 0.301 0.314 0.353 0.367 0.33 0.455 0.342 0.366 0.36
 0.007 0.011 0.013 0.026 0.055 0.1 0.153 0.213 0.256 0.259 0.311 0.301 0.314 0.353 0.367 0.33 0.455 0.342 0.366 0.36
 0.007 0.011 0.013 0.026 0.055 0.1 0.153 0.213 0.256 0.259 0.311 0.301 0.314 0.353 0.367 0.33 0.455 0.342 0.366 0.36
 0.007 0.011 0.013 0.026 0.055 0.1 0.153 0.213 0.256 0.259 0.311 0.301 0.314 0.353 0.367 0.33 0.455 0.342 0.366 0.36
 0.007 0.011 0.013 0.026 0.055 0.1 0.153 0.213 0.256 0.259 0.311 0.301 0.314 0.353 0.367 0.33 0.455 0.342 0.366 0.36
 0.007 0.011 0.013 0.026 0.055 0.1 0.153 0.213 0.256 0.259 0.311 0.301 0.314 0.353 0.367 0.33 0.455 0.342 0.366 0.36
 0.002 0.014 0.047 0.078 0.088 0.145 0.176 0.205 0.208 0.282 0.339 0.239 0.273 0.352 0.31 0.582 0.373 0.325 0.36 0.399
 0.002 0.014 0.047 0.078 0.088 0.145 0.176 0.205 0.208 0.282 0.339 0.239 0.273 0.352 0.31 0.582 0.373 0.325 0.36 0.399
 0.002 0.015 0.029 0.093 0.132 0.149 0.191 0.219 0.201 0.24 0.208 0.255 0.297 0.306 0.306 0.49 0.373 0.325 0.36 0.399
 0.002 0.018 0.023 0.053 0.12 0.13 0.198 0.216 0.228 0.284 0.256 0.251 0.292 0.293 0.294 0.447 0.346 0.325 0.36 0.399
 0.002 0.018 0.034 0.061 0.135 0.206 0.228 0.256 0.252 0.327 0.335 0.327 0.575 0.369 0.298 0.481 0.353 0.325 0.36 0.399
 0.002 0.018 0.027 0.037 0.092 0.168 0.261 0.252 0.253 0.26 0.299 0.327 0.575 0.369 0.3 0.501 0.357 0.325 0.36 0.399
 0.002 0.012 0.029 0.065 0.101 0.176 0.257 0.303 0.277 0.26 0.299 0.327 0.575 0.369 0.3 0.501 0.354 0.325 0.36 0.399
 0.002 0.014 0.022 0.049 0.11 0.172 0.233 0.301 0.337 0.438 0.324 0.278 0.345 0.458 0.302 0.538 0.352 0.342 0.36 0.399
 0.002 0.012 0.022 0.048 0.097 0.156 0.208 0.293 0.286 0.368 0.313 0.356 0.345 0.341 0.31 0.562 0.365 0.358 0.36 0.372
 0.002 0.006 0.014 0.033 0.066 0.125 0.203 0.29 0.305 0.292 0.314 0.377 0.336 0.398 0.32 0.542 0.363 0.374 0.36 0.35
 0.002 0.012 0.011 0.03 0.062 0.105 0.174 0.225 0.243 0.312 0.322 0.425 0.351 0.422 0.34 0.521 0.36 0.391 0.36 0.35
 0.002 0.008 0.013 0.031 0.053 0.089 0.166 0.202 0.244 0.234 0.323 0.311 0.345 0.318 0.347 0.477 0.376 0.407 0.36 0.35
 0.002 0.007 0.019 0.035 0.069 0.096 0.149 0.166 0.263 0.309 0.353 0.34 0.471 0.355 0.369 0.432 0.391 0.407 0.36 0.35
 0.002 0.011 0.02 0.041 0.066 0.093 0.143 0.216 0.216 0.242 0.286 0.317 0.361 0.362 0.383 0.42 0.399 0.407 0.368 0.377
 0.002 0.011 0.029 0.039 0.069 0.093 0.153 0.175 0.218 0.247 0.281 0.303 0.379 0.306 0.387 0.408 0.406 0.407 0.375 0.399
 0.002 0.006 0.02 0.045 0.07 0.113 0.152 0.205 0.205 0.232 0.302 0.294 0.245 0.359 0.352 0.391 0.42 0.422 0.383 0.399
 0.002 0.006 0.018 0.04 0.071 0.112 0.147 0.208 0.215 0.219 0.272 0.263 0.323 0.255 0.362 0.398 0.419 0.437 0.39 0.399
 0.002 0.006 0.023 0.041 0.072 0.083 0.148 0.174 0.225 0.225 0.232 0.257 0.245 0.325 0.356 0.407 0.417 0.478 0.398 0.399
 0.002 0.006 0.015 0.031 0.041 0.092 0.142 0.155 0.19 0.2 0.239 0.255 0.229 0.262 0.338 0.404 0.425 0.505 0.398 0.399
 0.002 0.006 0.015 0.038 0.034 0.068 0.12 0.163 0.205 0.205 0.23 0.26 0.277 0.269 0.318 0.382 0.406 0.52 0.406 0.399
 0.002 0.018 0.028 0.053 0.066 0.095 0.147 0.194 0.227 0.229 0.221 0.263 0.286 0.257 0.339 0.365 0.396 0.484 0.434 0.399
 0.002 0.015 0.037 0.067 0.093 0.112 0.173 0.195 0.224 0.219 0.247 0.258 0.256 0.285 0.317 0.349 0.389 0.467 0.415 0.407
 0.002 0.012 0.035 0.064 0.104 0.107 0.166 0.161 0.218 0.227 0.291 0.266 0.261 0.26 0.294 0.326 0.369 0.415 0.396 0.415
 0.002 0.024 0.036 0.099 0.195 0.148 0.186 0.244 0.228 0.227 0.272 0.292 0.297 0.278 0.295 0.341 0.346 0.367 0.384 0.392
 0.002 0.012 0.021 0.054 0.15 0.175 0.226 0.238 0.256 0.306 0.356 0.329 0.398 0.272 0.295 0.34 0.344 0.332 0.363 0.371
 0.002 0.009 0.018 0.037 0.083 0.149 0.208 0.209 0.23 0.246 0.245 0.3 0.287 0.352 0.285 0.343 0.332 0.348 0.316 0.357
 0.002 0.005 0.015 0.03 0.063 0.126 0.166 0.246 0.25 0.243 0.253 0.312 0.273 0.325 0.292 0.346 0.322 0.349 0.32 0.355
 0.002 0.01 0.019 0.029 0.047 0.111 0.146 0.234 0.243 0.234 0.324 0.279 0.36 0.337 0.299 0.394 0.318 0.35 0.32 0.34
 0.002 0.01 0.015 0.031 0.054 0.091 0.153 0.206 0.232 0.292 0.285 0.368 0.303 0.285 0.305 0.363 0.334 0.36 0.313 0.341
 0.002 0.01 0.027 0.039 0.065 0.103 0.136 0.187 0.24 0.292 0.253 0.315 0.29 0.306 0.329 0.355 0.348 0.364 0.314 0.344
 0.002 0.01 0.023 0.056 0.078 0.11 0.163 0.192 0.254 0.223 0.264 0.275 0.36 0.341 0.339 0.363 0.353 0.355 0.331 0.353
 0.002 0.01 0.016 0.038 0.114 0.148 0.182 0.188 0.267 0.269 0.287 0.303 0.379 0.303 0.347 0.354 0.355 0.34 0.347 0.329
 0.002 0.008 0.038 0.046 0.088 0.185 0.177 0.195 0.228 0.265 0.272 0.309 0.344 0.306 0.355 0.329 0.374 0.354 0.382 0.326
 0.002 0.016 0.036 0.074 0.108 0.119 0.176 0.186 0.234 0.247 0.262 0.293 0.278 0.375 0.368 0.332 0.374 0.37 0.383 0.339
 0.002 0.02 0.036 0.089 0.137 0.158 0.234 0.238 0.257 0.283 0.281 0.312 0.329 0.333 0.355 0.359 0.373 0.383 0.388 0.361
 0.004 0.022 0.056 0.078 0.175 0.197 0.22 0.262 0.278 0.251 0.303 0.303 0.295 0.305 0.356 0.358 0.373 0.427 0.373 0.392
 0.005 0.014 0.036 0.091 0.167 0.212 0.208 0.234 0.272 0.292 0.256 0.294 0.303 0.331 0.346 0.368 0.378 0.46 0.395 0.434
 0.005 0.014 0.036 0.091 0.167 0.212 0.208 0.234 0.272 0.292 0.256 0.294 0.303 0.331 0.346 0.368 0.378 0.46 0.395 0.434
 0.005 0.014 0.036 0.091 0.167 0.212 0.208 0.234 0.272 0.292 0.256 0.294 0.303 0.331 0.346 0.368 0.378 0.46 0.395 0.434
 0.005 0.014 0.036 0.091 0.167 0.212 0.208 0.234 0.272 0.292 0.256 0.294 0.303 0.331 0.346 0.368 0.378 0.46 0.395 0.434
#wt_pop_f_in
 0.009 0.015 0.03 0.059 0.112 0.183 0.267 0.363 0.439 0.489 0.577 0.57 0.612 0.667 0.714 0.79 0.862 0.939 0.889 0.815
 0.009 0.015 0.03 0.059 0.112 0.183 0.267 0.363 0.439 0.489 0.577 0.57 0.612 0.667 0.714 0.79 0.862 0.939 0.889 0.815
 0.009 0.015 0.03 0.059 0.112 0.183 0.267 0.363 0.439 0.489 0.577 0.57 0.612 0.667 0.714 0.79 0.862 0.939 0.889 0.815
 0.009 0.015 0.03 0.059 0.112 0.183 0.267 0.363 0.439 0.489 0.577 0.57 0.612 0.667 0.714 0.79 0.862 0.939 0.889 0.815
 0.009 0.015 0.03 0.059 0.112 0.183 0.267 0.363 0.439 0.489 0.577 0.57 0.612 0.667 0.714 0.79 0.862 0.939 0.889 0.815
 0.009 0.015 0.03 0.059 0.112 0.183 0.267 0.363 0.439 0.489 0.577 0.57 0.612 0.667 0.714 0.79 0.862 0.939 0.889 0.815
 0.009 0.015 0.03 0.059 0.112 0.183 0.267 0.363 0.439 0.489 0.577 0.57 0.612 0.667 0.714 0.79 0.862 0.939 0.889 0.815
 0.009 0.018 0.052 0.077 0.101 0.153 0.212 0.282 0.391 0.421 0.538 0.494 0.643 0.614 0.908 0.969 0.935 0.935 0.948 0.88
 0.009 0.013 0.032 0.102 0.154 0.2 0.277 0.312 0.431 0.418 0.497 0.466 0.608 0.63 0.817 0.864 0.992 1.08 1.022 0.88
 0.009 0.014 0.029 0.06 0.133 0.205 0.249 0.331 0.421 0.473 0.588 0.543 0.584 0.799 0.729 0.803 0.963 1.022 0.983 0.88
 0.009 0.021 0.033 0.068 0.152 0.249 0.33 0.397 0.511 0.503 0.615 0.62 0.539 0.615 0.717 0.757 0.896 1.013 0.993 0.91
 0.009 0.015 0.029 0.044 0.104 0.188 0.295 0.369 0.43 0.51 0.545 0.515 0.611 0.547 0.72 0.777 0.875 1.015 0.97 0.864
 0.009 0.015 0.034 0.065 0.115 0.205 0.339 0.494 0.521 0.487 0.614 0.598 0.634 0.746 0.647 0.755 0.866 1.02 0.956 0.864
 0.009 0.015 0.028 0.048 0.117 0.192 0.311 0.419 0.414 0.508 0.604 0.708 0.615 0.647 0.631 0.731 0.806 0.913 0.881 0.83
 0.009 0.016 0.025 0.055 0.093 0.175 0.236 0.38 0.495 0.559 0.609 0.564 0.566 0.723 0.661 0.727 0.801 0.908 0.87 0.83
 0.009 0.009 0.015 0.039 0.082 0.145 0.235 0.335 0.431 0.547 0.612 0.62 0.614 0.685 0.68 0.793 0.838 0.896 0.835 0.794
 0.009 0.009 0.022 0.031 0.072 0.117 0.184 0.306 0.349 0.462 0.549 0.574 0.705 0.667 0.694 0.802 0.856 0.855 0.798 0.819
 0.009 0.009 0.018 0.037 0.058 0.095 0.166 0.218 0.332 0.416 0.445 0.544 0.585 0.628 0.716 0.767 0.841 0.826 0.795 0.806
 0.009 0.009 0.022 0.031 0.082 0.108 0.182 0.228 0.305 0.41 0.534 0.629 0.555 0.645 0.72 0.79 0.854 0.851 0.828 0.826
 0.009 0.009 0.025 0.047 0.075 0.105 0.174 0.207 0.325 0.43 0.442 0.544 0.555 0.656 0.696 0.788 0.87 0.838 0.803 0.813
 0.009 0.009 0.025 0.039 0.072 0.112 0.157 0.218 0.268 0.39 0.41 0.465 0.681 0.673 0.666 0.729 0.869 0.803 0.785 0.812
 0.009 0.007 0.022 0.053 0.072 0.128 0.171 0.245 0.281 0.354 0.448 0.514 0.52 0.621 0.638 0.686 0.856 0.78 0.821 0.813
 0.009 0.016 0.021 0.045 0.082 0.102 0.173 0.199 0.238 0.344 0.393 0.418 0.468 0.665 0.632 0.66 0.808 0.782 0.824 0.81
 0.009 0.016 0.023 0.049 0.072 0.115 0.173 0.198 0.226 0.318 0.339 0.393 0.42 0.556 0.604 0.659 0.791 0.758 0.811 0.808
 0.009 0.016 0.017 0.029 0.045 0.086 0.114 0.178 0.237 0.245 0.32 0.387 0.437 0.489 0.591 0.646 0.745 0.737 0.803 0.838
 0.009 0.016 0 0.033 0.062 0.094 0.136 0.2 0.245 0.293 0.339 0.406 0.41 0.472 0.56 0.617 0.687 0.735 0.816 0.851
 0.009 0.016 0.04 0.082 0.08 0.114 0.169 0.23 0.236 0.298 0.336 0.37 0.439 0.462 0.52 0.584 0.641 0.751 0.786 0.851
 0.002 0.012 0.037 0.075 0.12 0.13 0.185 0.205 0.322 0.325 0.378 0.378 0.44 0.462 0.502 0.575 0.637 0.692 0.723 0.838
 0.002 0.012 0.037 0.075 0.12 0.13 0.185 0.205 0.322 0.325 0.378 0.378 0.44 0.462 0.503 0.526 0.601 0.66 0.672 0.826
 0.002 0.033 0.035 0.089 0.175 0.203 0.43 0.268 0.293 0.432 0.418 0.479 0.458 0.457 0.502 0.527 0.565 0.622 0.699 0.761
 0.002 0.015 0.024 0.055 0.134 0.244 0.23 0.307 0.326 0.381 0.435 0.494 0.432 0.501 0.508 0.522 0.559 0.572 0.64 0.697
 0.002 0.011 0.022 0.039 0.087 0.156 0.222 0.264 0.346 0.368 0.375 0.492 0.472 0.531 0.515 0.517 0.551 0.527 0.607 0.666
 0.002 0.007 0.02 0.033 0.062 0.123 0.205 0.237 0.342 0.369 0.458 0.451 0.486 0.525 0.518 0.519 0.56 0.536 0.614 0.654
 0.004 0.014 0.019 0.039 0.052 0.123 0.157 0.326 0.336 0.477 0.437 0.568 0.499 0.595 0.494 0.528 0.565 0.541 0.618 0.648
 0.004 0.014 0.016 0.033 0.054 0.101 0.161 0.254 0.313 0.316 0.391 0.432 0.456 0.443 0.501 0.531 0.57 0.557 0.578 0.65
 0.004 0.014 0.022 0.049 0.072 0.117 0.151 0.232 0.307 0.347 0.453 0.461 0.449 0.534 0.521 0.539 0.567 0.573 0.564 0.655
 0.004 0.014 0.031 0.087 0.123 0.138 0.174 0.221 0.299 0.359 0.421 0.447 0.485 0.537 0.521 0.578 0.595 0.626 0.519 0.649
 0.004 0.014 0.028 0.032 0.14 0.147 0.189 0.254 0.304 0.365 0.447 0.519 0.54 0.642 0.53 0.593 0.623 0.651 0.517 0.631
 0.004 0.009 0.039 0.095 0.112 0.153 0.227 0.224 0.319 0.358 0.409 0.5 0.528 0.539 0.554 0.622 0.629 0.69 0.525 0.606
 0.004 0.013 0.031 0.066 0.103 0.193 0.169 0.13 0.316 0.33 0.376 0.459 0.536 0.57 0.573 0.617 0.681 0.698 0.483 0.573
 0.004 0.016 0.033 0.092 0.138 0.267 0.273 0.308 0.322 0.394 0.455 0.504 0.509 0.565 0.578 0.628 0.715 0.742 0.535 0.605
 0 0.024 0.069 0.071 0.194 0.184 0.252 0.216 0.393 0.414 0.46 0.484 0.494 0.528 0.588 0.603 0.702 0.696 0.609 0.644
 0.004 0.035 0.102 0.172 0.276 0.287 0.318 0.371 0.5 0.462 0.486 0.527 0.509 0.555 0.585 0.63 0.709 0.79 0.681 0.716
 0.004 0.035 0.102 0.172 0.276 0.287 0.318 0.371 0.5 0.462 0.486 0.527 0.509 0.555 0.585 0.63 0.709 0.79 0.681 0.716
 0.004 0.035 0.102 0.172 0.276 0.287 0.318 0.371 0.5 0.462 0.486 0.527 0.509 0.555 0.585 0.63 0.709 0.79 0.681 0.716
 0.004 0.035 0.102 0.172 0.276 0.287 0.318 0.371 0.5 0.462 0.486 0.527 0.509 0.555 0.585 0.63 0.709 0.79 0.681 0.716
#wt_pop_m_in
 0.007 0.011 0.013 0.026 0.055 0.1 0.153 0.213 0.256 0.259 0.311 0.301 0.314 0.353 0.367 0.33 0.455 0.342 0.366 0.36
 0.007 0.011 0.013 0.026 0.055 0.1 0.153 0.213 0.256 0.259 0.311 0.301 0.314 0.353 0.367 0.33 0.455 0.342 0.366 0.36
 0.007 0.011 0.013 0.026 0.055 0.1 0.153 0.213 0.256 0.259 0.311 0.301 0.314 0.353 0.367 0.33 0.455 0.342 0.366 0.36
 0.007 0.011 0.013 0.026 0.055 0.1 0.153 0.213 0.256 0.259 0.311 0.301 0.314 0.353 0.367 0.33 0.455 0.342 0.366 0.36
 0.007 0.011 0.013 0.026 0.055 0.1 0.153 0.213 0.256 0.259 0.311 0.301 0.314 0.353 0.367 0.33 0.455 0.342 0.366 0.36
 0.007 0.011 0.013 0.026 0.055 0.1 0.153 0.213 0.256 0.259 0.311 0.301 0.314 0.353 0.367 0.33 0.455 0.342 0.366 0.36
 0.002 0.014 0.047 0.078 0.088 0.145 0.176 0.205 0.208 0.282 0.339 0.239 0.273 0.352 0.31 0.582 0.373 0.325 0.36 0.399
 0.002 0.014 0.047 0.078 0.088 0.145 0.176 0.205 0.208 0.282 0.339 0.239 0.273 0.352 0.31 0.582 0.373 0.325 0.36 0.399
 0.002 0.015 0.029 0.093 0.132 0.149 0.191 0.219 0.201 0.24 0.208 0.255 0.297 0.306 0.306 0.49 0.373 0.325 0.36 0.399
 0.002 0.018 0.023 0.053 0.12 0.13 0.198 0.216 0.228 0.284 0.256 0.251 0.292 0.293 0.294 0.447 0.346 0.325 0.36 0.399
 0.002 0.018 0.034 0.061 0.135 0.206 0.228 0.256 0.252 0.327 0.335 0.327 0.575 0.369 0.298 0.481 0.353 0.325 0.36 0.399
 0.002 0.018 0.027 0.037 0.092 0.168 0.261 0.252 0.253 0.26 0.299 0.327 0.575 0.369 0.3 0.501 0.357 0.325 0.36 0.399
 0.002 0.012 0.029 0.065 0.101 0.176 0.257 0.303 0.277 0.26 0.299 0.327 0.575 0.369 0.3 0.501 0.354 0.325 0.36 0.399
 0.002 0.014 0.022 0.049 0.11 0.172 0.233 0.301 0.337 0.438 0.324 0.278 0.345 0.458 0.302 0.538 0.352 0.342 0.36 0.399
 0.002 0.012 0.022 0.048 0.097 0.156 0.208 0.293 0.286 0.368 0.313 0.356 0.345 0.341 0.31 0.562 0.365 0.358 0.36 0.372
 0.002 0.006 0.014 0.033 0.066 0.125 0.203 0.29 0.305 0.292 0.314 0.377 0.336 0.398 0.32 0.542 0.363 0.374 0.36 0.35
 0.002 0.012 0.011 0.03 0.062 0.105 0.174 0.225 0.243 0.312 0.322 0.425 0.351 0.422 0.34 0.521 0.36 0.391 0.36 0.35
 0.002 0.008 0.013 0.031 0.053 0.089 0.166 0.202 0.244 0.234 0.323 0.311 0.345 0.318 0.347 0.477 0.376 0.407 0.36 0.35
 0.002 0.007 0.019 0.035 0.069 0.096 0.149 0.166 0.263 0.309 0.353 0.34 0.471 0.355 0.369 0.432 0.391 0.407 0.36 0.35
 0.002 0.011 0.02 0.041 0.066 0.093 0.143 0.216 0.216 0.242 0.286 0.317 0.361 0.362 0.383 0.42 0.399 0.407 0.368 0.377
 0.002 0.011 0.029 0.039 0.069 0.093 0.153 0.175 0.218 0.247 0.281 0.303 0.379 0.306 0.387 0.408 0.406 0.407 0.375 0.399
 0.002 0.006 0.02 0.045 0.07 0.113 0.152 0.205 0.205 0.232 0.302 0.294 0.245 0.359 0.352 0.391 0.42 0.422 0.383 0.399
 0.002 0.006 0.018 0.04 0.071 0.112 0.147 0.208 0.215 0.219 0.272 0.263 0.323 0.255 0.362 0.398 0.419 0.437 0.39 0.399
 0.002 0.006 0.023 0.041 0.072 0.083 0.148 0.174 0.225 0.225 0.232 0.257 0.245 0.325 0.356 0.407 0.417 0.478 0.398 0.399
 0.002 0.006 0.015 0.031 0.041 0.092 0.142 0.155 0.19 0.2 0.239 0.255 0.229 0.262 0.338 0.404 0.425 0.505 0.398 0.399
 0.002 0.006 0.015 0.038 0.034 0.068 0.12 0.163 0.205 0.205 0.23 0.26 0.277 0.269 0.318 0.382 0.406 0.52 0.406 0.399
 0.002 0.018 0.028 0.053 0.066 0.095 0.147 0.194 0.227 0.229 0.221 0.263 0.286 0.257 0.339 0.365 0.396 0.484 0.434 0.399
 0.002 0.015 0.037 0.067 0.093 0.112 0.173 0.195 0.224 0.219 0.247 0.258 0.256 0.285 0.317 0.349 0.389 0.467 0.415 0.407
 0.002 0.012 0.035 0.064 0.104 0.107 0.166 0.161 0.218 0.227 0.291 0.266 0.261 0.26 0.294 0.326 0.369 0.415 0.396 0.415
 0.002 0.024 0.036 0.099 0.195 0.148 0.186 0.244 0.228 0.227 0.272 0.292 0.297 0.278 0.295 0.341 0.346 0.367 0.384 0.392
 0.002 0.012 0.021 0.054 0.15 0.175 0.226 0.238 0.256 0.306 0.356 0.329 0.398 0.272 0.295 0.34 0.344 0.332 0.363 0.371
 0.002 0.009 0.018 0.037 0.083 0.149 0.208 0.209 0.23 0.246 0.245 0.3 0.287 0.352 0.285 0.343 0.332 0.348 0.316 0.357
 0.002 0.005 0.015 0.03 0.063 0.126 0.166 0.246 0.25 0.243 0.253 0.312 0.273 0.325 0.292 0.346 0.322 0.349 0.32 0.355
 0.002 0.01 0.019 0.029 0.047 0.111 0.146 0.234 0.243 0.234 0.324 0.279 0.36 0.337 0.299 0.394 0.318 0.35 0.32 0.34
 0.002 0.01 0.015 0.031 0.054 0.091 0.153 0.206 0.232 0.292 0.285 0.368 0.303 0.285 0.305 0.363 0.334 0.36 0.313 0.341
 0.002 0.01 0.027 0.039 0.065 0.103 0.136 0.187 0.24 0.292 0.253 0.315 0.29 0.306 0.329 0.355 0.348 0.364 0.314 0.344
 0.002 0.01 0.023 0.056 0.078 0.11 0.163 0.192 0.254 0.223 0.264 0.275 0.36 0.341 0.339 0.363 0.353 0.355 0.331 0.353
 0.002 0.01 0.016 0.038 0.114 0.148 0.182 0.188 0.267 0.269 0.287 0.303 0.379 0.303 0.347 0.354 0.355 0.34 0.347 0.329
 0.002 0.008 0.038 0.046 0.088 0.185 0.177 0.195 0.228 0.265 0.272 0.309 0.344 0.306 0.355 0.329 0.374 0.354 0.382 0.326
 0.002 0.016 0.036 0.074 0.108 0.119 0.176 0.186 0.234 0.247 0.262 0.293 0.278 0.375 0.368 0.332 0.374 0.37 0.383 0.339
 0.002 0.02 0.036 0.089 0.137 0.158 0.234 0.238 0.257 0.283 0.281 0.312 0.329 0.333 0.355 0.359 0.373 0.383 0.388 0.361
 0.004 0.022 0.056 0.078 0.175 0.197 0.22 0.262 0.278 0.251 0.303 0.303 0.295 0.305 0.356 0.358 0.373 0.427 0.373 0.392
 0.005 0.014 0.036 0.091 0.167 0.212 0.208 0.234 0.272 0.292 0.256 0.294 0.303 0.331 0.346 0.368 0.378 0.46 0.395 0.434
 0.005 0.014 0.036 0.091 0.167 0.212 0.208 0.234 0.272 0.292 0.256 0.294 0.303 0.331 0.346 0.368 0.378 0.46 0.395 0.434
 0.005 0.014 0.036 0.091 0.167 0.212 0.208 0.234 0.272 0.292 0.256 0.294 0.303 0.331 0.346 0.368 0.378 0.46 0.395 0.434
 0.005 0.014 0.036 0.091 0.167 0.212 0.208 0.234 0.272 0.292 0.256 0.294 0.303 0.331 0.346 0.368 0.378 0.46 0.395 0.434
#maturity
 0 0 0 0 0.001 0.008 0.061 0.2 0.505 0.75 0.888 0.929 0.955 0.979 0.983 0.991 0.996 0.997 0.997 0.997
 0 0 0 0 0.001 0.008 0.061 0.2 0.505 0.75 0.888 0.929 0.955 0.979 0.983 0.991 0.996 0.997 0.997 0.997
 0 0 0 0 0.001 0.008 0.061 0.2 0.505 0.75 0.888 0.929 0.955 0.979 0.983 0.991 0.996 0.997 0.997 0.997
 0 0 0 0 0.001 0.008 0.061 0.2 0.505 0.75 0.888 0.929 0.955 0.979 0.983 0.991 0.996 0.997 0.997 0.997
 0 0 0 0 0.001 0.008 0.061 0.2 0.505 0.75 0.888 0.929 0.955 0.979 0.983 0.991 0.996 0.997 0.997 0.997
 0 0 0 0 0.001 0.008 0.061 0.2 0.505 0.75 0.888 0.929 0.955 0.979 0.983 0.991 0.996 0.997 0.997 0.997
 0 0 0 0 0.001 0.008 0.061 0.2 0.505 0.75 0.888 0.929 0.955 0.979 0.983 0.991 0.996 0.997 0.997 0.997
 0 0 0 0 0.001 0.008 0.061 0.2 0.505 0.75 0.888 0.929 0.955 0.979 0.983 0.991 0.996 0.997 0.997 0.997
 0 0 0 0 0.001 0.008 0.061 0.2 0.505 0.75 0.888 0.929 0.955 0.979 0.983 0.991 0.996 0.997 0.997 0.997
 0 0 0 0 0.001 0.008 0.061 0.2 0.505 0.75 0.888 0.929 0.955 0.979 0.983 0.991 0.996 0.997 0.997 0.997
 0 0 0 0 0.001 0.008 0.061 0.2 0.505 0.75 0.888 0.929 0.955 0.979 0.983 0.991 0.996 0.997 0.997 0.997
 0 0 0 0 0.001 0.008 0.061 0.2 0.505 0.75 0.888 0.929 0.955 0.979 0.983 0.991 0.996 0.997 0.997 0.997
 0 0 0 0 0.001 0.008 0.061 0.2 0.505 0.75 0.888 0.929 0.955 0.979 0.983 0.991 0.996 0.997 0.997 0.997
 0 0 0 0 0.001 0.008 0.061 0.2 0.505 0.75 0.888 0.929 0.955 0.979 0.983 0.991 0.996 0.997 0.997 0.997
 0 0 0 0 0.001 0.008 0.061 0.2 0.505 0.75 0.888 0.929 0.955 0.979 0.983 0.991 0.996 0.997 0.997 0.997
 0 0 0 0 0.001 0.008 0.061 0.2 0.505 0.75 0.888 0.929 0.955 0.979 0.983 0.991 0.996 0.997 0.997 0.997
 0 0 0 0 0.001 0.008 0.061 0.2 0.505 0.75 0.888 0.929 0.955 0.979 0.983 0.991 0.996 0.997 0.997 0.997
 0 0 0 0 0.001 0.008 0.061 0.2 0.505 0.75 0.888 0.929 0.955 0.979 0.983 0.991 0.996 0.997 0.997 0.997
 0 0 0 0 0.001 0.008 0.061 0.2 0.505 0.75 0.888 0.929 0.955 0.979 0.983 0.991 0.996 0.997 0.997 0.997
 0 0 0 0 0.001 0.008 0.061 0.2 0.505 0.75 0.888 0.929 0.955 0.979 0.983 0.991 0.996 0.997 0.997 0.997
 0 0 0 0 0.001 0.008 0.061 0.2 0.505 0.75 0.888 0.929 0.955 0.979 0.983 0.991 0.996 0.997 0.997 0.997
 0 0 0 0 0.001 0.008 0.061 0.2 0.505 0.75 0.888 0.929 0.955 0.979 0.983 0.991 0.996 0.997 0.997 0.997
 0 0 0 0 0.001 0.008 0.061 0.2 0.505 0.75 0.888 0.929 0.955 0.979 0.983 0.991 0.996 0.997 0.997 0.997
 0 0 0 0 0.001 0.008 0.061 0.2 0.505 0.75 0.888 0.929 0.955 0.979 0.983 0.991 0.996 0.997 0.997 0.997
 0 0 0 0 0.001 0.008 0.061 0.2 0.505 0.75 0.888 0.929 0.955 0.979 0.983 0.991 0.996 0.997 0.997 0.997
 0 0 0 0 0.001 0.008 0.061 0.2 0.505 0.75 0.888 0.929 0.955 0.979 0.983 0.991 0.996 0.997 0.997 0.997
 0 0 0 0 0.001 0.008 0.061 0.2 0.505 0.75 0.888 0.929 0.955 0.979 0.983 0.991 0.996 0.997 0.997 0.997
 0 0 0 0 0.001 0.008 0.061 0.2 0.505 0.75 0.888 0.929 0.955 0.979 0.983 0.991 0.996 0.997 0.997 0.997
 0 0 0 0 0.001 0.008 0.061 0.2 0.505 0.75 0.888 0.929 0.955 0.979 0.983 0.991 0.996 0.997 0.997 0.997
 0 0 0 0 0.001 0.008 0.061 0.2 0.505 0.75 0.888 0.929 0.955 0.979 0.983 0.991 0.996 0.997 0.997 0.997
 0 0 0 0 0.001 0.008 0.061 0.2 0.505 0.75 0.888 0.929 0.955 0.979 0.983 0.991 0.996 0.997 0.997 0.997
 0 0 0 0 0.001 0.008 0.061 0.2 0.505 0.75 0.888 0.929 0.955 0.979 0.983 0.991 0.996 0.997 0.997 0.997
 0 0 0 0 0.001 0.008 0.061 0.2 0.505 0.75 0.888 0.929 0.955 0.979 0.983 0.991 0.996 0.997 0.997 0.997
 0 0 0 0 0.001 0.008 0.061 0.2 0.505 0.75 0.888 0.929 0.955 0.979 0.983 0.991 0.996 0.997 0.997 0.997
 0 0 0 0 0.001 0.008 0.061 0.2 0.505 0.75 0.888 0.929 0.955 0.979 0.983 0.991 0.996 0.997 0.997 0.997
 0 0 0 0 0.001 0.008 0.061 0.2 0.505 0.75 0.888 0.929 0.955 0.979 0.983 0.991 0.996 0.997 0.997 0.997
 0 0 0 0 0.001 0.008 0.061 0.2 0.505 0.75 0.888 0.929 0.955 0.979 0.983 0.991 0.996 0.997 0.997 0.997
 0 0 0 0 0.001 0.008 0.061 0.2 0.505 0.75 0.888 0.929 0.955 0.979 0.983 0.991 0.996 0.997 0.997 0.997
 0 0 0 0 0.001 0.008 0.061 0.2 0.505 0.75 0.888 0.929 0.955 0.979 0.983 0.991 0.996 0.997 0.997 0.997
 0 0 0 0 0.001 0.008 0.061 0.2 0.505 0.75 0.888 0.929 0.955 0.979 0.983 0.991 0.996 0.997 0.997 0.997
 0 0 0 0 0.001 0.008 0.061 0.2 0.505 0.75 0.888 0.929 0.955 0.979 0.983 0.991 0.996 0.997 0.997 0.997
 0 0 0 0 0.001 0.008 0.061 0.2 0.505 0.75 0.888 0.929 0.955 0.979 0.983 0.991 0.996 0.997 0.997 0.997
 0 0 0 0 0.001 0.008 0.061 0.2 0.505 0.75 0.888 0.929 0.955 0.979 0.983 0.991 0.996 0.997 0.997 0.997
 0 0 0 0 0.001 0.008 0.061 0.2 0.505 0.75 0.888 0.929 0.955 0.979 0.983 0.991 0.996 0.997 0.997 0.997
 0 0 0 0 0.001 0.008 0.061 0.2 0.505 0.75 0.888 0.929 0.955 0.979 0.983 0.991 0.996 0.997 0.997 0.997
 0 0 0 0 0.001 0.008 0.061 0.2 0.505 0.75 0.888 0.929 0.955 0.979 0.983 0.991 0.996 0.997 0.997 0.997
#init_age_comp
1
#n_env_cov
 0
#env_cov

#spawnmo
2
#srv_mo
 7
#n_wts
 2 24 40 49 87 77 57 79 39 44 42 53 53 41 19 16 12 4 4 16
 0 1 3 29 43 94 95 45 60 45 38 61 55 43 51 20 13 10 0 20
 0 0 11 55 82 79 79 61 53 56 58 38 42 43 53 34 21 12 5 34
 0 0 5 33 89 125 60 80 67 38 45 41 37 40 44 42 24 20 3 42
 0 0 2 9 40 86 162 53 66 48 46 34 39 30 35 27 32 11 12 27
 0 0 1 20 26 173 89 122 45 39 42 31 34 22 24 29 24 23 25 29
 0 0 2 3 52 7 146 69 51 12 19 15 18 31 19 10 12 12 16 10
 0 0 1 6 27 121 31 199 89 59 13 16 27 19 28 17 10 8 22 17
 0 0 2 18 27 62 151 31 187 58 56 12 13 17 9 26 21 13 14 26
 0 0 1 20 44 19 45 134 15 170 38 57 11 17 12 19 24 18 7 19
 0 0 1 31 57 54 23 26 91 11 98 14 32 11 14 19 12 18 12 19
 0 0 3 11 36 58 32 21 21 111 8 93 15 17 8 9 13 16 8 9
 0 2 6 9 17 45 78 45 32 21 94 1 61 5 25 10 5 8 16 10
 0 0 3 35 33 26 79 67 22 21 7 85 3 96 13 12 18 11 14 12
 0 0 5 16 122 36 28 44 43 28 17 21 71 14 89 15 12 16 15 15
 0 0 10 40 51 84 21 18 37 18 11 16 12 46 6 30 7 11 8 30
 0 0 7 15 41 49 101 31 27 32 35 33 15 16 21 9 40 20 14 9
 0 0 2 32 48 55 57 176 33 25 57 42 26 12 16 32 20 41 21 32
 0 0 1 4 29 23 28 63 92 20 30 25 21 12 15 16 24 24 30 16
 0 2 1 15 31 80 42 59 64 88 34 11 21 13 11 17 11 21 8 17
 0 0 11 22 28 45 120 56 55 43 75 32 15 32 19 20 14 15 23 20
 0 0 6 24 43 42 41 158 35 44 24 36 17 9 20 18 13 11 14 18
 1 13 24 42 89 81 42 40 112 24 15 20 24 12 5 20 19 12 9 20
 0 6 27 48 31 71 59 26 47 94 15 12 15 20 10 7 16 11 12 7
 0 1 20 40 44 28 48 34 18 22 41 9 10 9 8 9 3 8 12 9
 0 1 13 105 73 79 47 83 39 19 32 57 15 19 16 12 14 18 16 12
 0 0 4 16 119 102 99 68 75 34 21 35 53 16 11 11 20 11 13 11
 0 1 7 18 27 144 90 95 48 39 38 18 17 35 13 9 7 10 14 9
 0 0 9 45 70 66 149 82 80 32 35 21 15 16 23 14 8 14 21 11
 0 0 9 45 70 66 149 82 80 32 35 21 15 16 23 14 8 14 21 11
 0 0 9 45 70 66 149 82 80 32 35 21 15 16 23 14 8 14 21 11
#growth_cov
 0.4 0.413158 0.0831579 -0.186842 1.14316 1.17316 0.423158 0.743158 0.583158 0.493158 0.113158 0.383158 0.373158 0.303158 1.21316 0.543158 0.753158 0.483158 -0.986842 -0.586842 -0.296842 0.443158 -0.526842 -1.14684 0.573158 1.14316 1.21316 0.973158 1.57316 -0.756842 0.463158 -0.756842 -0.966842 -0.896842 0.343158 -0.226842 -0.0768421 -0.216842 -0.346842 -0.616842 0.703158 -0.486842 -0.776842 0.363158 0 0
