log-posterior
-1450.1
-1450.1
-1450.1
-1471.18
-1487.49
-1496.96
-1504.73
-1514.5
-1533.06
-1537.34
-1545.52
-1553.04
-1566.97
-1568.02
-1580.62
-1586.22
-1593.5
-1603.46
-1607.05
-1610.41
-1613.63
-1621.04
-1632.53
-1631.86
-1633.56
-1636.98
-1644.86
-1648.43
-1645.96
-1645.43
-1655.65
-1643.28
-1647.06
-1650.43
-1644.98
-1647.22
-1656.35
-1655.23
-1658.05
-1657.91
-1651.76
-1656.78
-1658.96
-1656.88
-1665
-1658.14
-1660.31
-1656.44
-1655.95
-1652.71
-1667.39
-1666.45
-1667.94
-1665.34
-1661.96
-1659.74
-1657.59
-1659.74
-1665.11
-1664.29
-1657.99
-1656.94
-1655.84
-1647.3
-1659.49
-1667.56
-1667.48
-1664.28
-1669.83
-1675.55
-1675.6
-1667.06
-1669.09
-1671.47
-1668.85
-1675.54
-1674.75
-1672.34
-1668.53
-1679.57
-1683.19
-1683.19
-1682.95
-1682.62
-1690
-1683.76
-1685.2
-1680.31
-1687.71
-1700.57
-1703.21
-1708.6
-1705.7
-1709.21
-1718.53
-1717.39
-1712.58
-1714.25
-1711.31
-1708.94
-1709.65
-1710.38
-1705.49
-1703.67
-1700.62
-1705.17
-1696.68
-1689.94
-1689.87
-1694.93
-1698.57
-1696.5
-1700.91
-1698.45
-1695.16
-1695.04
-1682.36
-1681.66
-1682.11
-1684.24
-1679.65
-1679.05
-1684.43
-1688.41
-1675.15
-1670.14
-1670.46
-1665.54
-1669.5
-1670.6
-1669.01
-1662.2
-1659.75
-1662.15
-1673.68
-1665.07
-1672.73
-1677.25
-1683.32
-1680.18
-1678.03
-1685.72
-1682.63
-1688
-1679.1
-1674.05
-1666.36
-1665.54
-1666.24
-1663.51
-1661.19
-1670.78
-1668.86
-1670
-1669.6
-1674.84
-1685.26
-1673.38
-1671.75
-1670.44
-1663.79
-1668.28
-1666.11
-1663.43
-1667.26
-1664.59
-1679.24
-1670.7
-1668.56
-1668.98
-1667.76
-1679.56
-1679.12
-1677.63
-1684.24
-1682.6
-1680.64
-1682.72
-1671.76
-1674.18
-1676.09
-1679.68
-1671.56
-1680.4
-1684.07
-1677.26
-1670.17
-1672.11
-1671.09
-1666.41
-1662.75
-1664.12
-1654.6
-1654.63
-1656.27
-1657.77
-1660.99
-1669.4
-1662.08
-1663.82
-1677.45
-1673.2
-1678.64
-1679.88
-1674.59
-1666.85
-1663.17
-1665.09
-1673.13
-1674.7
-1673.83
-1678.1
-1677.73
-1673.73
-1678.55
-1680.11
-1680.29
-1680
-1677.92
-1679.47
-1678.02
-1681.99
-1673.64
-1679.61
-1675.82
-1676.97
-1681.19
-1684
-1687.8
-1689.73
-1677.86
-1680.78
-1679.7
-1676.14
-1662.78
-1659.34
-1665.28
-1669.95
-1676.21
-1676.91
-1682.57
-1677.97
-1675.13
-1676.74
-1676.68
-1674.83
-1675.92
-1678.21
-1680.78
-1680.48
-1683.56
-1671.34
-1675.1
-1673.06
-1672.55
-1676.15
-1670.23
-1677.13
-1678.6
-1680.68
-1694.24
-1693.89
-1704.23
-1703.32
-1700.68
-1706.13
-1713.18
-1715.55
-1717.45
-1714.95
-1720.8
-1719.19
-1723.5
-1715.1
-1725.84
-1730.81
-1727.31
-1713.76
-1714.92
-1714.9
-1712.36
-1708.82
-1707.27
-1712.12
-1697.48
-1705.84
-1712.28
-1708.39
-1715.36
-1715.43
-1715.79
-1706.7
-1704.15
-1701.07
-1705.57
-1710.75
-1715.75
-1711.79
-1704.86
-1713.01
-1712.53
-1710.19
-1719.54
-1708.79
-1711.02
-1704.44
-1706.1
-1713.46
-1715.2
-1704.35
-1691.39
-1697.56
-1704.41
-1703.44
-1712.75
-1719.23
-1705.99
-1705.57
-1707.05
-1704.46
-1705.94
-1718.88
-1711.06
-1714.53
-1710.95
-1701.25
-1705.74
-1708.51
-1704.5
-1711.58
-1722.9
-1723.28
-1709.82
-1710.17
-1707.83
-1701.74
-1699.45
-1697.59
-1696.17
-1688.54
-1682.35
-1687.09
-1681.62
-1675.51
-1663.96
-1674.4
-1680.21
-1682.94
-1690.33
-1689.42
-1689.92
-1689.22
-1693
-1697.28
-1697.03
-1689.8
-1697.6
-1706.02
-1705.52
-1716.58
-1706.37
-1697.26
-1704.66
-1710.19
-1708.09
-1715.9
-1710.73
-1717.55
-1708.67
-1708.53
-1696.61
-1700.86
-1691.05
-1698.22
-1710.68
-1711.55
-1712.47
-1714.69
-1709.79
-1700.54
-1710.76
-1707.33
-1689
-1696.81
-1702.08
-1704.88
-1709.43
-1710.64
-1707.91
-1706.25
-1695.3
-1700.42
-1700.2
-1714.46
-1711.14
-1714.64
-1714.24
-1707.05
-1707.84
-1706.93
-1700.01
-1702.47
-1704.36
-1702.93
-1701.62
-1712.04
-1721.52
-1717.27
-1723.74
-1721.96
-1723.48
-1733.1
-1721.03
-1708.5
-1708.36
-1704.98
-1709.63
-1708.37
-1699.25
-1701.19
-1699.55
-1718.18
-1707.89
-1694.64
-1694.74
-1693.61
-1684.87
-1677.65
-1678.3
-1681.54
-1683.92
-1681.08
-1679.59
-1689.03
-1689.38
-1685.48
-1683.97
-1677.33
-1679.51
-1682.43
-1695.87
-1687.23
-1688.51
-1694.44
-1692.95
-1697.28
-1699.1
-1698.58
-1697.56
-1701.59
-1705.22
-1706.43
-1720.76
-1715.75
-1724.99
-1724.06
-1721.27
-1718.37
-1708.5
-1701.85
-1700.24
-1706.97
-1707.08
-1705.23
-1702.73
-1709.69
-1711.03
-1711.96
-1718.85
-1719.08
-1719.37
-1719.97
-1722.23
-1719.69
-1721.27
-1713.38
-1716.97
-1715.89
-1712.36
-1712.34
-1711.96
-1705.67
-1700.24
-1702.14
-1708.54
-1707.18
-1712.09
-1700.6
-1709.11
-1711.11
-1713.76
-1715.48
-1710.81
-1714.32
-1713.8
-1720.34
-1722.68
-1715.4
-1710.64
-1724.63
-1717.87
-1706.94
-1709.49
-1708.98
-1708.51
-1705.18
-1710.46
-1712.08
-1717.57
-1709.56
-1713.52
-1701.87
-1703.43
-1709.71
-1694.29
-1685.07
-1676.43
-1684.34
-1678.25
-1674.82
-1683.32
-1675.02
-1681.87
-1692.6
-1692.3
-1692.25
-1684.73
-1688.37
-1679.02
-1674.81
-1671.97
-1663.84
-1666.99
-1669.79
-1675.64
-1686.54
-1683.05
-1674.93
-1680.66
-1685.95
-1688.79
-1681.18
-1682.46
-1686.25
-1687.54
-1684.19
-1679.29
-1689.05
-1701.99
-1703.28
-1704.75
-1705.16
-1709.01
-1696.5
-1706.89
-1693.67
-1689.2
-1693.42
-1692.72
-1686.59
-1684.82
-1686.35
-1686.31
-1687.07
-1678.4
-1685.03
-1689.41
-1692.61
-1689.84
-1697.07
-1697.78
-1714.64
-1711.94
-1703.93
-1702.84
-1705.59
-1704.5
-1706.78
-1701.56
-1704.35
-1697.47
-1701.97
-1693.23
-1706.6
-1702.13
-1696.3
-1697.54
-1700.24
-1694.85
-1698.87
-1702.35
-1702
-1689.86
-1695.43
-1691.87
-1686.48
-1692.87
-1698.15
-1701.01
-1706.09
-1701.77
-1708.93
-1708.3
-1708.27
-1711.31
-1703.91
-1698.56
-1705.4
-1702.7
-1704.17
-1694.54
-1697.94
-1704.43
-1696.31
-1702.01
-1702.31
-1698.65
-1704.86
-1708.14
-1700.65
-1697.06
-1695.99
-1698.24
-1700.13
-1704.8
-1696.33
-1692.39
-1688.86
-1690.28
-1689.44
-1696.33
-1685.05
-1681.61
-1677.71
-1672.83
-1678.98
-1675.57
-1681.71
-1692.16
-1694.03
-1690.95
-1690.94
-1681.36
-1686.07
-1687.41
-1686.24
-1688.73
-1682.02
-1672.79
-1668.43
-1677.9
-1683.52
-1682.75
-1684.98
-1679.26
-1678.14
-1674.99
-1677.78
-1681.98
-1675.82
-1684.94
-1680.16
-1676.17
-1681.06
-1686.39
-1681.72
-1684.64
-1680.08
-1683.67
-1685
-1682.58
-1688.41
-1691.96
-1693.61
-1684.39
-1689.13
-1695.53
-1699.35
-1710.43
-1705.39
-1709.54
-1704.58
-1699.84
-1702.88
-1710.98
-1716.76
-1706.69
-1704.67
-1704.94
-1712
-1718.9
-1709.33
-1710.17
-1713.7
-1717.32
-1730.11
-1718.55
-1713.48
-1707.11
-1706.64
-1700.77
-1700.08
-1698.41
-1693.61
-1693.22
-1687.38
-1694.03
-1696.3
-1703.25
-1703.01
-1705.76
-1716.87
-1703.28
-1695.89
-1699.98
-1688.38
-1687.77
-1685.86
-1692.98
-1695.05
-1697.58
-1694.73
-1692.88
-1700.46
-1705.36
-1706.17
-1711.97
-1712.58
-1715.32
-1719.36
-1723.54
-1720.44
-1719.96
-1720.74
-1728.77
-1712.57
-1716.26
-1711.04
-1708.93
-1705.64
-1708.63
-1701.14
-1709.41
-1702.32
-1705.96
-1690.68
-1687.88
-1686.92
-1677.81
-1679.58
-1677.44
-1676.08
-1684.51
-1689.24
-1682.15
-1678.32
-1688.91
-1690.95
-1691.61
-1696.3
-1702.39
-1698.52
-1691.77
-1696.07
-1687.71
-1699.75
-1697.53
-1700.21
-1701.57
-1691.48
-1695.7
-1694.97
-1693.59
-1689.52
-1690.45
-1683.89
-1668.99
-1668.26
-1676.22
-1677.5
-1679.45
-1679.73
-1680.01
-1676.39
-1672.4
-1676.25
-1670.52
-1671.36
-1672.22
-1667.1
-1669.48
-1667.3
-1665.84
-1669.51
-1675.7
-1676.44
-1688.56
-1681.64
-1695.61
-1689.61
-1690.43
-1689.68
-1695.03
-1700.05
-1701.08
-1697.77
-1699.14
-1705.7
-1706.52
-1704.14
-1713.93
-1708.27
-1706.21
-1710.25
-1699.81
-1692.66
-1692.84
-1699.34
-1699.65
-1701.63
-1703.7
-1703.4
-1703.99
-1714.61
-1718.43
-1721.6
-1716.72
-1719.82
-1718.33
-1726.78
-1732.31
-1730.66
-1730.26
-1730.97
-1717.72
-1726.52
-1713.51
-1717.84
-1717.4
-1714.9
-1711.16
-1709.87
-1712.68
-1716.29
-1714.82
-1713.33
-1707.6
-1692.01
-1701.24
-1704.92
-1708.7
-1713.85
-1725.53
-1728.45
-1736.87
-1738.54
-1738.64
-1722.43
-1726.64
-1718.52
-1728.1
-1725.14
-1719.57
-1719.14
-1716.96
-1733.78
-1732.39
-1727.36
-1727.76
-1729.42
-1727.66
-1737.64
-1731.35
-1738.38
-1745.38
-1740.29
-1734.91
-1735.57
-1740.94
-1741.42
-1739.78
-1741.72
-1739.28
-1737.11
-1728.1
-1727.93
-1723.69
-1719.95
-1720.89
-1711.95
-1717.74
-1718.4
-1721.62
-1720.82
-1718.18
-1713.41
-1720.51
-1725.87
-1735.26
-1732.72
-1732.06
-1719.58
-1721.49
-1710.41
-1708.33
-1710.53
-1720.1
-1720.97
-1723.24
-1723.3
-1713.91
-1718.12
-1716.48
-1716.67
-1717.24
-1713.71
-1713.31
-1711.95
-1713.49
-1708.99
-1710.5
-1711.38
-1698.04
-1695.91
-1695.11
-1694.64
-1711.26
-1705.81
-1714.17
-1715.41
-1722.56
-1720.6
-1730.13
-1721.57
-1724.41
-1729.38
-1724.02
-1716.5
-1721.67
-1723.16
-1721.53
-1719.5
-1717.49
-1717.54
-1722.32
-1713.07
-1714.22
-1701.51
-1696.48
-1706.13
-1707.43
-1709.96
-1704.57
-1700.56
-1701.89
-1696.39
-1696.44
-1691.28
-1699.31
-1710.02
-1708.76
-1702.84
-1706.6
-1712.1
-1707.9
-1714.5
-1714.56
-1713.31
-1713.73
-1711.97
-1717.05
-1711.77
-1713.03
-1711.79
-1714.4
-1714.41
-1721.73
-1712.38
-1712.66
-1715.76
-1704.65
-1701.5
-1699.29
-1698.85
-1706.25
-1704.31
-1709.01
-1712.19
-1704.51
-1706.74
-1698.19
-1708.88
-1704.23
-1704.66
-1700.07
-1697.75
-1710.24
-1700.15
-1701.2
-1698.36
-1705.14
-1698.8
-1702.82
-1707.61
-1707.36
-1700.21
-1694.44
-1691.23
-1687.99
-1684.24
-1685.8
-1693.37
-1684.1
-1682.5
-1693.55
-1684.96
-1688.25
-1692.74
-1694.7
-1689.4
-1688.93
-1686.1
-1696.83
-1698.88
-1703.31
-1717.08
-1704.98
-1704.16
-1699.93
-1695.21
-1692.58
-1687.26
-1693.6
-1689.73
-1682.15
-1696.21
-1695.1
-1687.69
-1690.76
-1697.1
-1698.85
-1703.83
-1699.95
-1702.4
-1705.33
-1707
-1709.8
-1711
-1710.46
-1708.19
-1716
-1705.61
-1705.9
-1707.68
-1700.77
-1705.61
-1702.89
-1694.72
-1695.88
-1692.34
-1691
-1685.45
-1679.84
-1675.02
-1675.78
-1683.7
-1678.79
-1672.97
-1681.05
-1674.67
-1683.35
-1685.59
-1690.83
-1696.01
-1690.08
-1689.05
-1689.37
-1699.54
-1695.99
-1688.45
-1697.71
-1701.93
-1701.18
-1693.37
-1703.9
-1710.09
-1709.37
-1707.95
-1711.79
-1699.85
-1703.68
-1697.1
-1701.14
-1697.82
-1698.42
-1694.01
-1689.27
-1689.34
-1698.75
-1701.33
-1697.7
-1690.54
-1688.79
-1692.8
-1696.86
-1702.44
-1705.05
-1710.81
-1703.8
-1701.95
-1696.3
-1704.17
-1696.53
-1703.27
-1698.34
-1698.26
-1698.44
-1694.94
-1688.22
-1688.9
-1689.5
-1696.73
-1698.55
-1686.56
-1689.55
-1689.38
-1693.65
-1691.06
-1684.57
-1689.76
-1694.83
-1690.48
-1694.22
-1691
-1689.39
-1691.88
-1690.13
-1693.57
-1686.58
-1687.29
-1687.61
-1688.53
-1677.05
-1677.73
-1672.47
-1672.12
-1669.63
-1668.79
-1672.49
-1678.09
-1678.79
-1681.09
-1672.97
-1679.63
-1682.42
-1680.12
-1679.12
-1687.09
-1687.41
-1679.75
-1681.99
-1678.83
-1673.45
-1671.15
-1676.93
-1681.61
-1692.5
-1687.93
-1690
-1690.16
-1702.12
-1707.07
-1704.04
-1703.77
-1701.67
-1697.26
-1700.74
-1699.05
-1703.56
-1702.8
-1693.54
-1689.6
-1682.01
-1678.93
-1698.61
-1701.38
-1700.85
-1702.05
-1713.25
-1703.62
-1702.54
-1703.76
-1706.18
-1710.69
-1712.79
-1712.83
-1712.12
-1703.72
-1700.18
-1703.45
-1702.11
-1701.35
-1700.64
-1700.25
-1689.12
-1693.41
-1683.53
-1690.17
-1699.16
-1696.88
-1705.56
-1700.41
-1699.83
-1698.61
-1697.78
-1697.55
-1694.12
-1692.03
-1692.96
-1690.55
-1691.49
-1687.14
-1690.82
-1693.65
-1692.2
-1702.05
-1704.34
-1702.76
-1706.31
-1709.53
-1698.8
-1698.03
-1699.73
-1694.73
-1690.26
-1703.55
-1703.99
-1706.51
-1707.82
-1702.39
-1705.14
-1710.99
-1718.34
-1717.18
-1707.02
-1707.92
-1699.88
-1712.79
-1715.23
-1714.1
-1710.57
-1714.65
-1717.67
-1716.5
-1717.58
-1720.83
-1719.88
-1718.37
-1723.2
-1709.48
-1708.71
-1715.65
-1713.18
-1719.57
-1725.75
-1724.89
-1719.39
-1720.49
-1725.31
-1729.55
-1737.03
-1734.14
-1718.04
-1718.32
-1718.27
-1716.24
-1716.19
-1720.16
-1723.8
-1718.97
-1720.32
-1728.47
-1724.11
-1720.91
-1716.25
-1720.16
-1718.51
-1711.32
-1708.1
-1696.56
-1697.68
-1693.93
-1715.04
-1716.72
-1718.61
-1712.25
-1719.51
-1718.25
-1718.29
-1708.96
-1711.46
-1704.32
-1707.84
-1714.94
-1712.41
-1715.78
-1719.26
-1715.97
-1724.68
-1731.3
-1737.45
-1729.32
-1725.81
-1722.19
-1725.12
-1719.28
-1721.76
-1724.21
-1727.67
-1718.19
-1719.11
-1720.26
-1721.5
-1727.94
-1722.23
-1727.97
-1717.68
-1709.92
-1716.29
-1716.16
-1703.68
-1715.71
-1701.13
-1708.05
-1700.18
-1699.72
-1691.03
-1696.52
-1696.16
-1691.25
-1689.23
-1689.89
-1696.33
-1687.55
-1695
-1685.17
-1690.76
-1690.66
-1691.87
-1696.04
-1697.82
-1700.67
-1704.17
-1703.95
-1712.76
-1712.06
-1706.98
-1713.2
-1719.49
-1710.21
-1712.7
-1705.78
-1711.61
-1713.04
-1720.9
-1712.27
-1711.63
-1710.86
-1705.14
-1708.04
-1704.81
-1718.72
-1713.24
-1701.82
-1702.73
-1700.03
-1700.45
-1704.85
-1702.83
-1693
-1697.06
-1690.84
-1685.72
-1697.64
-1685.25
-1685.53
-1691.59
-1681.85
-1677.08
-1675.79
-1679.55
-1692.08
-1688.84
-1702.28
-1691.07
-1690.91
-1684.12
-1680.64
-1699.74
-1715.12
-1710.57
-1704.19
-1721.16
-1717.65
-1717.86
-1716.47
-1718.53
-1716.62
-1725.39
-1728.26
-1723.17
-1723.81
-1719.18
-1717.05
-1719.98
-1719.2
-1715.54
-1715.07
-1720.88
-1714.61
-1712.87
-1705.61
-1702.64
-1705.12
-1712.02
-1713.86
-1702.54
-1703.1
-1710.21
-1713.47
-1711.63
-1705.75
-1708.11
-1707.56
-1704.24
-1711.02
-1712.25
-1715.81
-1721.11
-1717.46
-1718.37
-1723.42
-1715.6
-1713.73
-1714.85
-1716.86
-1716.22
-1721.79
-1710.33
-1719.5
-1718.2
-1721.41
-1712.43
-1707.99
-1688.05
-1683.45
-1678.32
-1676.95
-1685.49
-1693.24
-1691.21
-1689.29
-1689.11
-1690.56
-1683.88
-1691.03
-1686.16
-1686.54
-1682.23
-1677.29
-1675.18
-1664.8
-1671.42
-1684.31
-1676.37
-1682.41
-1684.87
-1684.19
-1704.18
-1708.41
-1711.97
-1712.84
-1710.7
-1720.5
-1713.59
-1714.76
-1710.08
-1705.31
-1709.13
-1705.55
-1707.63
-1694.19
-1688.67
-1685.84
-1698.28
-1684.15
-1676.8
-1686.98
-1680.22
-1669.77
-1673.65
-1666.83
-1666.54
-1663.19
-1665.31
-1665.55
-1667.71
-1681.25
-1688.46
-1683.32
-1685.65
-1680.47
-1675.36
-1692.56
-1692.86
-1699.13
-1699.19
-1711.37
-1705.53
-1710.55
-1709.41
-1706.24
-1703.69
-1700.81
-1695.88
-1695.26
-1698.61
-1706.59
-1714.51
-1712.04
-1709.15
-1710.74
-1700.15
-1701.25
-1709.01
-1692.19
-1685.32
-1686.04
-1690.45
-1686.98
-1693
-1689.33
-1696.4
-1692.31
-1689.41
-1696.48
-1705.47
-1702.37
-1701.62
-1707.75
-1704.47
-1709.68
-1710.28
-1715.37
-1714.69
-1720.4
-1720.52
-1721.26
-1711.73
-1722.34
-1718.62
-1718.64
-1720.25
-1723.84
-1725.6
-1725.17
-1716.3
-1709.6
-1713.15
-1707.33
-1703.55
-1696.24
-1701.57
-1706.82
-1699.68
-1698.24
-1691.06
-1702.24
-1702.91
-1709.28
-1713.77
-1702.82
-1693.96
-1690.45
-1694.65
-1702.35
-1711.38
-1711.87
-1712.33
-1695.67
-1702.58
-1698
-1704.94
-1700.65
-1700.91
-1702.7
-1691.28
-1692.59
-1690.07
-1697.41
-1703.92
-1699.35
-1707.65
-1709.26
-1715.59
-1726.62
-1711.6
-1707.58
-1710.38
-1706.91
-1721.81
-1728.13
-1717.47
-1723.75
-1727.43
-1735.25
-1725.12
-1715.94
-1706.17
-1716.67
-1720.47
-1721.59
-1722.69
-1724.79
-1720.47
-1723.18
-1715.32
-1723.76
-1717.14
-1719.69
-1712.33
-1709.08
-1705.51
-1712.58
-1726.13
-1726.66
-1718.19
-1716.96
-1726.58
-1717.66
-1708.95
-1702.07
-1701.96
-1707.93
-1706.7
-1707.29
-1704.41
-1713.26
-1712.39
-1723.96
-1716.87
-1726.98
-1714.33
-1716.09
-1718.6
-1717.27
-1712.97
-1713.06
-1731.49
-1724.59
-1715.17
-1707.16
-1710.83
-1700.39
-1702.63
-1703.13
-1713.09
-1716.21
-1705.77
-1700.94
-1704.52
-1703.95
-1707.23
-1704.04
-1697.81
-1707.18
-1715.51
-1718.51
-1719.64
-1712.1
-1717.06
-1724.43
-1728.02
-1730.62
-1725.07
-1729.62
-1730.31
-1719.49
-1717.53
-1724.38
-1718.03
-1720.76
-1719.19
-1714.92
-1721.62
-1719.43
-1715.34
-1716.57
-1718.77
-1721.56
-1727.11
-1727.62
-1734.65
-1729.07
-1719.26
-1722.68
-1730.8
-1726.77
-1736.62
-1729.44
-1721.73
-1724.12
-1724.32
-1720.91
-1709.21
-1708.04
-1708.61
-1712.91
-1704.63
-1694.08
-1689.54
-1691.04
-1694.44
-1692.37
-1695.69
-1700.84
-1701.95
-1705.01
-1696.95
-1696.65
-1698.89
-1695.68
-1706.31
-1716.95
-1717.78
-1712.95
-1720.8
-1723.03
-1725.71
-1723.97
-1726.29
-1720.39
-1718.03
-1717.32
-1719.11
-1715.7
-1708.99
-1711.01
-1710.57
-1710.08
-1706.59
-1707.74
-1717.4
-1711.39
-1721.38
-1725.4
-1713.74
-1717.14
-1713.39
-1716.28
-1726.84
-1721.45
-1721.15
-1717.32
-1714.42
-1708.88
-1705.25
-1710.59
-1702.98
-1708.36
-1705.56
-1699.47
-1700.37
-1692.56
-1701.86
-1704.45
-1692.15
-1691.97
-1693.6
-1691.29
-1710.48
-1710.55
-1709.52
-1704.46
-1705.9
-1712.64
-1709.49
-1707.04
-1707.81
-1703.78
-1708.66
-1711.85
-1707.34
-1711.75
-1716.35
-1712.55
-1716.57
-1706.08
-1697.09
-1698.79
-1690.15
-1687.59
-1685.78
-1683.02
-1678.42
-1675.83
-1682.62
-1682.76
-1673.31
-1679.11
-1681.31
-1682.44
-1678.34
-1694.09
-1694.1
-1694.09
-1694.41
-1702.97
-1690.58
-1684.56
-1695.84
-1704.28
-1708.25
-1702.89
-1700.06
-1701.02
-1696.85
-1702.37
-1693.38
-1695.81
-1696.85
-1704.22
-1699.22
-1708.55
-1712.08
-1715.76
-1706.21
-1703.55
-1698.43
-1706.06
-1697.34
-1702.83
-1691.22
-1697.5
-1693.81
-1696.94
-1698.22
-1709.71
-1714.69
-1701.17
-1710.23
-1702.67
-1709.04
-1711.81
-1709.94
-1712.18
-1700.12
-1705.9
-1694.74
-1689.47
-1691.83
-1685.65
-1692.24
-1697.61
-1694.08
-1702.16
-1716.64
-1704.66
-1700.19
-1698.95
-1696.98
-1707.1
-1712.97
-1709.01
-1720.97
-1710.76
-1721.22
-1721.74
-1715.17
-1720.02
-1714.15
-1718.69
-1712.11
-1720.35
-1726.92
-1724.42
-1723.31
-1725.18
-1717.98
-1713.65
-1705.19
-1697.83
-1694.98
-1698.06
-1698.51
-1693.76
-1697.22
-1696.18
-1697.24
-1694.22
-1695.17
-1702.97
-1693.08
-1700.09
-1698.38
-1696.18
-1684.69
-1693.64
-1703.15
-1688.94
-1694.71
-1690.7
-1683.16
-1682.56
-1687.11
-1695.53
-1676
-1677.39
-1695.44
-1695.78
-1699.12
-1694.67
-1699.7
-1703.8
-1694.95
-1698.31
-1702.46
-1697.49
-1699.07
-1714.46
-1715.15
-1713.6
-1718.65
-1719.66
-1720.49
-1724.76
-1728.48
-1717.74
-1718.76
-1714.45
-1710.55
-1713.75
-1725.62
-1720.01
-1720.18
-1706.91
-1703.21
-1700.91
-1694.61
-1695.76
-1700.45
-1693.54
-1690.83
-1688.52
-1695.29
-1701.53
-1715.87
-1726.83
-1727
-1730.84
-1726.72
-1724.57
-1718.55
-1719.72
-1729.28
-1730.68
-1732.66
-1734.12
-1741.59
-1739.24
-1744.28
-1744.59
-1742.01
-1746.27
-1747.94
-1741.47
-1735.87
-1737.63
-1732.66
-1729.94
-1729.45
-1743.03
-1730.42
-1724.36
-1719.98
-1717.01
-1705.61
-1698
-1700
-1708.16
-1707.56
-1711.8
-1708.32
-1712.64
-1704.56
-1696.04
-1694.22
-1700.58
-1709.16
-1713.39
-1703.43
-1711.54
-1708.32
-1715.2
-1717.06
-1722.36
-1727.7
-1726.52
-1724.88
-1730.1
-1725.95
-1724.87
-1730.2
-1719.18
-1725.24
-1718.3
-1711.86
-1712.54
-1708.37
-1713.45
-1727.49
-1726.43
-1728.5
-1723.26
-1714.21
-1709.65
-1707.63
-1706.75
-1714.13
-1706.04
-1707.72
-1705.44
-1703.72
-1697.15
-1713.68
-1702.51
-1706.88
-1707.48
-1715.93
-1725.53
-1722.52
-1724.35
-1719.8
-1713.26
-1705.29
-1702.33
-1701.73
-1703.06
-1699.39
-1702.56
-1702.03
-1696.3
-1707.86
-1709.26
-1707.41
-1709.27
-1718.83
-1720.66
-1715.06
-1724.73
-1728.39
-1724.96
-1713.81
-1731.78
-1725.63
-1724.3
-1725.51
-1728.8
-1722.04
-1712.55
-1707.7
-1710.47
-1701.23
-1706.44
-1694.71
-1702.58
-1710.59
-1703.71
-1711.42
-1712.67
-1707.82
-1717.63
-1721.59
-1715.94
-1713.48
-1719.4
-1720.6
-1709.35
-1706.82
-1703.14
-1702.98
-1703.14
-1708.43
-1705.22
-1715.38
-1712.66
-1707.43
-1694.94
-1717.88
-1700.02
-1696.47
-1703.11
-1697.22
-1712.52
-1702.07
-1705.88
-1697.1
-1706.42
-1699.54
-1704.91
-1710.9
-1707.46
-1703.48
-1714.18
-1724.26
-1718.92
-1727.47
-1723.66
-1734.92
-1739.37
-1743.46
-1737.87
-1735.79
-1739.09
-1735.73
-1740.23
-1737.39
-1739.86
-1731.28
-1730.18
-1724.86
-1725.84
-1725.11
-1721.82
-1721.9
-1717.49
-1703.5
-1706.75
-1709.24
-1707.42
-1704.14
-1699.33
-1709.81
-1707.87
-1712.8
-1721.36
-1722.86
-1716.73
-1712.75
-1710.05
-1707.66
-1714.11
-1709.25
-1699.39
-1698.27
-1695.69
-1702.6
-1701.28
-1703.23
-1704.88
-1720.2
-1714.32
-1711.85
-1703.49
-1716.19
-1710.84
-1718.9
-1717.49
-1713.24
-1715.18
-1703.29
-1706.32
-1713.57
-1710
-1707.96
-1705.48
-1711.26
-1702.73
-1710.28
-1712.39
-1708.86
-1708.85
-1706.42
-1699.14
-1699.01
-1717.59
-1707.9
-1705.08
-1712.72
-1707.09
-1703.85
-1699.04
-1705.75
-1703.04
-1696.67
-1708.6
-1723.32
-1716.23
-1718.08
-1717.75
-1716.64
-1703.43
-1712.75
-1709.88
-1710.16
-1714.35
-1706.28
-1710.69
-1717.47
-1715.49
-1717.66
-1708.53
-1702.8
-1705.28
-1711.72
-1709.84
-1706.46
-1706.29
-1702.92
-1696.01
-1699.1
-1701.06
-1705.94
-1707.52
-1703.01
-1716.3
-1715.1
-1718.85
-1730.22
-1749.43
-1745.67
-1738.52
-1735.01
-1726.86
-1726.68
-1730.21
-1721.19
-1706.75
-1702.15
-1692.12
-1711.88
-1716.29
-1719.05
-1711.3
-1707.45
-1703.85
-1693.68
-1709.57
-1702.75
-1708.67
-1718.19
-1718.36
-1703.61
-1704.61
-1715.97
-1726.42
-1713.11
-1717.62
-1713.94
-1710.51
-1704.81
-1705.77
-1707.03
-1697.09
-1698.89
-1696.87
-1699.28
-1696.09
-1696.55
-1694.77
-1682.48
-1683.67
-1686.69
-1693.82
-1679.53
-1683.38
-1701.47
-1686.5
-1682.38
-1678.13
-1680.02
-1670.31
-1669.17
-1661.3
-1662.78
-1661.54
-1669.17
-1674.06
-1688.36
-1689.69
-1692.19
-1681.61
-1680.31
-1685.81
-1683.88
-1678.09
-1674.93
-1682.99
-1675.76
-1678.63
-1688.19
-1692.14
-1702.25
-1702.8
-1705.15
-1703.29
-1710.72
-1705.75
-1711.48
-1716.04
-1712.3
-1711.27
-1719.14
-1729.01
-1722.44
-1705.02
-1707.28
-1710.66
-1717.1
-1704.53
-1712.55
-1715.66
-1713.85
-1711.97
-1707.7
-1703.71
-1704.01
-1705.58
-1716.9
-1712.57
-1716.7
-1715.66
-1716.71
-1710.7
-1715.73
-1717.76
-1723.66
-1719.68
-1722.97
-1715.76
-1708.46
-1709.65
-1709.25
-1709.02
-1716.41
-1716.44
-1707.8
-1702.23
-1711.44
-1718.09
-1718.24
-1722.67
-1719.49
-1719.48
-1712.73
-1712.39
-1710.36
-1702.67
-1703.9
-1705.7
-1710.04
-1705.9
-1701.99
-1706.1
-1714.65
-1701.82
-1706.94
-1708.43
-1710.91
-1707.78
-1708.42
-1707.27
-1706.67
-1703.43
-1710.9
-1714.69
-1716.53
-1717.89
-1716.51
-1717.96
-1716.3
-1711.19
-1710.74
-1712.21
-1705.92
-1706.62
-1713.11
-1715.21
-1707.67
-1711.33
-1715.85
-1729.16
-1722.15
-1715.92
-1716.79
-1715.53
-1718.15
-1723.43
-1730.48
-1729.13
-1728.39
-1730.6
-1724.63
-1715.31
-1722.29
-1710.94
-1716.75
-1701.78
-1713.21
-1702.27
-1697.72
-1710.62
-1708.68
-1706.84
-1700.01
-1698.18
-1690.28
-1698.81
-1703.74
-1699.05
-1696.45
-1690.78
-1695.09
-1696.07
-1695.77
-1695.71
-1693.5
-1690.04
-1694.18
-1699.63
-1699.65
-1707.3
-1708.22
-1710.1
-1711.54
-1715.83
-1712.66
-1720.39
-1724.94
-1712.65
-1717.53
-1712.6
-1706.37
-1711.22
-1707.89
-1710.59
-1692.87
-1691.38
-1703.38
-1713.52
-1704.57
-1702.71
-1694.68
-1699.26
-1707.52
-1713.94
-1709.41
-1698.43
-1686.29
-1685.49
-1685.09
-1690.66
-1690.56
-1683.14
-1686.56
-1678.74
-1673.51
-1666.98
-1676.95
-1674.03
-1675.41
-1672.79
-1681.09
-1677.62
-1675.64
-1680.56
-1694.21
-1685.81
-1679.11
-1692.42
-1692.3
-1695.12
-1692.39
-1707.93
-1697.86
-1703.65
-1702.06
-1702.96
-1696.31
-1696.76
-1688.62
-1699.8
-1699.29
-1704.77
-1703.24
-1711.32
-1710.9
-1707.9
-1706.61
-1707.14
-1694.7
-1702.04
-1697.91
-1705.32
-1706.37
-1701.64
-1704.4
-1703.74
-1702.37
-1705
-1712.72
-1711.35
-1724.44
-1723.3
-1724.74
-1725.82
-1728.01
-1722.45
-1729.98
-1725.26
-1727.67
-1722.75
-1713.48
-1712.76
-1706.27
-1701.52
-1701.15
-1705.23
-1706.16
-1704.48
-1702.64
-1705.27
-1704.5
-1698.41
-1695.87
-1690.44
-1686.25
-1694.58
-1690.02
-1697.55
-1695.03
-1702.03
-1699.1
-1693.92
-1693.91
-1690.73
-1710.77
-1702.36
-1693.05
-1695.73
-1684.81
-1688.87
-1681.32
-1683.67
-1689.77
-1690.13
-1695.54
-1697.32
-1687.09
-1700.04
-1698.75
-1693.86
-1684.55
-1684.46
-1688.2
-1686.6
-1686.33
-1688.43
-1695.94
-1705.08
-1711.96
-1710.08
-1709.39
-1705.09
-1708.55
-1708.58
-1706.57
-1708.48
-1710.8
-1710.77
-1702.47
-1692.34
-1687.49
-1696.14
-1691.09
-1698.45
-1708.23
-1710.1
-1712.7
-1703.83
-1707.64
-1714.08
-1697.51
-1693.12
-1697.33
-1686.5
-1694.74
-1690.65
-1694.98
-1695.26
-1697.43
-1690.03
-1697.21
-1714.19
-1706.24
-1707.11
-1697.32
-1692.76
-1695.73
-1700.87
-1702.82
-1706.09
-1709.24
-1700.64
-1698.21
-1700.31
-1703.15
-1716.81
-1726.18
-1718.14
-1724.66
-1715.99
-1723.09
-1722.07
-1724.15
-1730.92
-1727.51
-1722.87
-1725.26
-1736.51
-1729.69
-1729.11
-1732.83
-1725.2
-1728.19
-1725.07
-1717.86
-1696.4
-1700.57
-1706.18
-1695.35
-1692.46
-1695.49
-1696.97
-1697.92
-1695.67
-1694.59
-1696.38
-1706.6
-1713.17
-1713.05
-1715.03
-1705.89
-1708.62
-1701
-1704.61
-1705.68
-1704.55
-1712.58
-1701.52
-1698.48
-1717.45
-1723.61
-1730.79
-1739.19
-1743.69
-1736.89
-1726.03
-1718.85
-1722.2
-1725.84
-1723.18
-1716.97
-1721.72
-1713.73
-1703.84
-1701.68
-1708.08
-1701.69
-1701.96
-1694.32
-1697.94
-1698.79
-1694.7
-1695.15
-1703.12
-1704.22
-1693.52
-1702.53
-1704.76
-1697.09
-1694.03
-1705.86
-1707.98
-1704.37
-1711.19
-1708.69
-1716.52
-1718.79
-1710.85
-1704.1
-1703.91
-1712.24
-1702.54
-1704.62
-1709.48
-1713.98
-1708.34
-1706.41
-1706.7
-1713.17
-1710.43
-1704.77
-1704.13
-1707.16
-1707.05
-1711.75
-1702.24
-1696.34
-1702.87
-1694.72
-1694.86
-1699.36
-1698.15
-1703.01
-1704.61
-1700.21
-1703.63
-1704.34
-1702.72
-1699.17
-1698.86
-1692.15
-1696.59
-1699.12
-1695.69
-1699.13
-1695.41
-1696.77
-1695.27
-1701.35
-1692.13
-1695.79
-1696.27
-1693.18
-1695.43
-1700.25
-1708.13
-1704.12
-1700.08
-1696.67
-1688.27
-1688.9
-1683.13
-1681.3
-1685.25
-1680.96
-1673.04
-1691.1
-1688.04
-1688.51
-1686.41
-1676.94
-1673.52
-1673.06
-1669.25
-1669.19
-1673.6
-1665.78
-1667.71
-1664.65
-1665.63
-1670.49
-1670.8
-1672.65
-1678.02
-1677.4
-1680.52
-1677.88
-1689.41
-1690.06
-1689.05
-1692.64
-1700.25
-1690.09
-1692.97
-1690.56
-1695.19
-1698.15
-1690.36
-1689.69
-1688.91
-1692.54
-1690.68
-1687.12
-1701.43
-1704.71
-1708.23
-1702.9
-1707.03
-1701.35
-1702.44
-1691.76
-1691.17
-1690.65
-1695.37
-1700.4
-1700.11
-1700.32
-1710.91
-1712.5
-1716.67
-1708.08
-1714.61
-1715.9
-1722.52
-1709.43
-1698.92
-1709.57
-1705.45
-1701.95
-1702.44
-1700.47
-1701.13
-1700.67
-1703.7
-1695.55
-1699.21
-1692.13
-1691.38
-1694.98
-1693.83
-1698.26
-1695.21
-1705.29
-1701.6
-1697.12
-1693.87
-1697.73
-1696.8
-1686.42
-1686.11
-1686.81
-1692.15
-1688.32
-1683.75
-1680.09
-1685.86
-1691.11
-1683.65
-1685.9
-1687.21
-1690.75
-1687.4
-1698.04
-1703.54
-1697.27
-1695.02
-1701.56
-1692.48
-1691.79
-1698.36
-1701.83
-1705.37
-1710.65
-1713.01
-1710.85
-1710.87
-1709.28
-1707.45
-1712.45
-1714.54
-1715.05
-1718.01
-1722.75
-1720.8
-1719.73
-1727.32
-1725.39
-1725.25
-1723.53
-1720.85
-1724.94
-1722.34
-1711.93
-1714.51
-1705.54
-1710.36
-1713.55
-1715.98
-1709.65
-1709.8
-1713.06
-1709
-1713.1
-1705.37
-1703.08
-1710.62
-1705.84
-1698.82
-1701.79
-1705.04
-1709.69
-1703.49
-1702.43
-1698.87
-1687.17
-1705.83
-1695.19
-1695.58
-1692.47
-1691.61
-1699.83
-1695.4
-1703.73
-1695.08
-1695.42
-1696.31
-1697.17
-1702.09
-1697.24
-1686.37
-1687.99
-1685.46
-1691.3
-1684.9
-1689.76
-1695.1
-1688.32
-1690.42
-1687.91
-1698.17
-1702.25
-1701.91
-1691.74
-1691.48
-1685.99
-1685.76
-1691.62
-1690.78
-1690.45
-1683.36
-1688.53
-1685.94
-1690.41
-1694.69
-1698.39
-1697.23
-1686.47
-1688.62
-1697.98
-1697.09
-1692.13
-1687.03
-1689.7
-1691.58
-1692.47
-1691.96
-1694.18
-1701.32
-1692.87
-1692.15
-1696.1
-1691.87
-1689.77
-1686.06
-1691.92
-1687.61
-1689.07
-1692.41
-1694.87
-1699.47
-1697.55
-1695.04
-1691.4
-1691.51
-1692.79
-1690.89
-1688.06
-1693.86
-1701.35
-1702.19
-1690.66
-1687.48
-1686.04
-1693.61
-1686.2
-1691.3
-1690.88
-1693.34
-1690.51
-1695.6
-1688.52
-1698.74
-1689.32
-1681.41
-1688.27
-1687.18
-1689.63
-1693.68
-1703.59
-1698.96
-1705.87
-1705.43
-1716.8
-1712.46
-1713.43
-1710.07
-1715.72
-1720.91
-1714.52
-1714.8
-1715.65
-1722.46
-1713.08
-1718.06
-1718.53
-1729.08
-1725.83
-1732.13
-1743.72
-1746.57
-1733.94
-1720.98
-1717.51
-1709.42
-1707.47
-1703.18
-1705.66
-1703.12
-1703.87
-1701.44
-1695.28
-1700.62
-1701.53
-1699.34
-1708.29
-1705.86
-1700.24
-1703.94
-1704.83
-1699.88
-1705.57
-1705.08
-1717.15
-1717.49
-1709.32
-1715.07
-1709.94
-1706.74
-1705.26
-1713.4
-1709.35
-1717.52
-1717.48
-1711.82
-1716.15
-1714.81
-1709.88
-1726.83
-1729.85
-1724.99
-1723.33
-1719.66
-1721.54
-1730.61
-1738.07
-1746.8
-1747.58
-1737.01
-1740.05
-1741.07
-1744.38
-1749.67
-1740.67
-1731.15
-1721.01
-1726.48
-1718.17
-1717.06
-1724.2
-1737.66
-1728.88
-1743.33
-1735.55
-1728.87
-1731.34
-1744.77
-1738.48
-1741.79
-1733.14
-1725.51
-1727.89
-1716.86
-1720.24
-1717.68
-1718.55
-1716.08
-1717.36
-1712.92
-1708.7
-1714.23
-1707
-1713.74
-1706.8
-1703.28
-1704.3
-1705.53
-1702.88
-1701.31
-1699.77
-1706.33
-1701.41
-1691.51
-1690.04
-1694.74
-1695.98
-1699.57
-1697.94
-1691.21
-1698.46
-1694.3
-1693.54
-1686.28
-1687.63
-1695.44
-1682.75
-1685.45
-1688.97
-1680.73
-1691.44
-1683.86
-1684.58
-1685.13
-1685.43
-1693.97
-1697.57
-1696.36
-1705.45
-1704.49
-1694.64
-1689.84
-1701.84
-1700.59
-1693.55
-1694.11
-1691.63
-1702.78
-1690.42
-1701.77
-1706.36
-1706.56
-1716.51
-1709.39
-1701.39
-1700.34
-1708.44
-1702.56
-1694.19
-1697.4
-1695.01
-1693.28
-1699.36
-1699.34
-1698.89
-1702.2
-1702.97
-1696.06
-1704.12
-1713.95
-1721.12
-1717.46
-1710.51
-1719.52
-1721.15
-1720.47
-1719.21
-1733.97
-1730.4
-1719.85
-1714.44
-1718.2
-1719.72
-1711.66
-1713.3
-1722.15
-1713.04
-1701.65
-1710.31
-1701.23
-1706.43
-1710.78
-1718.37
-1728.33
-1734.58
-1725.06
-1722.46
-1725.92
-1725.22
-1723.64
-1721.92
-1724.8
-1729.44
-1734.71
-1722.64
-1721.23
-1727.95
-1733.14
-1726.08
-1728.53
-1727.67
-1732.51
-1732.01
-1727.92
-1725.44
-1741.29
-1737.87
-1741.26
-1733.19
-1720.14
-1714.08
-1711.4
-1708.84
-1713.82
-1710.25
-1709.22
-1705.31
-1706.64
-1695.57
-1702.51
-1702.63
-1695.7
-1692.25
-1688.01
-1688.34
-1694.85
-1688.2
-1678.79
-1696.51
-1689.26
-1685.73
-1679.1
-1676.13
-1674.31
-1678.99
-1675.87
-1672.74
-1675.65
-1678.21
-1680.35
-1670.7
-1668.86
-1674.11
-1677.72
-1678.3
-1676.53
-1672.89
-1669.48
-1666.86
-1676.28
-1681.95
-1678.49
-1671.28
-1676.33
-1681.25
-1678.9
-1672.3
-1673.51
-1681.19
-1675.79
-1678.12
-1671.11
-1673.52
-1672.74
-1671.53
-1678.64
-1684.24
-1681.92
-1694.44
-1696.69
-1700.2
-1701.58
-1693.18
-1687.01
-1694.59
-1700.98
-1695.33
-1698.64
-1689.84
-1694.06
-1689.13
-1689.24
-1682.06
-1685.09
-1678.37
-1676.32
-1682.93
-1674.42
-1674.26
-1670.51
-1671.54
-1675.35
-1669.69
-1668.28
-1666.92
-1661.49
-1667.25
-1674.79
-1685.29
-1679.49
-1688.87
-1687.16
-1684.38
-1689.04
-1681.13
-1689.17
-1697.86
-1701.09
-1698.53
-1708.16
-1701.3
-1690.49
-1693.15
-1697.88
-1695.22
-1694.14
-1695.12
-1701.26
-1694.37
-1695.3
-1704.69
-1703.41
-1702.46
-1701.82
-1699.2
-1706.03
-1698.47
-1700.16
-1708.74
-1717.7
-1714.78
-1705.15
-1707.56
-1703.8
-1711.61
-1711.39
-1714.38
-1699.09
-1691.69
-1688.9
-1690.5
-1691.64
-1690.04
-1700.08
-1692
-1684.2
-1677.71
-1679.22
-1682.74
-1679.59
-1684.73
-1683.73
-1686.32
-1693.16
-1697.56
-1701.55
-1691.5
-1697.29
-1696.6
-1709.43
-1710.5
-1714.59
-1714.61
-1722.21
-1716.67
-1711.09
-1714.93
-1725.37
-1724.42
-1724.96
-1728.9
-1726.83
-1724.68
-1721.42
-1728.89
-1715.61
-1721.19
-1712.8
-1712.11
-1707.18
-1706.16
-1712.22
-1712.06
-1704.12
-1701.06
-1711.79
-1693.79
-1691.06
-1688.24
-1690.72
-1688.95
-1697.41
-1692.35
-1687.53
-1692.72
-1697.92
-1699.7
-1704.19
-1705.53
-1712.13
-1705.14
-1715.97
-1705.26
-1705.59
-1703.36
-1705.07
-1705.32
-1699.37
-1709.74
-1704.21
-1709.9
-1701.67
-1711.07
-1710.52
-1701.85
-1707.64
-1717.1
-1713.91
-1707.44
-1713.43
-1723.09
-1730.95
-1730.31
-1724.04
-1728.43
-1710.3
-1701.34
-1714.9
-1719.02
-1709.42
-1703.93
-1706.16
-1691.15
-1700.14
-1694.93
-1692.09
-1694.51
-1692.68
-1686.69
-1694.64
-1698.09
-1694.89
-1704.7
-1697.74
-1697.99
-1712.92
-1711.93
-1707.34
-1712.02
-1699.35
-1699.86
-1699.89
-1706.21
-1709.14
-1696.46
-1696.04
-1692.6
-1699.96
-1682.43
-1689.97
-1692.29
-1701.24
-1697.36
-1695.03
-1701.98
-1704.73
-1710.4
-1712.18
-1705.32
-1711.14
-1715.73
-1709.23
-1704.07
-1697.68
-1692.34
-1690.09
-1683.47
-1682.77
-1679.5
-1678.75
-1691.61
-1688.2
-1686.73
-1684.13
-1693.01
-1690.32
-1683.54
-1687.6
-1681.25
-1670.31
-1686.04
-1685.98
-1685.1
-1688.78
-1686.3
-1684.64
-1687.9
-1687.45
-1688.6
-1691.72
-1695.02
-1700.48
-1693.76
-1702.68
-1711.9
-1703.95
-1704.44
-1701.07
-1703.4
-1714.42
-1707.91
-1705.01
-1701.99
-1698.52
-1704.68
-1705.32
-1715.52
-1729.19
-1722.76
-1717.22
-1705.79
-1706.62
-1698.4
-1705.76
-1696.99
-1700.82
-1708.35
-1699.37
-1688.94
-1694.79
-1696.13
-1692.49
-1693.55
-1679.29
-1696.97
-1700.48
-1695.05
-1704.55
-1704.38
-1718.24
-1712.14
-1701.92
-1700.32
-1692.79
-1695.01
-1690.05
-1689.79
-1691.3
-1696.66
-1701.7
-1701.82
-1703
-1696.29
-1693.12
-1693.7
-1693.8
-1704.72
-1710.71
-1705.96
-1685.69
-1683.35
-1686.85
-1696.81
-1694.88
-1700.19
-1702.5
-1701.15
-1698.15
-1705.99
-1703.43
-1694.38
-1690.75
-1707.14
-1712.38
-1708.75
-1705.24
-1705.74
-1704.07
-1708.52
-1699.21
-1696.73
-1691.66
-1700.46
-1698.37
-1696.15
-1697.1
-1699.01
-1704.92
-1714.44
-1703.46
-1707.93
-1703.98
-1697.01
-1696.85
-1702.15
-1705.82
-1708.15
-1708.12
-1707.09
-1706.67
-1697.91
-1691.8
-1695.57
-1690.64
-1694.29
-1696.25
-1696.84
-1708.5
-1712.6
-1716.23
-1722.3
-1709.43
-1710.09
-1713.81
-1711.34
-1717.08
-1728.19
-1722.05
-1727.95
-1719.42
-1718.04
-1716.8
-1724.46
-1719.8
-1721.76
-1719.39
-1723.41
-1712.9
-1704.28
-1697.96
-1706.02
-1708.58
-1701.09
-1699.73
-1708.88
-1707.31
-1705.05
-1711.93
-1703.2
-1714.67
-1713.13
-1719.63
-1718.01
-1717.96
-1709.53
-1710.97
-1710.02
-1709.02
-1704.19
-1703.17
-1711.23
-1700.92
-1707.01
-1716.4
-1706.2
-1722.18
-1731.06
-1728.57
-1714.55
-1716.68
-1716.73
-1718.07
-1720.07
-1718.58
-1715.9
-1713.17
-1719.72
-1722.64
-1725.71
-1717.61
-1722
-1717.99
-1707.42
-1699.04
-1715.3
-1716.65
-1716.04
-1714.42
-1713.11
-1709.21
-1705.49
-1712.65
-1701.59
-1700.31
-1697.46
-1702.25
-1701.18
-1698.71
-1695.5
-1699.25
-1677.72
-1693.52
-1696.75
-1698.93
-1703.24
-1694.8
-1699.79
-1694.23
-1695.14
-1694.22
-1699.17
-1698.46
-1703.24
-1707.65
-1717.11
-1723.28
-1716.32
-1714.02
-1722.68
-1713.43
-1731.56
-1733.76
-1737.46
-1745.88
-1746.61
-1751.88
-1757.27
-1748.19
-1751.62
-1745.61
-1750.86
-1739.01
-1739.71
-1728.66
-1736.51
-1719.51
-1729.32
-1718.38
-1726.92
-1734.05
-1738.15
-1736.97
-1740.3
-1731.7
-1720.77
-1714.37
-1711.86
-1704.69
-1705.96
-1708.05
-1707.66
-1716.39
-1715.19
-1711.59
-1708.37
-1713.92
-1710.13
-1714.27
-1716.29
-1719.12
-1730.62
-1713.42
-1706.54
-1705.38
-1710.39
-1705.49
-1693.91
-1698.94
-1699.93
-1705.73
-1703.44
-1709.4
-1712.62
-1706.91
-1700.54
-1704.11
-1698.98
-1705.53
-1701.53
-1698.46
-1700.67
-1698.2
-1700.2
-1696.58
-1702.73
-1698.11
-1707.51
-1700.32
-1694.96
-1695.8
-1698.63
-1700.2
-1695.04
-1699.57
-1701.29
-1698.97
-1701.45
-1707.22
-1706.85
-1712.85
-1707.11
-1708.66
-1708.68
-1698.05
-1697.41
-1708.15
-1707.65
-1701.22
-1699.58
-1695.42
-1706.18
-1711.22
-1709.77
-1708.59
-1708.39
-1695.84
-1698.29
-1699.75
-1708.26
-1705.56
-1711.99
-1724.14
-1720.53
-1715.39
-1721.23
-1722.38
-1724.19
-1718.16
-1723.52
-1725.25
-1721.38
-1707.66
-1718.4
-1713.18
-1711.38
-1714.32
-1714.53
-1707.53
-1714.28
-1727.15
-1728.48
-1731.12
-1719.15
-1721.88
-1713.5
-1712.49
-1719.92
-1718.46
-1722.37
-1724.6
-1711.13
-1704.39
-1698.95
-1706.45
-1703.77
-1698.71
-1701.97
-1707.47
-1704.59
-1706.83
-1707.54
-1711.18
-1710.43
-1710.74
-1703.55
-1710.61
-1713.77
-1708.26
-1708.81
-1704.57
-1704.91
-1706.91
-1706.38
-1699.25
-1696.65
-1694.9
-1691.89
-1690.98
-1687.21
-1693.21
-1690.75
-1700.14
-1697.93
-1696.02
-1702.91
-1708.79
-1712.27
-1714.01
-1728.56
-1735.69
-1727.24
-1733.08
-1730.69
-1735.72
-1732.69
-1737.13
-1744
-1746.21
-1736.28
-1728.15
-1728.26
-1725.64
-1724
-1725.43
-1718.87
-1724.78
-1725.27
-1721.03
-1721.51
-1716.82
-1723.79
-1722.04
-1720.23
-1713.78
-1705.64
-1700.91
-1703.96
-1698.17
-1701.37
-1701.7
-1690.78
-1689.77
-1695.1
-1696.6
-1698.28
-1704.93
-1702.57
-1708.4
-1713.66
-1695.36
-1692.85
-1706.72
-1713.44
-1713.69
-1718.09
-1719.58
-1710.09
-1700.98
-1702.38
-1698.77
-1699.88
-1697.48
-1710.33
-1693.07
-1692.14
-1695.78
-1690.91
-1684.78
-1690.61
-1700.6
-1701.88
-1701.25
-1700.67
-1704.32
-1711.98
-1720.33
-1721.58
-1719.1
-1724.66
-1726.69
-1721.45
-1720.23
-1725.46
-1733.53
-1735.19
-1728.48
-1726.18
-1743.29
-1739.85
-1735.42
-1724.11
-1721.47
-1713.1
-1719.05
-1718.32
-1714.78
-1714.7
-1719.53
-1724.93
-1719.83
-1722.74
-1730.9
-1724.12
-1720.81
-1722.06
-1725.16
-1740.89
-1725.56
-1724.26
-1730.29
-1726.38
-1730.29
-1719.23
-1722.34
-1717.68
-1716.89
-1725.97
-1725.71
-1724.28
-1711.64
-1705.24
-1706.18
-1714.67
-1697.42
-1703.08
-1690.38
-1684.4
-1691.66
-1693.31
-1691.43
-1690.34
-1689.44
-1672.71
-1666.28
-1671
-1667.39
-1670.65
-1681.69
-1684.99
-1689.48
-1681
-1685.04
-1683.03
-1686.29
-1686.87
-1682.88
-1681.33
-1678.45
-1688.32
-1698.41
-1688.52
-1685.96
-1682.05
-1687.37
-1682.99
-1678.06
-1667.14
-1668.12
-1666.81
-1662.15
-1659.61
-1666.48
-1664.39
-1663.56
-1666.22
-1671.23
-1669.08
-1670.07
-1672.81
-1677.5
-1673.59
-1678.27
-1686.56
-1682.1
-1686.87
-1693.54
-1684.51
-1695.21
-1693.26
-1694.59
-1698.87
-1694.61
-1699.86
-1690.78
-1700.76
-1700.34
-1713.38
-1717.12
-1714.08
-1727.08
-1725.72
-1717.49
-1712.41
-1710.78
-1702.91
-1704.01
-1700.07
-1710.49
-1705.6
-1703.15
-1707.22
-1711.79
-1714.62
-1710.5
-1708.25
-1709.31
-1704.64
-1710.34
-1710.11
-1705.95
-1714
-1703.26
-1716.54
-1712.44
-1708.28
-1702.75
-1703.41
-1705.92
-1704.13
-1708.56
-1710.84
-1708.61
-1706.67
-1711.69
-1710.82
-1709.09
-1704.18
-1701.01
-1702.95
-1701.98
-1692.59
-1691.83
-1690.72
-1689.55
-1692.03
-1691.09
-1690.65
-1693.86
-1689.36
-1679.15
-1675.24
-1676.88
-1673.66
-1673.52
-1667.71
-1675.84
-1674.28
-1682.17
-1691.69
-1678.17
-1673.93
-1671.87
-1663.58
-1667.48
-1672.74
-1674.94
-1676.43
-1686.92
-1685.56
-1696.04
-1695.9
-1691.33
-1692.72
-1702.15
-1701.09
-1704
-1712.36
-1724.86
-1706.32
-1709.01
-1709.3
-1706.1
-1704.53
-1702.56
-1711.1
-1713.46
-1708.04
-1697.77
-1699.02
-1710.71
-1705.87
-1708.32
-1700.87
-1706.61
-1712.38
-1710.23
-1712.6
-1703.45
-1706.02
-1707.29
-1708.99
-1707.64
-1705.75
-1708.23
-1705.46
-1697.2
-1695.71
-1694.69
-1703.15
-1707.92
-1691.05
-1690.51
-1693.4
-1707.42
-1701.98
-1698.12
-1711.11
-1713.67
-1709.49
-1726.61
-1716.06
-1709.94
-1702.3
-1700.78
-1710.55
-1717.5
-1713.44
-1714.25
-1712.88
-1714.96
-1707.55
-1716.56
-1713.78
-1714.09
-1714.88
-1709.63
-1710.84
-1708.4
-1714.35
-1706.34
-1711.82
-1705.68
-1704.02
-1692.91
-1696.6
-1696.76
-1709.98
-1715.95
-1710.85
-1719.01
-1721.38
-1723.6
-1716.24
-1715.35
-1713.02
-1719.85
-1716.37
-1720.88
-1718.09
-1721.63
-1724.02
-1711.28
-1716.74
-1718.42
-1728.29
-1722.14
-1724.1
-1727.2
-1723.02
-1715.09
-1717.83
-1718.56
-1722.97
-1719.27
-1711.13
-1713.36
-1710.57
-1714.13
-1710.74
-1712.5
-1721.28
-1715.13
-1717.2
-1716.76
-1704.16
-1710.07
-1711.95
-1707.97
-1715.53
-1720.16
-1710.83
-1713.96
-1710.84
-1700.76
-1689.48
-1690.95
-1691.62
-1692.98
-1696.13
-1689.88
-1692.9
-1689.99
-1698.93
-1707.14
-1702.41
-1693.61
-1692.12
-1692.43
-1696.35
-1699.07
-1707.4
-1707.96
-1702.96
-1710.52
-1698.97
-1696.03
-1691.52
-1699.04
-1694.51
-1694.33
-1687.25
-1689.74
-1676.6
-1683.67
-1692.98
-1687.89
-1691.9
-1690.8
-1683.21
-1685.66
-1691.1
-1693.44
-1692.86
-1691.36
-1694.66
-1703.26
-1703.83
-1704.07
-1707.28
-1711.35
-1720.3
-1727.46
-1712.83
-1708.57
-1713.32
-1714.28
-1717.14
-1719.54
-1714.74
-1709.4
-1702.87
-1699.9
-1709.44
-1707.94
-1705.38
-1701.45
-1694.71
-1694.06
-1698.58
-1694.89
-1695.69
-1699.5
-1700.91
-1706.12
-1707.91
-1711.14
-1702.3
-1694.37
-1695.63
-1695.05
-1698.9
-1700.23
-1700.91
-1692.17
-1698.67
-1687.14
-1680.29
-1691.19
-1694.45
-1698.74
-1703.05
-1705.42
-1703.54
-1699.53
-1705.67
-1707.04
-1705.61
-1705.58
-1702.69
-1698.16
-1694.24
-1681.02
-1682.06
-1684.22
-1684.57
-1686.46
-1688.08
-1690.48
-1688.03
-1696.01
-1693.7
-1693.01
-1703.53
-1686.74
-1683.72
-1678.31
-1674.78
-1678.49
-1681.25
-1684.45
-1695.07
-1693.04
-1692.23
-1693.59
-1701.94
-1704.22
-1708.58
-1694.88
-1689.53
-1697.79
-1700.41
-1698.35
-1698.75
-1696.3
-1691.16
-1694.4
-1695.79
-1693.93
-1692.49
-1689.34
-1693.46
-1690.07
-1696.94
-1698.58
-1686.84
-1694.94
-1689.48
-1693.95
-1694.94
-1697.81
-1707.09
-1702.96
-1708.51
-1710.18
-1694.89
-1684.92
-1689.36
-1688.39
-1697.48
-1695.94
-1694.72
-1699.51
-1694.64
-1693.59
-1707.11
-1706.78
-1697.56
-1700.04
-1695.25
-1700
-1689.88
-1686.32
-1689.38
-1699.25
-1695.77
-1697.32
-1695.04
-1699.91
-1706.77
-1708.84
-1698.65
-1699.64
-1700.53
-1695.88
-1698.41
-1706.84
-1705.27
-1721.56
-1709.84
-1701.46
-1698.02
-1707.77
-1693.55
-1703.81
-1700.31
-1698.33
-1695.1
-1696.55
-1700.73
-1701.84
-1709.89
-1699.27
-1710.31
-1723.59
-1713.62
-1698.58
-1700.05
-1708.15
-1700.59
-1698.57
-1697.67
-1696.29
-1698.48
-1703.05
-1696.84
-1698.26
-1702.08
-1705.52
-1691.33
-1697.4
-1688.14
-1688.78
-1691.52
-1697.65
-1696.9
-1697.88
-1698.77
-1703.08
-1703.48
-1708.66
-1697.92
-1697.06
-1692
-1692.7
-1690.11
-1696.4
-1701.93
-1702.83
-1699.32
-1710.17
-1708.5
-1704.86
-1715.25
-1712.8
-1708.19
-1705.61
-1702.91
-1698.47
-1696.2
-1689.84
-1687.72
-1689.53
-1690.91
-1690.72
-1693.99
-1683.12
-1696.3
-1693.72
-1693.65
-1701.45
-1696.05
-1698.81
-1703.29
-1696.93
-1696.52
-1697.81
-1701.35
-1713.2
-1709.11
-1705.1
-1711.76
-1711.43
-1711.56
-1714.4
-1712.82
-1709.34
-1704.66
-1705.55
-1694.27
-1692.17
-1702.21
-1699.18
-1687.87
-1689.69
-1690.02
-1695.65
-1691.99
-1689.64
-1692.58
-1694.44
-1689.49
-1703.56
-1700.26
-1697.73
-1697.07
-1700.16
-1700.89
-1702.97
-1697.89
-1698.57
-1707.8
-1713.9
-1708.95
-1719.88
-1716.88
-1713.12
-1712.17
-1713.23
-1709.65
-1701.33
-1717.96
-1711.24
-1709.3
-1705.61
-1698.54
-1696.88
-1695.21
-1707.94
-1701.82
-1699.33
-1693.93
-1697.13
-1694.75
-1691.51
-1692.6
-1699.86
-1699.78
-1693.57
-1692.49
-1687.06
-1692.59
-1694.84
-1681.42
-1686.61
-1678.3
-1666.71
-1676.67
-1670.45
-1670.76
-1668.13
-1673.84
-1681.09
-1681.23
-1679.99
-1685.34
-1684.69
-1688.67
-1694.98
-1691.68
-1689.39
-1685.09
-1684.99
-1679.08
-1678.98
-1692.33
-1687.68
-1683.23
-1685.64
-1681.11
-1688.55
-1686.59
-1686.34
-1678.95
-1683.55
-1690.49
-1693.7
-1701.24
-1693.32
-1690.88
-1692.59
-1689.95
-1692.79
-1698.64
-1690.09
-1688.38
-1683.9
-1691.37
-1693.91
-1689.94
-1693.57
-1689.43
-1702.22
-1696.76
-1688.98
-1684.44
-1687.43
-1689.06
-1684.33
-1685.56
-1689.98
-1681.25
-1681.67
-1676.38
-1688.29
-1688.42
-1687.7
-1682.84
-1686.46
-1689.48
-1700.55
-1697.55
-1692.95
-1690.02
-1692.64
-1700.18
-1699.13
-1692.06
-1697.17
-1696.94
-1693.99
-1696.55
-1693.1
-1693.18
-1684.55
-1684.95
-1691.09
-1679.58
-1683.49
-1676.06
-1680.13
-1684.63
-1682.14
-1687.55
-1686.37
-1686.15
-1688.83
-1696.78
-1697.49
-1696.66
-1687.37
-1691.65
-1696.9
-1702.76
-1711.55
-1708.94
-1706.1
-1702.56
-1695.12
-1698.19
-1696.85
-1694.04
-1691.24
-1682.21
-1678.49
-1693.32
-1693.09
-1696.32
-1699.35
-1706.24
-1708.92
-1714.51
-1708.29
-1703.9
-1715.16
-1714.6
-1721.95
-1720.89
-1727.65
-1721.15
-1725.95
-1734.23
-1739.12
-1725.86
-1731.27
-1730.29
-1727.72
-1721.52
-1717.86
-1708.89
-1707.03
-1701.61
-1708.58
-1692.18
-1694.22
-1692.46
-1689.19
-1679.64
-1683.69
-1695.95
-1692.88
-1696.17
-1709.82
-1711.35
-1704.05
-1709.29
-1697.39
-1692.83
-1693.87
-1695.86
-1701.31
-1703.38
-1700.52
-1695.86
-1699.42
-1707.26
-1703.23
-1690.99
-1691.67
-1694.63
-1687.5
-1683.57
-1681.32
-1694.9
-1685.13
-1684.06
-1677.16
-1673.91
-1671.96
-1672.27
-1678.94
-1690.75
-1691.58
-1689.55
-1689.86
-1684.71
-1687.02
-1695.1
-1694.87
-1696.22
-1695.92
-1700.74
-1691.72
-1684.97
-1680.61
-1681.44
-1680.1
-1682.9
-1684.82
-1689.74
-1694.62
-1691.75
-1683.53
-1681.69
-1686.99
-1678.85
-1681.08
-1687.9
-1693.5
-1684.83
-1688.38
-1688.47
-1690.04
-1686.12
-1698.01
-1695.88
-1700.26
-1698.12
-1703.94
-1703.85
-1703.66
-1706.67
-1708.36
-1710.99
-1704.07
-1699.62
-1704.06
-1688.07
-1682.09
-1684.23
-1683.29
-1683.34
-1674.86
-1676.13
-1676.85
-1676.68
-1679.86
-1680.26
-1680.5
-1673.96
-1683.38
-1682.89
-1687.16
-1685.71
-1693.3
-1702.03
-1701.83
-1696.39
-1698.14
-1699.11
-1693.26
-1694
-1687.79
-1689.16
-1692.9
-1688.97
-1697.12
-1690.96
-1686.88
-1694.08
-1691.47
-1689.35
-1689.95
-1688.69
-1686.76
-1695.8
-1701.44
-1706.35
-1710.28
-1708.19
-1711.83
-1712.17
-1705.3
-1708.72
-1702.81
-1696.82
-1698.96
-1708
-1715.02
-1701.66
-1699.63
-1687.07
-1684.68
-1692.71
-1690.84
-1696.61
-1687.16
-1685
-1681.32
-1681.14
-1683.32
-1683.6
-1683.52
-1693.57
-1698.78
-1696.35
-1695.96
-1682.71
-1691.76
-1694.96
-1694.53
-1693.75
-1688.34
-1695.26
-1691.71
-1703.31
-1710.53
-1705.3
-1697.26
-1692.87
-1691.45
-1696.3
-1696.31
-1697.57
-1698.33
-1695.73
-1700.53
-1703.55
-1702.93
-1708.89
-1710.53
-1716.85
-1712.27
-1710.66
-1717.44
-1716.55
-1710.99
-1708.68
-1697.04
-1697.82
-1697.43
-1697.78
-1695.45
-1697.32
-1702.58
-1711.83
-1700.29
-1702.2
-1705.05
-1706.36
-1700.9
-1702.65
-1713.77
-1708.13
-1705.92
-1711.14
-1714.98
-1714.27
-1718.19
-1724.82
-1729.23
-1714.14
-1713.41
-1716.56
-1715.77
-1722.69
-1719.41
-1708.08
-1707.46
-1722.24
-1713.98
-1715.57
-1709.37
-1710.16
-1713.1
-1705.95
-1710.11
-1711.94
-1715.99
-1718.98
-1720.26
-1708.5
-1704.31
-1699.75
-1698.61
-1701.69
-1704.11
-1694.55
-1693.87
-1700.63
-1683.1
-1685.63
-1682.59
-1686.3
-1680.07
-1684.65
-1683.92
-1685.75
-1693.71
-1691.84
-1690.34
-1703.2
-1700.36
-1699.62
-1708.8
-1716.18
-1709.78
-1709.8
-1698.82
-1710.87
-1699.58
-1715.08
-1713.32
-1710.76
-1698.42
-1697.4
-1700.73
-1689.12
-1696.89
-1700.48
-1707.01
