#N future years
#83
10
#2018-2100
-0.358391631
-0.347389771
-0.23299361
-0.363436188
-0.374168873
-0.466159574
-0.397734359
-0.473374033
-0.35259982
-0.427406789
-0.536620301
-0.288011103
-0.427231357
-0.377261477
-0.413241613
-0.4692572
-0.443232264
-0.477669517
-0.495102228
-0.406864429
-0.416883432
-0.441118599
-0.453100594
-0.465847135
-0.412503807
-0.483580835
-0.38016306
-0.437023253
-0.52201819
-0.494401352
-0.412069233
-0.448720967
-0.435581036
-0.497845796
-0.463215974
-0.463015821
-0.486233223
-0.412786672
-0.525440631
-0.408374652
-0.48095149
-0.452790003
-0.495745754
-0.479617244
-0.443970574
-0.586021279
-0.604914604
-0.567569778
-0.553606784
-0.480537665
-0.502569986
-0.526704327
-0.627752566
-0.572927277
-0.547301022
-0.53006411
-0.600494695
-0.526809771
-0.532722628
-0.593818989
-0.495105039
-0.519518144
-0.590966658
-0.700360433
-0.568325618
-0.584653425
-0.59185876
-0.717599857
-0.649290639
-0.588195375
-0.561241518
-0.584396551
-0.585143841
-0.598280276
-0.667336744
-0.693354561
-0.627986347
-0.571240584
-0.633938514
-0.674148226
-0.66426305
-0.681221066
-0.65154423
