#	Flatfish	model	with	growth	data	included	This	file	is	for	northern	rock	sole																																																	
#	styr																																																													
1975																																																														
#	endyr																																																													
2018																																																														
#	nages																																																													
20																																																														
#	a	b	Females																																																											
#	female	l-w	relationship	wt(g)=0.0054*L(cm)^3.227																																																										
0.00618	3.1765																																																													
#	male	l-w	relationship	wt(g)=0.008541*L(cm)^3.0808																																																										
#	a	b	Males																																																											
#																																																														
0.00505	3.2243																																																													
#	nfsh																																																													
1																																																														
#catch_bio	1975	1976	1977	1978	1979	1980	1981	1982	1983	1984	1985	1986	1987	1988	1989	1990	1991	1992	1993	1994	1995	1996	1997	1998	1999	2000	2001	2002	2003	2004	2005	2006	2007	2008	2009	2010	2011	2012	2013	2014	2015	2016	2017  2018																			
12.014	9.964	5.319	7.038	5.874	8.798	9.021	11.843	13.619	37.679	18.75	19.611	40.822	86.366	68.912	35.253	60.587	56.998	63.953	59.606	58.87	46.928	67.564	33.642	40.51	49.264	29.255	41.331	35.395	47.637	35.546	36.411	36.768	51.275	48.649	53.221	60.401	76.099	59.773	51.946	45.466	45.101	35.272	26.0 #2018 value is placeholder until update
#	nyrs_fsh_combined	sex	age																																																											
0																																																														
#	nyrs_fsh_split	sex	age																																																											
39																																																														
#	yrs_fsh_age_combined								1000																																																					
#	yrs_fsh_age_split	females	first	then	males																																																									
1979	1980	1981	1982	1983	1984	1985	1986	1987	1988	1989	1990	1991	1992	1993	1994	1995	1996	1997	1998	1999	2000	2001	2002	2003	2004	2005	2006	2007	2008	2009	2010	2011	2012	2013	2014	2015	2016	2017
#	Year	Sex	oac_fsh	(1	nfsh	1	nyrs_fsh_age	1	nages)																																																					
0	0	0.00E+00	0.000209215	0.000164187	0.001052738	0.008553969	0.043010772	0.163030154	0.165336029	0.053075189	0.054663469	0.055229623	0.044069252	0.022674468	0.015617781	0.000257722	0	0.000109669	0	0	0	0	8.34E-05	0.000490169	0.00071514	0.010563221	0.022027433	0.050431343	0.08916155	0.063436496	0.074163669	0.04219453	0.017175787	0	0.002502992	0	0	0	0																							
0	0	0.008392303	0.042666723	0.061930661	0.033902909	0.069585012	0.043502416	0.034527314	0.108744877	0.08181064	0.030604505	0.037001365	0.025249808	0.020739062	0.007468791	0	0	0	0	0	0.004128525	0.040299334	0.020180477	0.087130364	0.045684902	0.025079249	0.024419918	0.032644788	0.061213086	0.02424122	0.014925679	0.004696796	0.007723012	0.001506261	0	0	0	0	0																							
0	9.56E-05	0.024721626	0.044337353	0.017098098	0.13534113	0.044579024	0.023284081	0.022122201	0.035152257	0.103035812	0.043259659	0.037316143	0.012453763	0.023001778	0.010810134	0.002007729	0.000948094	0	0	0	0.002485416	0.043662147	0.066611698	0.03674197	0.170665612	0.021889527	0.012474747	0.019070033	0.031078748	0.013229719	0.000801575	0.00057788	0.000216239	0.000654309	0.000208782	6.71E-05	0	0	0																							
0	0	0.022843257	0.023245472	0.024860007	0.102162225	0.120396953	0.10347342	0.043176014	0.052179854	0.036703972	0.031035144	0.030533429	0.017566247	0.00289661	0.005590833	0.003641453	0	0.000893811	0	0	0.002667615	0.013990158	0.032178633	0.026749543	0.029779544	0.085280045	0.048320878	0.016717053	0.021192717	0.018969705	0.052505081	0.022990887	0.007459441	0	0	0	0	0	0																							
0	0	0.000588229	0.009966451	0.02887629	0.025960377	0.07836953	0.102074878	0.080928918	0.077812247	0.043510451	0.055033352	0.110537287	0.052607417	0.039262557	0.039316181	0.007564896	0.004647464	0.001501488	0	0	0	0.000159053	0.008596196	0.02433699	0.014577179	0.028158954	0.046841018	0.014506931	0.019265257	0.003061764	0.011491557	0.031167701	0.018708573	0.01611734	0.004453475	0	0	0	0																							
0	0	0.001181229	0.012068893	0.022067205	0.025062657	0.042806573	0.050334811	0.087174534	0.068808279	0.039579296	0.043751879	0.072867847	0.044934806	0.041574035	0.031964759	0.009074196	0	0.009074196	0	0	0.002210277	0.010323677	0.067016477	0.041349227	0.017660731	0.065091829	0.031880694	0.060385839	0.015145013	0.011302423	0.014582227	0.003544851	0.01665784	0.011867544	0.012845608	0.003544851	0	0	0.012265697																							
0	0.001612573	0.007657309	0.050310641	0.10239767	0.060249149	0.06354846	0.060800539	0.03195306	0.052516693	0.013267775	0.006463844	0.00275998	0.005761502	0.013791861	0.017210194	0.002259669	0.002180534	0.001543659	0.004098278	0	0.007358459	0.028420857	0.091844162	0.149259362	0.095697754	0.041741273	0.030561426	0.024317874	0.014557071	0.002741208	0.000177466	0.001534419	0.007084004	0.000539536	0.001535655	0.002246084	0	0	0																							
0	0	0	0.002165726	0.033848745	0.070586818	0.085542957	0.065286092	0.093405173	0.03533352	0.091713771	0.014646638	0.014642554	0.013554347	0.004552968	0.013054894	0.012847125	0.000433488	0	0.012371679	0	0	0.006157856	0.026326068	0.079848586	0.151453309	0.073168434	0.040646765	0.030335155	0	0.028077334	0	0	0	0	0	0	0	0	0																							
0	0	0.011742942	0.036315098	0.028269372	0.074118014	0.145732007	0.044338893	0.026734919	0.030707783	0.024966865	0.046963013	0.010415661	0.002943678	0.00357015	0.001792791	0.003441477	0.002623375	0.000828639	0.005133282	0	0.000453553	0.020604779	0.034864538	0.085551366	0.081884166	0.127711124	0.041454287	0.051015283	0.024906683	0	0.027892575	0	0	0	0	0.003023688	0	0	0																							
0	0	0.003692309	0.007539209	0.09807673	0.047650522	0.078440731	0.076000539	0.0495462	0.016435076	0.037563228	0.013353824	0.02045306	0.015337658	0	0.002174925	0.003254597	0.011784523	0.003827219	0.004613438	0	0.000727802	0.003435095	0.023488603	0.083461826	0.128149836	0.136873936	0.047953678	0.038454979	0.002267989	0.014726754	0.013321337	0	0.004644165	0	0	0	0.00797763	0.004772584	0																							
0	6.74E-05	0.000900255	0.007819054	0.03200337	0.104736121	0.072049431	0.094376544	0.077447757	0.026903602	0.019525076	0.028765071	0.015557667	0.023755299	0.014220551	0.004059581	0.001240148	0.001240148	0.012959926	0.009856877	0	0.000145763	0.002287644	0.020600205	0.073500263	0.109793902	0.081077743	0.046214507	0.042384282	0.023537621	0.012929033	0.005601148	0.00604701	0.013957946	0	0.012141179	0	0	0	0.002297907																							
0	0	0.002712046	0.024763095	0.031215291	0.050563989	0.066983555	0.105964992	0.050607163	0.027974996	0.02577667	0.003597775	0.020787366	0.007821117	0.00985425	0.005955941	0.003733957	0	0	0.005999725	0	0	0.006481938	0.060474761	0.056777804	0.137461914	0.108773505	0.07878425	0.035507421	0.027443816	0.022018298	0.003637044	0.008284119	0.005884324	0.00207944	0	0	0.00207944	0	0																							
0	0	0.003891784	0.01900393	0.012550569	0.019417829	0.02342001	0.083560238	0.05463655	0.062145569	0.052546413	0.022551664	0.013274559	0.012275685	0.0055364	0.010546741	0.000295804	0.001268354	0.000440628	0.006613036	0	0	0.008243886	0.025620715	0.014965666	0.060451408	0.082978556	0.154994135	0.100687443	0.051764407	0.027377281	0.021202586	0.011640673	0.005509661	0.012987383	0.006364053	0.005295169	0.002080203	0	0.003861008																							
0	0	0	0	0.011346655	0.017225195	0.027442507	0.064397118	0.075910288	0.022369137	0.069390974	0.045503562	0.019062736	0.018994424	0.007031246	0.001274571	0.010452168	0.003176414	0.003057346	0.005253206	0	0	0.001172624	0.005998899	0.040738888	0.037286396	0.058904093	0.143364892	0.11406727	0.0588708	0.063603318	0.02139431	0.00740546	0.012907096	0.007340217	0	0.025058188	0	0	0																							
0	0	0.000191393	0.001198483	0.005808359	0.017157449	0.049074228	0.046491736	0.067890721	0.089413973	0.020840016	0.041621703	0.033609946	0.019941246	0.01319454	0.003240429	0	0	0.002921633	0.002921633	0	0.000168875	0.001986618	0.004446463	0.008200664	0.064668002	0.113020414	0.063051439	0.175778012	0.061135935	0.038796353	0.012883543	0.01609762	0.014103803	0.00665559	0	0	0	0	0.00348918																							
0	0	0	0.000113603	0	0.001792404	0.027215514	0.044904972	0.058411263	0.072604994	0.063235542	0.020921157	0.032537475	0.026675899	0.009356792	0.008013407	0.002828401	0.000833089	0.005162629	0.003217808	0	0	0	0.002030771	0	0.009207005	0.076142309	0.174238031	0.078070381	0.088159706	0.113501323	0.020264689	0.02816192	0.011629379	0.008253829	0.007142493	0	0	0.005373213	0																							
0	0	0	0.001244094	0.004820601	0.006534127	0.008612294	0.091170649	0.083890544	0.072940101	0.088090886	0.099797411	0.032012664	0.017761805	0.061831706	0.001876015	0.004380112	0.001541404	0	0	0	0	0	0.001081696	0.00380235	0.003296517	0.027510418	0.077027868	0.101115005	0.056019852	0.05447576	0.0464806	0.022950979	0.026580089	0.001584247	0	0	0.001570204	0	0																							
0	0	0	0	6.10E-05	0.004047995	0.002967921	0.024096593	0.083241386	0.126571581	0.068268331	0.044784245	0.065293332	0.02756542	0.028751533	0.027879893	0.00754735	0.004588885	0.001117588	0.005029148	0	0	0.000262131	0.000467131	0.002050001	0.018707794	0.015222981	0.039353718	0.116079835	0.079534552	0.054540709	0.020404533	0.021257622	0.017537587	0.005721518	0.04359948	0.033819969	0.009628281	0	0																							
0	0	0	0.00391835	0.001709696	0.006564736	0.045883783	0.021525634	0.020002767	0.120419827	0.068497478	0.039860095	0.071776344	0.031557704	0.02471265	0.023851533	0.013678247	0.008997848	0	0	0	3.59E-05	0.000497138	0.004976846	0.005088071	0.010505803	0.05353217	0.006399461	0.074041944	0.147845476	0.06099505	0.062133329	0.023509505	0.029126212	0.012243227	0	0	0	0	0																							
0	0	0	0	0.000404221	0.002155931	0.009007073	0.020085191	0.015573272	0.028762369	0.115413697	0.067336576	0.053537947	0.046230042	0.013294303	0.008413375	0.01492034	0.006806447	0.000858621	0.003150137	0	0	0	0	0.003156666	0.001902875	0.005498931	0.034156174	0.033621456	0.08277907	0.228998387	0.101038964	0.030419069	0.029203935	0.017003746	0.004014369	0.010104663	0.012152149	0	0																							
0	0	0	0	0.007624438	0.010397902	0.017158314	0.009341542	0.033086574	0.029288142	0.055994979	0.238225289	0.08801029	0.057055912	0.04798142	0.009639956	0.004517495	0.006007348	0.000994222	0.007742502	0	0	0	0	0.004078551	0.00218994	0.011235034	0.006753169	0.071503251	0.027292591	0.0586741	0.129199386	0.034930655	0.010292584	0.017806412	0.002978003	0	0	0	0																							
0	0	0	0	0.002801595	0.005829789	0.003509068	0.014416179	0.039513064	0.090644397	0.025595178	0.065658127	0.183834359	0.074076443	0.032886841	0.024846515	0.020692188	0.002375862	0.007093641	0	0	0	0	0	0	0.002344017	0.01039619	0.012006623	0.028833692	0.113521521	0.045400424	0.033754189	0.086042818	0.034837395	0.023088092	0.009394906	0.002198224	0.001685027	0.001623135	0.001100501																							
0	0	0	0	0.002549551	0.019167347	0.021870507	0.021892335	0.023575329	0.034869619	0.099565257	0.055741308	0.069269998	0.130315833	0.079010984	0.021925859	0.026566609	0.007513622	0.003334813	0.004445662	0	0	0	0	0.009278669	0.008952878	0.013865093	0.025671796	0.023964727	0.054223496	0.102670579	0.035578392	0.035009725	0.042815209	0.019182227	0.005904296	0.001268281	0	0	0																							
0	0	0.00E+00	0	0	0.00673543	0.020208035	0.019271021	0.052062842	0.023502448	0.049090211	0.090780261	0.039624145	0.049667196	0.103009855	0.048758674	0.020323468	0.028861237	0.007186873	0.002771512	0	0	0	0.002085089	0.005553705	0.034009223	0.017213787	0.015646554	0.044458593	0.053430897	0.05625233	0.092394918	0.031850539	0.006909709	0.052733655	0.021086537	0.004521255	0	0	0																							
0	0	0	0.00456645	0.011986931	0.006692703	0.024342872	0.013809623	0.020896555	0.045314316	0.021406426	0.073088506	0.091656476	0.037812216	0.053865203	0.064697771	0.047289364	0.01457574	0.007452435	0.009034106	0	0	0	0.010780336	0.004140171	0.029282267	0.031923521	0.036198218	0.039009207	0.040328364	0.030659956	0.041855349	0.065599215	0.029025516	0.025835576	0.030109335	0.016245216	0.007184735	0.004612307	0.00872302																							
0	0	0.000102882	0	0.00137176	0.020358885	0.009496175	0.020048432	0.028626495	0.010349417	0.058980086	0.035651411	0.054603928	0.098931756	0.036114823	0.009892034	0.086351403	0.034202248	0.01930358	0.023564409	0	0	0	0	0.021983578	0.028793589	0.015677318	0.034990661	0.044800703	0.029330156	0.062633788	0.022767354	0.026649598	0.074569515	0.023040058	0.012247609	0.029676825	0.013072553	0.004663502	0.007153469																							
0	0	0	0.004276408	0.009949258	0.013208596	0.022456376	0.010346346	0.03092141	0.035856163	0.027710138	0.039798503	0.033890039	0.048126792	0.0824458	0.039715337	0.043351222	0.05062219	0.02436393	0.035504533	0	0	0.004295129	0.017578212	0.038458904	0.025599335	0.042199766	0.018992663	0.034274046	0.067726348	0.029513976	0.032539051	0.019075658	0.029391155	0.026028433	0.01939561	0.008286136	0.022864393	0.006037026	0.005201121																							
0	0	0	0	0.013526123	0.035175683	0.026587836	0.025867572	0.02643434	0.040830762	0.033962032	0.030306732	0.033897906	0.021989813	0.033560864	0.086224523	0.031946687	0.019924601	0.047300191	0.044886375	0	0	0	0.007797303	0.032914844	0.031130267	0.025434904	0.036760224	0.033488434	0.020106841	0.015940494	0.018615991	0.038706738	0.022972327	0.034696234	0.05634634	0.011544639	0.01944034	0.025553664	0.016128375																							
0	0	0	0	0.004615143	0.031912356	0.050975393	0.020771799	0.045709105	0.030019237	0.067865133	0.028823938	0.029754526	0.01639253	0.024577957	0.024669608	0.053672555	0.027428422	0.035431583	0.104149836	0	0	0	0.002192953	0.04890914	0.06160128	0.045727639	0.047102748	0.039289368	0.022599928	0.021881947	0.013178996	0.021470693	0.012427971	0.006821812	0.019245834	0.006467157	0.004652213	0.009644861	0.020016339																							
0	0	0	0.00254438	0.00328758	0.024143317	0.046107746	0.057541536	0.038107569	0.071928547	0.033569797	0.043145339	0.034664568	0.018185457	0.032445233	0.035455812	0.042759866	0.048307071	0.019888803	0.076242458	0	0	0	0	0.015682242	0.016118752	0.061693323	0.054555612	0.041208256	0.052425638	0.005877738	0.013346712	0.020751805	0.019080346	0.010946169	0.005765401	0.015528394	0.015335183	0.003501062	0.019858289																							
0	0	0	0	0	0.013467803	0.062629418	0.079886524	0.086544677	0.039795528	0.05257636	0.035991081	0.038168802	0.023897343	0.021959537	0.018445198	0.01374994	0.016207631	0.043879072	0.030959543	0	0	0	0.001951081	0.00493452	0.033660538	0.075546064	0.077178699	0.073845776	0.025547043	0.036050864	0.015542596	0.003912606	0.008719867	0.009697991	0.015396946	0.006590635	0.010285383	0.013716131	0.009264801																							
0	0	0	0	0	0.018296707	0.019397404	0.04383857	0.074696614	0.044874898	0.031797083	0.067960898	0.039494852	0.024091929	0.021696506	0.013860109	0.017731249	0.023486153	0.026810147	0.096710082	0	0	0	0	0.014371625	0.020835282	0.067538419	0.080112114	0.090487887	0.058609226	0.02440268	0.020039565	0.003195868	0.021962384	0.001014774	0.003184703	0.006064132	0.003174953	0.008657107	0.011606081																							
0	0	0	0	0	0.00218866	0.008993176	0.065807924	0.076339641	0.081550672	0.093083817	0.031129882	0.017959264	0.013325296	0.024068545	0.013861123	0.025169263	0.003342489	0.015922091	0.089330534	0	0	0	0	0	0.030162244	0.031463167	0.07422285	0.108755307	0.065305053	0.046123451	0.014685872	0.023176237	0.007602646	0.006228106	0.006139198	0.00206038	0.002441669	0	0.019561443																							
0	0	0	0	0	0.002043346	0.033948719	0.042883361	0.059119389	0.083994626	0.12909003	0.051124445	0.027347077	0.028914168	0.019460322	0.015686404	0.016113146	0.009334193	0.010176453	0.084491834	0	0	0	0	0.007554202	0.011875696	0.051276632	0.057908807	0.048079923	0.084351659	0.071363965	0.012766322	0.009496612	0.005499676	0.006525546	0.003556883	0.008531001	0.001655409	0.001281647	0.004548508																							
0	0	0	0	0	0.008502166	0.031425901	0.066904409	0.089608874	0.085283062	0.100881454	0.047899571	0.030887062	0.018614384	0.005587326	0.006518869	0.009248556	0.006705069	0.003459318	0.023090836	0	0	0	0	0	0.000875836	0.015480803	0.126626503	0.064601219	0.06090096	0.058294899	0.06020419	0.023126798	0.010994706	0.006194873	0.002510259	0.011586023	0.00494121	0.001421975	0.017622891																							
0	0	0	0	0	0	0	0.006931398	0.040797754	0.049517662	0.093542228	0.105960016	0.087637486	0.032685422	0.003710303	0.020377967	0.002311426	0.005583533	0.006556904	0.052623959	0	0	0	0.007262199	0	0	0	0.014558754	0.111945994	0.08421191	0.042114244	0.110466776	0.041041395	0.032629244	0.0053719	0.011481648	0.004421664	0.010983383	0.0053719	0.009902932																							
0	0	0	0	0	0	0.003227478	0	0.020130061	0.074059039	0.04713446	0.072999221	0.090928348	0.074292866	0.034560214	0.006158086	0.006835735	0.004393921	0.008503489	0.023086217	0	0	0	0	0	0.006219886	0.013680225	0.009844014	0.021205155	0.160066241	0.086625411	0.079209766	0.067774819	0.045894435	0.010517388	0.012110634	0.002208591	0.002844616	0.006886378	0.008603307																							
0	8.52E-05	0.00111637	0.002958277	0.002121955	0.008303846	0.004920148	0	0.002515383	0.02585977	0.103175709	0.093661037	0.090699166	0.096702465	0.058298279	0.019412675	0.00265717	0.011095611	0.004066453	0.026325517	0	0	0.006612115	0.009026829	0.017050128	0.02671063	0.008254425	0.007332807	0.012686992	0.035996042	0.093490737	0.086311907	0.049381995	0.027080995	0.037364812	0.007291784	0.002721399	0.006887178	0.002216257	0.009607917																							
0	0	0	0.003012585	0.008955107	0.009338095	0.002373492	0	0.006200944	0.001672398	0.019608692	0.138406868	0.088629959	0.080827358	0.091700253	0.060288422	0.020368924	0.007156643	0.001748563	0.022851159	0	0	0.001474821	0.003502701	0.003521136	0.039308836	0.004076828	0.021780486	0.015554421	0.010920658	0.033667475	0.078077845	0.071574377	0.072269562	0.024205944	0.032159251	0.017649676	0	0.001032375	0.006084147																							
#	wt_fsh	(begin	year	to	end	year)																																																								
#	Female	Female	Female	Female	Female	Female	Female	Female	Female	Female	Female	Female	Female	Female	Female	Female	Female	Female	Female	Male	Male	Male	Male	Male	Male	Male	Male	Male	Male	Male	Male	Male	Male	Male	Male	Male	Male	Male	Male																							
#	2	3	4	5	6	7	8	9	10	11	12	13	14	15	16	17	18	19	20	1	2	3	4	5	6	7	8	9	10	11	12	13	14	15	16	17	18	19	20																							
0.009	0.015	0.03	0.059	0.112	0.183	0.267	0.363	0.439	0.489	0.577	0.57	0.612	0.667	0.714	0.79	0.862	0.939	0.889	0.815	0.007	0.011	0.013	0.026	0.055	0.1	0.153	0.213	0.256	0.259	0.311	0.301	0.314	0.353	0.367	0.33	0.455	0.342	0.366	0.36																							
0.009	0.015	0.03	0.059	0.112	0.183	0.267	0.363	0.439	0.489	0.577	0.57	0.612	0.667	0.714	0.79	0.862	0.939	0.889	0.815	0.007	0.011	0.013	0.026	0.055	0.1	0.153	0.213	0.256	0.259	0.311	0.301	0.314	0.353	0.367	0.33	0.455	0.342	0.366	0.36																							
0.009	0.015	0.03	0.059	0.112	0.183	0.267	0.363	0.439	0.489	0.577	0.57	0.612	0.667	0.714	0.79	0.862	0.939	0.889	0.815	0.007	0.011	0.013	0.026	0.055	0.1	0.153	0.213	0.256	0.259	0.311	0.301	0.314	0.353	0.367	0.33	0.455	0.342	0.366	0.36																							
0.009	0.015	0.03	0.059	0.112	0.183	0.267	0.363	0.439	0.489	0.577	0.57	0.612	0.667	0.714	0.79	0.862	0.939	0.889	0.815	0.007	0.011	0.013	0.026	0.055	0.1	0.153	0.213	0.256	0.259	0.311	0.301	0.314	0.353	0.367	0.33	0.455	0.342	0.366	0.36																							
0.009	0.015	0.03	0.059	0.112	0.183	0.267	0.363	0.439	0.489	0.577	0.57	0.612	0.667	0.714	0.79	0.862	0.939	0.889	0.815	0.007	0.011	0.013	0.026	0.055	0.1	0.153	0.213	0.256	0.259	0.311	0.301	0.314	0.353	0.367	0.33	0.455	0.342	0.366	0.36																							
0.009	0.015	0.03	0.059	0.112	0.183	0.267	0.363	0.439	0.489	0.577	0.57	0.612	0.667	0.714	0.79	0.862	0.939	0.889	0.815	0.007	0.011	0.013	0.026	0.055	0.1	0.153	0.213	0.256	0.259	0.311	0.301	0.314	0.353	0.367	0.33	0.455	0.342	0.366	0.36																							
0.009	0.015	0.03	0.059	0.112	0.183	0.267	0.363	0.439	0.489	0.577	0.57	0.612	0.667	0.714	0.79	0.862	0.939	0.889	0.815	0.007	0.011	0.013	0.026	0.055	0.1	0.153	0.213	0.256	0.259	0.311	0.301	0.314	0.353	0.367	0.33	0.455	0.342	0.366	0.36																							
0.009	0.015	0.03	0.059	0.112	0.183	0.267	0.363	0.439	0.489	0.577	0.57	0.612	0.667	0.714	0.79	0.862	0.939	0.889	0.815	0.007	0.011	0.013	0.026	0.055	0.1	0.153	0.213	0.256	0.259	0.311	0.301	0.314	0.353	0.367	0.33	0.455	0.342	0.366	0.36																							
0.009	0.015	0.03	0.059	0.112	0.183	0.267	0.363	0.439	0.489	0.577	0.57	0.612	0.667	0.714	0.79	0.862	0.939	0.889	0.815	0.007	0.011	0.013	0.026	0.055	0.1	0.153	0.213	0.256	0.259	0.311	0.301	0.314	0.353	0.367	0.33	0.455	0.342	0.366	0.36																							
0.009	0.015	0.03	0.059	0.112	0.183	0.267	0.363	0.439	0.489	0.577	0.57	0.612	0.667	0.714	0.79	0.862	0.939	0.889	0.815	0.007	0.011	0.013	0.026	0.055	0.1	0.153	0.213	0.256	0.259	0.311	0.301	0.314	0.353	0.367	0.33	0.455	0.342	0.366	0.36																							
0.009	0.015	0.03	0.059	0.112	0.183	0.267	0.363	0.439	0.489	0.577	0.57	0.612	0.667	0.714	0.79	0.862	0.939	0.889	0.815	0.007	0.011	0.013	0.026	0.055	0.1	0.153	0.213	0.256	0.259	0.311	0.301	0.314	0.353	0.367	0.33	0.455	0.342	0.366	0.36																							
0.009	0.015	0.03	0.059	0.112	0.183	0.267	0.363	0.439	0.489	0.577	0.57	0.612	0.667	0.714	0.79	0.862	0.939	0.889	0.815	0.007	0.011	0.013	0.026	0.055	0.1	0.153	0.213	0.256	0.259	0.311	0.301	0.314	0.353	0.367	0.33	0.455	0.342	0.366	0.36																							
0.009	0.015	0.03	0.059	0.112	0.183	0.267	0.363	0.439	0.489	0.577	0.57	0.612	0.667	0.714	0.79	0.862	0.939	0.889	0.815	0.007	0.011	0.013	0.026	0.055	0.1	0.153	0.213	0.256	0.259	0.311	0.301	0.314	0.353	0.367	0.33	0.455	0.342	0.366	0.36																							
0.009	0.015	0.03	0.059	0.112	0.183	0.267	0.363	0.439	0.489	0.577	0.57	0.612	0.667	0.714	0.79	0.862	0.939	0.889	0.815	0.007	0.011	0.013	0.026	0.055	0.1	0.153	0.213	0.256	0.259	0.311	0.301	0.314	0.353	0.367	0.33	0.455	0.342	0.366	0.36																							
0.009	0.015	0.03	0.059	0.112	0.183	0.267	0.363	0.439	0.489	0.577	0.57	0.612	0.667	0.714	0.79	0.862	0.939	0.889	0.815	0.007	0.011	0.013	0.026	0.055	0.1	0.153	0.213	0.256	0.259	0.311	0.301	0.314	0.353	0.367	0.33	0.455	0.342	0.366	0.36																							
0.009	0.015	0.03	0.059	0.112	0.183	0.267	0.363	0.439	0.489	0.577	0.57	0.612	0.667	0.714	0.79	0.862	0.939	0.889	0.815	0.007	0.011	0.013	0.026	0.055	0.1	0.153	0.213	0.256	0.259	0.311	0.301	0.314	0.353	0.367	0.33	0.455	0.342	0.366	0.36																							
0.009	0.015	0.03	0.059	0.112	0.183	0.267	0.363	0.439	0.489	0.577	0.57	0.612	0.667	0.714	0.79	0.862	0.939	0.889	0.815	0.007	0.011	0.013	0.026	0.055	0.1	0.153	0.213	0.256	0.259	0.311	0.301	0.314	0.353	0.367	0.33	0.455	0.342	0.366	0.36																							
0.009	0.014	0.029	0.056	0.101	0.159	0.233	0.312	0.386	0.441	0.517	0.531	0.573	0.634	0.666	0.73	0.81	0.862	0.844	0.817	0.007	0.011	0.016	0.032	0.059	0.099	0.152	0.203	0.244	0.25	0.299	0.295	0.311	0.336	0.355	0.339	0.435	0.379	0.384	0.386																							
0.009	0.012	0.027	0.053	0.09	0.134	0.199	0.261	0.332	0.393	0.457	0.491	0.535	0.6	0.619	0.67	0.758	0.785	0.799	0.819	0.007	0.011	0.02	0.038	0.063	0.097	0.151	0.194	0.233	0.241	0.286	0.289	0.309	0.318	0.343	0.348	0.414	0.416	0.402	0.412																							
0.009	0.011	0.026	0.05	0.078	0.11	0.165	0.211	0.278	0.346	0.397	0.452	0.496	0.566	0.571	0.61	0.707	0.709	0.753	0.821	0.007	0.01	0.023	0.044	0.067	0.096	0.151	0.185	0.221	0.232	0.273	0.282	0.307	0.301	0.33	0.357	0.393	0.453	0.42	0.438																							
0.009	0.011	0.026	0.05	0.078	0.11	0.165	0.211	0.278	0.346	0.397	0.452	0.496	0.566	0.571	0.61	0.707	0.709	0.753	0.821	0.007	0.01	0.023	0.044	0.067	0.096	0.151	0.185	0.221	0.232	0.273	0.282	0.307	0.301	0.33	0.357	0.393	0.453	0.42	0.438																							
0.009	0.011	0.026	0.05	0.078	0.11	0.165	0.211	0.278	0.346	0.397	0.452	0.496	0.566	0.571	0.61	0.707	0.709	0.753	0.821	0.007	0.01	0.023	0.044	0.067	0.096	0.151	0.185	0.221	0.232	0.273	0.282	0.307	0.301	0.33	0.357	0.393	0.453	0.42	0.438																							
0.009	0.011	0.026	0.05	0.078	0.11	0.165	0.211	0.278	0.346	0.397	0.452	0.496	0.566	0.571	0.61	0.707	0.709	0.753	0.821	0.007	0.01	0.023	0.044	0.067	0.096	0.151	0.185	0.221	0.232	0.273	0.282	0.307	0.301	0.33	0.357	0.393	0.453	0.42	0.438																							
0.009	0.011	0.026	0.05	0.078	0.11	0.165	0.211	0.278	0.346	0.397	0.452	0.496	0.566	0.571	0.61	0.707	0.709	0.753	0.821	0.007	0.01	0.023	0.044	0.067	0.096	0.151	0.185	0.221	0.232	0.273	0.282	0.307	0.301	0.33	0.357	0.393	0.453	0.42	0.438																							
0.009	0.011	0.026	0.05	0.078	0.11	0.165	0.211	0.278	0.346	0.397	0.452	0.496	0.566	0.571	0.61	0.707	0.709	0.753	0.821	0.007	0.01	0.023	0.044	0.067	0.096	0.151	0.185	0.221	0.232	0.273	0.282	0.307	0.301	0.33	0.357	0.393	0.453	0.42	0.438																							
0.009	0.011	0.026	0.05	0.078	0.11	0.165	0.211	0.278	0.346	0.397	0.452	0.496	0.566	0.571	0.61	0.707	0.709	0.753	0.821	0.007	0.01	0.023	0.044	0.067	0.096	0.151	0.185	0.221	0.232	0.273	0.282	0.307	0.301	0.33	0.357	0.393	0.453	0.42	0.438																							
0.009	0.011	0.026	0.05	0.078	0.11	0.165	0.211	0.278	0.346	0.397	0.452	0.496	0.566	0.571	0.61	0.707	0.709	0.753	0.821	0.007	0.01	0.023	0.044	0.067	0.096	0.151	0.185	0.221	0.232	0.273	0.282	0.307	0.301	0.33	0.357	0.393	0.453	0.42	0.438																							
0.009	0.011	0.026	0.05	0.078	0.11	0.165	0.211	0.278	0.346	0.397	0.452	0.496	0.566	0.571	0.61	0.707	0.709	0.753	0.821	0.007	0.01	0.023	0.044	0.067	0.096	0.151	0.185	0.221	0.232	0.273	0.282	0.307	0.301	0.33	0.357	0.393	0.453	0.42	0.438																							
0.009	0.011	0.026	0.05	0.078	0.11	0.165	0.211	0.278	0.346	0.397	0.452	0.496	0.566	0.571	0.61	0.707	0.709	0.753	0.821	0.007	0.01	0.023	0.044	0.067	0.096	0.151	0.185	0.221	0.232	0.273	0.282	0.307	0.301	0.33	0.357	0.393	0.453	0.42	0.438																							
0.009	0.013	0.026	0.051	0.09	0.134	0.201	0.23	0.294	0.359	0.405	0.461	0.485	0.545	0.552	0.581	0.659	0.651	0.711	0.758	0.007	0.011	0.023	0.047	0.086	0.114	0.166	0.201	0.228	0.243	0.276	0.291	0.309	0.303	0.319	0.358	0.369	0.418	0.387	0.403																							
0.009	0.015	0.026	0.053	0.102	0.158	0.236	0.249	0.311	0.373	0.413	0.47	0.473	0.524	0.533	0.552	0.611	0.594	0.668	0.695	0.007	0.012	0.023	0.051	0.104	0.132	0.181	0.218	0.234	0.254	0.279	0.3	0.311	0.305	0.308	0.359	0.345	0.383	0.354	0.369																							
0.009	0.017	0.025	0.054	0.114	0.181	0.272	0.269	0.327	0.387	0.421	0.479	0.462	0.504	0.514	0.523	0.562	0.537	0.626	0.632	0.007	0.013	0.023	0.055	0.123	0.149	0.196	0.234	0.241	0.265	0.282	0.308	0.314	0.307	0.297	0.36	0.321	0.348	0.321	0.335																							
0.009	0.017	0.025	0.054	0.114	0.181	0.272	0.269	0.327	0.387	0.421	0.479	0.462	0.504	0.514	0.523	0.562	0.537	0.626	0.632	0.007	0.013	0.023	0.055	0.123	0.149	0.196	0.234	0.241	0.265	0.282	0.308	0.314	0.307	0.297	0.36	0.321	0.348	0.321	0.335																							
0.009	0.017	0.025	0.054	0.114	0.181	0.272	0.269	0.327	0.387	0.421	0.479	0.462	0.504	0.514	0.523	0.562	0.537	0.626	0.632	0.007	0.013	0.023	0.055	0.123	0.149	0.196	0.234	0.241	0.265	0.282	0.308	0.314	0.307	0.297	0.36	0.321	0.348	0.321	0.335																							
0.009	0.017	0.025	0.054	0.114	0.181	0.272	0.269	0.327	0.387	0.421	0.479	0.462	0.504	0.514	0.523	0.562	0.537	0.626	0.632	0.007	0.013	0.023	0.055	0.123	0.149	0.196	0.234	0.241	0.265	0.282	0.308	0.314	0.307	0.297	0.36	0.321	0.348	0.321	0.335																							
0.009	0.017	0.025	0.054	0.114	0.181	0.272	0.269	0.327	0.387	0.421	0.479	0.462	0.504	0.514	0.523	0.562	0.537	0.626	0.632	0.007	0.013	0.023	0.055	0.123	0.149	0.196	0.234	0.241	0.265	0.282	0.308	0.314	0.307	0.297	0.36	0.321	0.348	0.321	0.335																							
0.009	0.017	0.025	0.054	0.114	0.181	0.272	0.269	0.327	0.387	0.421	0.479	0.462	0.504	0.514	0.523	0.562	0.537	0.626	0.632	0.007	0.013	0.023	0.055	0.123	0.149	0.196	0.234	0.241	0.265	0.282	0.308	0.314	0.307	0.297	0.36	0.321	0.348	0.321	0.335																							
0.009	0.017	0.025	0.054	0.114	0.181	0.272	0.269	0.327	0.387	0.421	0.479	0.462	0.504	0.514	0.523	0.562	0.537	0.626	0.632	0.007	0.013	0.023	0.055	0.123	0.149	0.196	0.234	0.241	0.265	0.282	0.308	0.314	0.307	0.297	0.36	0.321	0.348	0.321	0.335																							
0.009	0.017	0.025	0.054	0.114	0.181	0.272	0.269	0.327	0.387	0.421	0.479	0.462	0.504	0.514	0.523	0.562	0.537	0.626	0.632	0.007	0.013	0.023	0.055	0.123	0.149	0.196	0.234	0.241	0.265	0.282	0.308	0.314	0.307	0.297	0.36	0.321	0.348	0.321	0.335																							
0.009	0.017	0.025	0.054	0.114	0.181	0.272	0.269	0.327	0.387	0.421	0.479	0.462	0.504	0.514	0.523	0.562	0.537	0.626	0.632	0.007	0.013	0.023	0.055	0.123	0.149	0.196	0.234	0.241	0.265	0.282	0.308	0.314	0.307	0.297	0.36	0.321	0.348	0.321	0.335																							
0.009	0.017	0.025	0.054	0.114	0.181	0.272	0.269	0.327	0.387	0.421	0.479	0.462	0.504	0.514	0.523	0.562	0.537	0.626	0.632	0.007	0.013	0.023	0.055	0.123	0.149	0.196	0.234	0.241	0.265	0.282	0.308	0.314	0.307	0.297	0.36	0.321	0.348	0.321	0.335																							
0.009	0.017	0.025	0.054	0.114	0.181	0.272	0.269	0.327	0.387	0.421	0.479	0.462	0.504	0.514	0.523	0.562	0.537	0.626	0.632	0.007	0.013	0.023	0.055	0.123	0.149	0.196	0.234	0.241	0.265	0.282	0.308	0.314	0.307	0.297	0.36	0.321	0.348	0.321	0.335																							
0.009	0.017	0.025	0.054	0.114	0.181	0.272	0.269	0.327	0.387	0.421	0.479	0.462	0.504	0.514	0.523	0.562	0.537	0.626	0.632	0.007	0.013	0.023	0.055	0.123	0.149	0.196	0.234	0.241	0.265	0.282	0.308	0.314	0.307	0.297	0.36	0.321	0.348	0.321	0.335																							
0.009	0.017	0.025	0.054	0.114	0.181	0.272	0.269	0.327	0.387	0.421	0.479	0.462	0.504	0.514	0.523	0.562	0.537	0.626	0.632	0.007	0.013	0.023	0.055	0.123	0.149	0.196	0.234	0.241	0.265	0.282	0.308	0.314	0.307	0.297	0.36	0.321	0.348	0.321	0.335																							
#	nsmpl_fsh_age(1	nfsh	1	nyrs_fish_age)																																																										
200	200	200	200	200	200	200	200	200	200	200	200	200	200	200	200	200	200	200	200	200	200	200	200	200	200	200	200	200	200	200	200	200	200	200	200	200	200	200	
#	nsrv																																																													
1																																																														
#	nyrs_srv	(1	nsrv)																																																											
37																																																														
#	yrs_srv	(1	nsrv	1	nyrs_srv)																																																									
1982	1983	1984	1985	1986	1987	1988	1989	1990	1991	1992	1993	1994	1995	1996	1997	1998	1999	2000	2001	2002	2003	2004	2005	2006	2007	2008	2009	2010	2011	2012	2013	2014	2015	2016	2017  2018
#	mo_srv	(1	nsrv)																																																											
7																																																														
#	obs_srv	(1	nsrv	1	nyrs_srv)																																																									
#trawl	survey	biomass	series	using	pfc																																																									
#582.977	717.521	805.192	705.018	1039.462	1274.073	1500.348	1341.765	1384.557	1586.276	1615.263	2124.52	2895.343	2176.051	2191.949	2729.175	2198.105	1725.012	2136.836	2433.942	1917.434	2101.042	2185.114	2123.575	2216.591	2034.345	2031.888	1539.028	2064.869	1977.281	1920.349	1752.972	1857.45																														
#trawl	survey	biomass	without	pfc																																																										
600.62998	759.58843	850.35526	695.46496	1086.29025	1273.49205	1480.55695	1326.69289	1384.45118	1585.65109	1549.53831	1995.59614	2724.85365	2180.55733	2070.26263	2623.15825	2196.17341	1648.10292	2080.73348	2344.15588	1883.5883	2111.30826	2196.16797	2121.08081	2216.43135	2034.29515	2031.88795	1539.00424	2065.69837	1977.295	1920.41911	1752.97187	1857.44978	1411.8261	1461.272	1331.78  1051.503
#	obs_se_srv	(1	nsrv	1	nyrs_srv)																																																									
#	surveys	with	fpc																																																											
#73.611	79.58	80.966	58.449	83.854	90.32	101.979	89.747	87.989	95.061	110.762	132.592	231.066	129.175	170.949	197.355	122.309	171.064	333.904	273.524	345.641	197.725	180.658	150.454	148.455	284.634	300.654	159.06	203.365	164.583	185.982	136.588	88.05																														
#surveys	without	fpc	adjustment																																																											
74.08204296	81.85120137	81.82450969	58.77623772	83.74437854	91.22796441	101.5088669	91.09048574	89.02193513	95.96852651	112.2793758	122.047462	223.2537537	130.5406242	121.9849704	190.4918194	123.6593885	162.4026795	317.0942353	259.0213182	171.4373979	196.1918941	183.5726359	150.2595814	149.9682034	278.9415564	300.6528668	159.0004093	203.358021	164.5815907	185.8913543	136.5881971	129.3307097	130.4366639	130.966	  99.607  115.323
#	nyrs_srv_age	Combined	and	split	sex																																																									
0																																																														
39																																																														
#	yrs_srv_age	(1	nsrv	1	nyrs_srv_ages)																																																									
1979	1980	1981	1982	1983	1984	1985	1986	1987	1988	1989	1990	1991	1992	1993	1994	1995	1996	1997	1998	1999	2000	2001	2002	2003	2004	2005	2006	2007	2008	2009	2010	2011	2012	2013	2014	2015	2016  2017
#	nsmpl_srv	(1	nsrv	1	nyrs_srv_age)																																																									
200	200	200	200	200	200	200	200	200	200	200	200	200	200	200	200	200	200	200	200	200	200	200	200	200	200	200	200	200	200	200	200	200	200	200	200	200	200   200
#_oac_srv	2	3	4	5	6	7	8	9	10	11	12	13	14	15	16	17	18	19	20	1	2	3	4	5	6	7	8	9	10	11	12	13	14	15	16	17	18	19	20																							
0	0	0.013661576	0.051697164	0.036799998	0.082886878	0.034086958	0.029412939	0.05813522	0.04299068	0.012896731	0.015592378	0.016825862	0.013244912	0.008324776	0.00405219	0.000167022	0	0.000133788	0	0	0	0.025189716	0.0902536	0.074215212	0.10065711	0.061960706	0.045287138	0.07553022	0.054815033	0.020341124	0.01829702	0.004104276	0.008173124	0	0.000266648	0	0	0	0																							
0	0	0.046789312	0.068150161	0.083681263	0.046764591	0.04385675	0.023393029	0.019766637	0.066852476	0.049638926	0.019199304	0.014703745	0.009250399	0.007242537	0.003416223	0	0	0	0	0	0.01479647	0.081595919	0.034373693	0.124348187	0.05655478	0.029399097	0.024007757	0.034552772	0.057192096	0.019738114	0.01096922	0.002837028	0.006374087	0.000555428	0	0	0	0	0																							
7.72E-05	0.029361925	0.046658726	0.104354288	0.025706018	0.115278831	0.027725153	0.014790604	0.01212739	0.018381148	0.038166429	0.016146618	0.013332874	0.005181051	0.008160487	0.003803894	0.000950219	0.000629711	0	0	0	0.061318734	0.052450439	0.087881174	0.039587885	0.155023015	0.020960423	0.011754307	0.023027205	0.035564966	0.017414737	0.005056202	0.002899321	0.00140226	0.003558827	0.00096807	0.000299842	0	0	0																							
0	0.003199247	0.042858079	0.052883614	0.046427246	0.123794943	0.089207372	0.05062154	0.015705843	0.018912737	0.012893384	0.011645114	0.011647026	0.005951982	0.001993075	0.002766774	0.002452892	0	0.000467314	0	0	0.01853559	0.034138755	0.113706469	0.12381245	0.045305159	0.083991402	0.02983611	0.011689405	0.005718367	0.00530111	0.023880458	0.00850394	0.002152604	0	0	0	0	0	0																							
0	0.001094013	0.078571943	0.065954387	0.079272115	0.040251574	0.052802872	0.05343031	0.023791191	0.023413129	0.010349078	0.013490821	0.020720372	0.009992453	0.006098985	0.006455473	0.00136403	0.000581414	0.000239291	0	0	0.017115703	0.0953295	0.09286741	0.100155936	0.049009846	0.037840219	0.049035273	0.022974121	0.016011847	0.005284915	0.007626322	0.008604989	0.005087411	0.004538076	0.000644977	0	0	0	0																							
0	0.010770573	0.05872722	0.091034515	0.069306735	0.047945444	0.050905325	0.035500698	0.032190802	0.023104798	0.006341406	0.009074127	0.013610934	0.003747365	0.005093829	0.003494493	0.000565488	0	0.000565488	0.00E+00	0	0.016781825	0.054521734	0.167357013	0.084785079	0.035765194	0.082115523	0.022800548	0.041212689	0.005772279	0.00570374	0.004294861	0.00138808	0.005227203	0.006484802	0.001738521	0.00138808	0	0	0.000683586																							
0.00121459	0.018996004	0.036853015	0.119193417	0.119934189	0.050012666	0.044503522	0.037074913	0.016973331	0.028454566	0.006595525	0.003496763	0.001490347	0.002863741	0.006349609	0.008446073	0.001214469	0.000570742	0.000548381	0.002144053	0.001159479	0.019740655	0.060337243	0.138833247	0.129548784	0.066559063	0.027781495	0.018494945	0.014962157	0.007368051	0.001423272	0	0.000113581	0.000854402	0.003835533	0.000122579	0.000714348	0.001221248	0	0																							
0	0	0.027693301	0.070414117	0.116134052	0.093619325	0.051280524	0.02596642	0.030594161	0.009856811	0.021426023	0.003902532	0.003697817	0.003392357	0.000976859	0.003539254	0.003149571	0.000127413	0	0.002266412	0	0	0.052703939	0.13160834	0.125675343	0.120625957	0.043271903	0.024400734	0.01859437	0	0.015082464	0	0	0	0	0	0	0	0	0																							
0	0	0.033860007	0.095037458	0.062967408	0.081265196	0.098420533	0.023182645	0.01544266	0.016641638	0.012646485	0.023755841	0.00522029	0.001462146	0.001787459	0.000641945	0.001627859	0.000753351	0.000423069	0.003054912	0	0.002946472	0.091657757	0.08312717	0.127087549	0.067820836	0.072446283	0.02186331	0.028666564	0.012154245	0	0.012508272	0	0	0	0	0.001530642	0	0	0																							
0	0.013057584	0.078314165	0.071423251	0.145827195	0.040257066	0.049223428	0.042512617	0.024906826	0.007836146	0.015553445	0.005394577	0.008692878	0.006325045	0	0.000812717	0.001358978	0.005092613	0.001575565	0.001746352	0	0.02288618	0.055812347	0.11803421	0.095091433	0.078286794	0.062833997	0.018979635	0.01274333	0.000523776	0.0048962	0.005597366	0	0.000983645	0	0	0	0.002101525	0.001319115	0																							
0	0.008621433	0.057932588	0.066273098	0.070335562	0.097341508	0.051661485	0.050694929	0.036575931	0.011486018	0.007880895	0.011223779	0.006621198	0.006845623	0.003932441	0.001437031	0.000312994	0.000312994	0.002419501	0.001664641	0	0.008438478	0.064350041	0.082263876	0.100965526	0.099637145	0.061668729	0.033723777	0.02597356	0.007874405	0.006129871	0.002742353	0.003568399	0.005130104	0	0.002167899	0	0	0	0.001792191																							
0	0.001238857	0.041376497	0.129556858	0.094418985	0.054678804	0.054288652	0.02940299	0.031585843	0.017631875	0.009658399	0.004637229	0.004458961	0.001042194	0.002454096	0.000123845	0	0.000869934	0	0.002454784	0	0.000859727	0.067140705	0.178067397	0.093313209	0.048783599	0.072187169	0.008148432	0.019786995	0.017339037	0.004990047	0.001791123	0.002871206	0.00095265	0.002076829	0	0	0	0	0.001813071																							
0	0	0.005286926	0.120287879	0.097906905	0.07969859	0.044573773	0.047045198	0.02929553	0.020178821	0.014632561	0.012667079	0.004728514	0.005064534	0.002923006	0.001480087	0	0.000382063	0.000528185	0.002781208	0	0.001200848	0.004903839	0.162233977	0.127264146	0.060298198	0.056010279	0.03930849	0.017731237	0.022410762	0.01182534	0.001145267	0.004045808	0.001276715	0.000884233	0	0	0	0	0																							
0	0	0.019023761	0.03788901	0.123673943	0.115746795	0.050312654	0.04495202	0.027032162	0.022683499	0.022394152	0.012990428	0.007813792	0.00519995	0.003561447	0.001754584	0.001020263	0	0.001131641	0.000536755	0	0.000775883	0.010940698	0.035851099	0.178580611	0.113880847	0.035719107	0.059468881	0.027893582	0.008572923	0.010437399	0.006626174	0.006479641	0.004431508	0.001433854	0.000912361	0.000278578	0	0	0																							
0	0.001087395	0.025652959	0.049134069	0.054485349	0.128953533	0.075412242	0.040405155	0.033152882	0.029348719	0.005416445	0.008897239	0.008481187	0.004951123	0.002640059	0.000840456	0	0	0.000399884	0.000399884	0	0.001912459	0.051103751	0.05777289	0.042132842	0.176827786	0.093104658	0.038420578	0.040934419	0.012397632	0.006753737	0.002625408	0.002357722	0.002540587	0.001077836	0	0	0	0	0.000379113																							
0	0	0.015999726	0.055491048	0.046319966	0.040047963	0.131897248	0.094495388	0.036795211	0.011543508	0.025081359	0.013406732	0.007235026	0.007963242	0.003904056	0.002660395	0.000568758	0.000757579	0.001597887	0.001068515	0	0.002779432	0.017366862	0.088321151	0.043013345	0.049923185	0.166673377	0.052978955	0.034025689	0.011388733	0.018648506	0.006048365	0.003799326	0.004582075	0.002014256	0.000961601	0.000320767	0	0.000320767	0																							
0	0	0	0.047465841	0.088159391	0.041980369	0.024636876	0.114718405	0.066958987	0.029618151	0.03150502	0.023777164	0.008816758	0.004266421	0.009282653	0	0.000947958	0.000338296	0.000338296	0.000850798	0	0	0.014539058	0.039938042	0.106234602	0.044427418	0.040167898	0.119969482	0.072206395	0.018855878	0.021250239	0.013752623	0.00634964	0.008647341	0	0	0	0	0	0																							
0	0.000599032	0.037130142	0.019803854	0.03440417	0.083762602	0.025282787	0.05081432	0.099506231	0.065441021	0.016470301	0.008028734	0.013850308	0.004772722	0.004905226	0.005347481	0.001489795	0.000896073	0.000140213	0.000888663	0	0.002877329	0.054374568	0.024373606	0.03556766	0.102724486	0.029616226	0.040928522	0.117562935	0.063806345	0.021087821	0.011392042	0.009634409	0.00225941	0.005016702	0.00333902	0.00172439	0.000180851	0	0																							
0	0	0.017219049	0.064495139	0.011955631	0.029320479	0.103348467	0.040649172	0.027377739	0.089719972	0.031366944	0.020440941	0.02669162	0.007136361	0.008575823	0.010820493	0.00528186	0.002427092	0	0.001169016	0	0.000281686	0.026037563	0.058389857	0.03535054	0.047561839	0.112856406	0.004484556	0.052949103	0.080012944	0.02547352	0.032055529	0.009216634	0.014834517	0.002499507	0	0	0	0	0																							
0	0	0.009901601	0.031056054	0.033551251	0.029839076	0.040777186	0.07527632	0.023198138	0.021221097	0.112587151	0.055690656	0.018333275	0.011598996	0.015116438	0.002203892	0.002056727	0.00113255	0.001145106	0.002040439	0	0	0.015330388	0.043598419	0.054872747	0.031859688	0.060318573	0.109503021	0.027022258	0.039670461	0.054735361	0.05415339	0.016138684	0.001390192	0.001673499	0.001572103	0.001357548	6.20E-05	0	1.57E-05																							
0	0	0.002891888	0.005232198	0.014038294	0.03798093	0.012249607	0.046843849	0.076335029	0.052606348	0.038141298	0.101650514	0.025221386	0.02033046	0.008259105	0.013115878	0.003117094	0.002278297	0.00152427	0.00023446	0	0	0.00556384	0.008989153	0.025921989	0.075254054	0.003466316	0.037540069	0.123250795	0.060050656	0.04124807	0.085539042	0.046626489	0.012042995	0.006981008	0.003588102	0.000514291	0.001372227	0	0																							
0	0	0	0.020496347	0.017638721	0.027475444	0.046813337	0.028159116	0.035628923	0.070206004	0.052982779	0.042426589	0.092131449	0.04237715	0.023829111	0.023113325	0.0051909	0.000938249	0.000680208	0.001371723	0	0	0.005022693	0.041017185	0.011305514	0.017322158	0.062821502	0.016778813	0.078962452	0.102246177	0.037840187	0.035666143	0.036737233	0.011668909	0.005485197	0.002251715	0.00214661	0.000210209	0.000632152	0.000425776																							
0	0.000912045	0.01126754	0.008703762	0.021015416	0.019085107	0.01657145	0.04987408	0.036665481	0.043451054	0.083081267	0.022947644	0.035133758	0.08210401	0.039429912	0.017996826	0.006435172	0.002236443	0.001591802	0.000510944	0	0.001636268	0.009778769	0.01662146	0.053107279	0.033493459	0.026599878	0.059301808	0.02273497	0.093629492	0.055716232	0.036683151	0.040221838	0.033050543	0.008938404	0.004003905	0.001323855	0.003890326	0.000254649	0																							
0	0.005568976	0.034837803	0.011197495	0.025576005	0.060973221	0.012146052	0.019102108	0.033327079	0.007537703	0.057849691	0.082225425	0.017864827	0.014220852	0.081387549	0.036226313	0.025194424	0.002351097	0.000661697	0.005101184	0	0.008109656	0.045186182	0.019001713	0.015837358	0.048950834	0.021723444	0.014425533	0.067197425	0.030819364	0.038692852	0.031413798	0.038383505	0.01674999	0.057077728	0.012416532	0.000332292	0.000332292	0	0																							
0.000507686	0.028641271	0.056718883	0.02491614	0.02417309	0.008690321	0.045959017	0.024288342	0.021015484	0.023721503	0.008290851	0.019233957	0.069769722	0.013170044	0.020512586	0.065331522	0.01496983	0.012129349	0.005839675	0.004054549	0.000786406	0.054448174	0.077916641	0.041087591	0.029065025	0.016792012	0.04065596	0.018177264	0.003320366	0.007394094	0.011748351	0.046789565	0.071429579	0.018317995	0.028630861	0.023819877	0.009952718	0.00295193	0.004240075	0.000541692																							
0	0.002351471	0.091350226	0.051969417	0.047633449	0.023893837	0.011269571	0.031473103	0.010042582	0.006924168	0.031666989	0.031595171	0.015519412	0.020732497	0.013628391	0.007902944	0.039491893	0.03146668	0.000508615	0.015395296	0	0.009149205	0.138311826	0.087516384	0.040668287	0.026609175	0.011163802	0.028480019	0.018376869	0	0.04191717	0.005459123	0.008754583	0.05180271	0.005459123	0.000557582	0.020270647	0.013290414	0	0.00739737																							
0	0.012514209	0.067589724	0.104168578	0.062420702	0.011980346	0.013636179	0.012754469	0.026410405	0.006505058	0.010546131	0.00531234	0.01019994	0.02094162	0.020376903	0.014918691	0.017562249	0.017383463	0.016835299	0.011973555	0	0.007854872	0.124816772	0.119003698	0.092093256	0.021374065	0.032162469	0.018456546	0.012311278	0.006225285	0.004871503	0.009197226	0.000779987	0.024602237	0.009571485	0.007437717	0.008602521	0.023915187	0.005091063	0.007602974																							
0	0.009965691	0.062466529	0.142073945	0.061354843	0.041271735	0.016553116	0.015572528	0.010964355	0.022436932	0.008398942	0.00667532	0.004753036	0.005641752	0.014550421	0.018127273	0.011668923	0.00790267	0.013685488	0.010054264	0	0.01156254	0.081629324	0.157390689	0.081721822	0.05080061	0.01343244	0.006060714	0.014003189	0.010334812	0.011183436	0.003982711	0.009365604	0.002148547	0.015533304	0.017121885	0.008916391	0.00118912	0.010604389	0.008900711																							
0	0.003273551	0.03171982	0.062197119	0.085162208	0.074347704	0.048507933	0.024045161	0.008906889	0.019086719	0.016078093	0.015533385	0.01448196	0.015115594	0.013152589	0.018837511	0.011032449	0.01263963	0.011271441	0.01360926	6.09E-05	0.002532933	0.035840762	0.101471101	0.115120829	0.080970693	0.05299315	0.022847848	0.007518159	0.029201483	0.003975489	0.004446868	0.005865435	0.00455804	0.015592176	0.007267914	0.004331167	0.002237204	0.003202078	0.00096678																							
0	0	0.034411055	0.042486757	0.079696608	0.077255488	0.09169753	0.032786277	0.012293327	0.01796094	0.022813782	0.006251733	0.011388266	0.00336252	0.012530974	0.017701332	0.021124464	0.002712261	0.007521507	0.017513846	0	0	0.042568819	0.055400279	0.070929301	0.117846109	0.064892449	0.055536708	0.010161591	0.004222082	0.011143399	0.018828317	0.003347093	0.00312444	0.005853027	0.000176584	0.009387881	0.007186876	0.003247508	0.00463887																							
0	0.000504653	0.014897412	0.088112507	0.055336474	0.077224409	0.072646652	0.045458203	0.032343586	0.007884984	0.011634914	0.005733254	0.015147296	0.004001051	0.007993275	0.003502561	0.010935649	0.015109219	0.005442967	0.026734699	0	0.000601272	0.014729316	0.093115875	0.065397457	0.062450535	0.094683674	0.059280384	0.03424513	0.002463299	0.012534313	0.001117999	0.008584498	0.005823148	0.002949442	0.007218613	0.001591941	0.006859012	0.019131764	0.006578561																							
0	0.000759306	0.013801213	0.045684672	0.067459908	0.064446589	0.049129024	0.089024413	0.047792854	0.034162698	0.005475807	0.018940753	0.007804783	0.016774558	0.005550107	0.009186209	0.004201518	0.004725207	0.005141655	0.029187288	0	0.001441521	0.008735801	0.045319051	0.087011698	0.051284114	0.056406771	0.064526366	0.05759883	0.022003553	0.02454906	0.009082945	0.004521247	0.00869478	0.002721529	0.004862034	0.001780873	0.004662515	0.014012557	0.011536195																							
0	0	0.020274057	0.01257986	0.05244616	0.11545288	0.039394699	0.058429051	0.062235602	0.048565053	0.030773106	0.017799756	0.011852545	0.009134678	0.01444668	0.003483099	0.001939902	0.000583181	0.002592771	0.031765793	0	0	0.009451964	0.026010886	0.043485096	0.064380801	0.078943717	0.073693447	0.085755533	0.030232656	0.023486061	0.00596549	0.004711885	0.002451817	0.003028456	0	0.003236206	0.005773674	0.001254068	0.004389369																							
0	0	0	0.007181339	0.029450915	0.036438237	0.079694889	0.040460512	0.097455896	0.079104004	0.048506645	0.01928579	0.005068703	0.012934968	0.003120949	0.012209593	0.004115021	0.003743257	0.002963888	0.021166463	0	0.000893238	0.004068539	0.010888831	0.042550379	0.06778981	0.086137562	0.051693121	0.029514318	0.072613426	0.035448081	0.013457376	0.002772732	0.016424327	0.010526221	0.027827877	0	0.003955488	0.006880442	0.013657163																							
0	6.51E-05	0.007138404	0.00436796	0.006855749	0.012949738	0.028340557	0.084157138	0.079214173	0.071843848	0.055559974	0.045733635	0.021911762	0.002504378	0.009986069	0.002430857	0.01263369	0.003382594	0.009541033	0.021823702	0	8.92E-05	0.018640987	0.002446739	0.011717106	0.028982506	0.0516231	0.088967091	0.069147492	0.072875856	0.055535361	0.04880209	0.027264919	0.010825513	0.012463871	0.001144141	0.003029905	0.002240981	0.000355216	0.013407559																							
0	0.002244523	0.014581358	0.024054669	0.010153768	0.008266022	0.002623635	0.001354408	0.081655307	0.046802492	0.06280392	0.120695558	0.009130725	0.030342579	0.010685188	0.022167304	0.001255213	0.011277971	0.006521634	0.025263547	0	0.005701586	0.025270652	0.025465348	0.002784902	0.009761232	0.009019938	0.022434373	0.063362807	0.03477683	0.069820376	0.084022613	0.075326032	0.010497307	0.006435376	0.011012039	0.001830444	0.004901619	0.00940717	0.036289533																							
2.32E-05	0.001659365	0.026183994	0.030764008	0.029150541	0.005276234	0.007772095	0.019787508	0.014841347	0.072293374	0.06968578	0.055003259	0.054272031	0.025545566	0.01600107	0.014925035	0.003898748	0.001752901	0.004333684	0.018662886	0	0.001036442	0.0495747	0.037439543	0.039527773	0.005738502	0.007383556	0.018861034	0.041486137	0.114425342	0.059616958	0.041640331	0.057492616	0.02110471	0.009158093	0.002369586	0	0	0.007982061	0.013295657																							
0	0.022062048	0.009764759	0.03565405	0.035096625	0.016752373	0.002815201	0.001580998	0.006003986	0.021168099	0.064303098	0.048278377	0.070803899	0.057449895	0.040647778	0.028617613	0.0162678	0.007300137	0.006680194	0.023220145	0.000204268	0.031543387	0.014242105	0.055793729	0.034105611	0.021703777	0.010626533	0.007369177	0.006391329	0.011798397	0.050998646	0.069958003	0.07259699	0.030317014	0.026479812	0.016067147	0.006566043	0.000410476	0.011136294	0.007224185																							
0	0.049083711	0.110482575	0.022893262	0.026757632	0.022469504	0.013847604	0.01083635	0.00322959	0.002543647	0.018689638	0.06899418	0.047887131	0.029209087	0.045690734	0.024336055	0.007367942	0.001667183	1.96398E-05	0.005755209	0.002170484	0.071118555	0.14287211	0.014919904	0.041363635	0.023165166	0.004179786	0	0.019188461	0.004663856	0.008906043	0.032865094	0.035501862	0.017689496	0.034892619	0.022403133	0.006347635	0.000906658	0	0.00508483
#	1000																																																													
#	wt_srv	females	1	2	3	4	5	6	7	8	9	10	11	12	13	14	15	16	17	18	19	20																																								
0.009	0.015	0.030	0.059	0.112	0.183	0.267	0.363	0.439	0.489	0.577	0.570	0.612	0.667	0.714	0.790	0.862	0.939	0.889	0.815
0.009	0.015	0.030	0.059	0.112	0.183	0.267	0.363	0.439	0.489	0.577	0.570	0.612	0.667	0.714	0.790	0.862	0.939	0.889	0.815
0.009	0.015	0.030	0.059	0.112	0.183	0.267	0.363	0.439	0.489	0.577	0.570	0.612	0.667	0.714	0.790	0.862	0.939	0.889	0.815
0.009	0.015	0.030	0.059	0.112	0.183	0.267	0.363	0.439	0.489	0.577	0.570	0.612	0.667	0.714	0.790	0.862	0.939	0.889	0.815
0.009	0.015	0.030	0.059	0.112	0.183	0.267	0.363	0.439	0.489	0.577	0.570	0.612	0.667	0.714	0.790	0.862	0.939	0.889	0.815
0.009	0.015	0.030	0.059	0.112	0.183	0.267	0.363	0.439	0.489	0.577	0.570	0.612	0.667	0.714	0.790	0.862	0.939	0.889	0.815
0.009	0.015	0.030	0.059	0.112	0.183	0.267	0.363	0.439	0.489	0.577	0.570	0.612	0.667	0.714	0.790	0.862	0.939	0.889	0.815
0.009	0.018	0.052	0.077	0.101	0.153	0.212	0.282	0.391	0.421	0.538	0.494	0.643	0.614	0.908	0.969	0.935	0.935	0.948	0.880
0.009	0.013	0.032	0.102	0.154	0.200	0.277	0.312	0.431	0.418	0.497	0.466	0.608	0.630	0.817	0.864	0.992	1.080	1.022	0.880
0.009	0.014	0.029	0.060	0.133	0.205	0.249	0.331	0.421	0.473	0.588	0.543	0.584	0.799	0.729	0.803	0.963	1.022	0.983	0.880
0.009	0.021	0.033	0.068	0.152	0.249	0.330	0.397	0.511	0.503	0.615	0.620	0.539	0.615	0.717	0.757	0.896	1.013	0.993	0.910
0.009	0.015	0.029	0.044	0.104	0.188	0.295	0.369	0.430	0.510	0.545	0.515	0.611	0.547	0.720	0.777	0.875	1.015	0.970	0.864
0.009	0.015	0.034	0.065	0.115	0.205	0.339	0.494	0.521	0.487	0.614	0.598	0.634	0.746	0.647	0.755	0.866	1.020	0.956	0.864
0.009	0.015	0.028	0.048	0.117	0.192	0.311	0.419	0.414	0.508	0.604	0.708	0.615	0.647	0.631	0.731	0.806	0.913	0.881	0.830
0.009	0.016	0.025	0.055	0.093	0.175	0.236	0.380	0.495	0.559	0.609	0.564	0.566	0.723	0.661	0.727	0.801	0.908	0.870	0.830
0.009	0.009	0.015	0.039	0.082	0.145	0.235	0.335	0.431	0.547	0.612	0.620	0.614	0.685	0.680	0.793	0.838	0.896	0.835	0.794
0.009	0.009	0.022	0.031	0.072	0.117	0.184	0.306	0.349	0.462	0.549	0.574	0.705	0.667	0.694	0.802	0.856	0.855	0.798	0.819
0.009	0.009	0.018	0.037	0.058	0.095	0.166	0.218	0.332	0.416	0.445	0.544	0.585	0.628	0.716	0.767	0.841	0.826	0.795	0.806
0.009	0.009	0.022	0.031	0.082	0.108	0.182	0.228	0.305	0.410	0.534	0.629	0.555	0.645	0.720	0.790	0.854	0.851	0.828	0.826
0.009	0.009	0.025	0.047	0.075	0.105	0.174	0.207	0.325	0.430	0.442	0.544	0.555	0.656	0.696	0.788	0.870	0.838	0.803	0.813
0.009	0.009	0.025	0.039	0.072	0.112	0.157	0.218	0.268	0.390	0.410	0.465	0.681	0.673	0.666	0.729	0.869	0.803	0.785	0.812
0.009	0.007	0.022	0.053	0.072	0.128	0.171	0.245	0.281	0.354	0.448	0.514	0.520	0.621	0.638	0.686	0.856	0.780	0.821	0.813
0.009	0.016	0.021	0.045	0.082	0.102	0.173	0.199	0.238	0.344	0.393	0.418	0.468	0.665	0.632	0.660	0.808	0.782	0.824	0.810
0.009	0.016	0.023	0.049	0.072	0.115	0.173	0.198	0.226	0.318	0.339	0.393	0.420	0.556	0.604	0.659	0.791	0.758	0.811	0.808
0.009	0.016	0.017	0.029	0.045	0.086	0.114	0.178	0.237	0.245	0.320	0.387	0.437	0.489	0.591	0.646	0.745	0.737	0.803	0.838
0.009	0.016	0.000	0.033	0.062	0.094	0.136	0.200	0.245	0.293	0.339	0.406	0.410	0.472	0.560	0.617	0.687	0.735	0.816	0.851
0.009	0.016	0.040	0.082	0.080	0.114	0.169	0.230	0.236	0.298	0.336	0.370	0.439	0.462	0.520	0.584	0.641	0.751	0.786	0.851
0.002	0.012	0.037	0.075	0.120	0.130	0.185	0.205	0.322	0.325	0.378	0.378	0.440	0.462	0.502	0.575	0.637	0.692	0.723	0.838
0.002	0.012	0.037	0.075	0.120	0.130	0.185	0.205	0.322	0.325	0.378	0.378	0.440	0.462	0.503	0.526	0.601	0.660	0.672	0.826
0.002	0.033	0.035	0.089	0.175	0.203	0.430	0.268	0.293	0.432	0.418	0.479	0.458	0.457	0.502	0.527	0.565	0.622	0.699	0.761
0.002	0.015	0.024	0.055	0.134	0.244	0.230	0.307	0.326	0.381	0.435	0.494	0.432	0.501	0.508	0.522	0.559	0.572	0.640	0.697
0.002	0.011	0.022	0.039	0.087	0.156	0.222	0.264	0.346	0.368	0.375	0.492	0.472	0.531	0.515	0.517	0.551	0.527	0.607	0.666
0.002	0.007	0.020	0.033	0.062	0.123	0.205	0.237	0.342	0.369	0.458	0.451	0.486	0.525	0.518	0.519	0.560	0.536	0.614	0.654
0.004	0.014	0.019	0.039	0.052	0.123	0.157	0.326	0.336	0.477	0.437	0.568	0.499	0.595	0.494	0.528	0.565	0.541	0.618	0.648
0.004	0.014	0.016	0.033	0.054	0.101	0.161	0.254	0.313	0.316	0.391	0.432	0.456	0.443	0.501	0.531	0.570	0.557	0.578	0.650
0.004	0.014	0.022	0.049	0.072	0.117	0.151	0.232	0.307	0.347	0.453	0.461	0.449	0.534	0.521	0.539	0.567	0.573	0.564	0.655
0.004	0.014	0.031	0.087	0.123	0.138	0.174	0.221	0.299	0.359	0.421	0.447	0.485	0.537	0.521	0.578	0.595	0.626	0.519	0.649
0.004	0.014	0.028	0.032	0.140	0.147	0.189	0.254	0.304	0.365	0.447	0.519	0.540	0.642	0.530	0.593	0.623	0.651	0.517	0.631
0.004	0.009	0.039	0.095	0.112	0.153	0.227	0.224	0.319	0.358	0.409	0.500	0.528	0.539	0.554	0.622	0.629	0.690	0.525	0.606
0.004	0.013	0.031	0.066	0.103	0.193	0.169	0.130	0.316	0.330	0.376	0.459	0.536	0.570	0.573	0.617	0.681	0.698	0.483	0.573
0.004	0.016	0.033	0.092	0.138	0.267	0.273	0.308	0.322	0.394	0.455	0.504	0.509	0.565	0.578	0.628	0.715	0.742	0.535	0.605
0.000	0.024	0.069	0.071	0.194	0.184	0.252	0.216	0.393	0.414	0.460	0.484	0.494	0.528	0.588	0.603	0.702	0.696	0.609	0.644
0.004	0.035	0.102	0.172	0.276	0.287	0.318	0.371	0.500	0.462	0.486	0.527	0.509	0.555	0.585	0.630	0.709	0.790	0.681	0.716
0.004	0.035	0.102	0.172	0.276	0.287	0.318	0.371	0.500	0.462	0.486	0.527	0.509	0.555	0.585	0.630	0.709	0.790	0.681	0.716
#	wt_srv_Males	0.002	0.003	0.004	0.005	0.006	0.007	0.008	0.009	0.01	0.011	0.012	0.013	0.014	0.015	0.016	0.017	0.018	0.019	20																																										
0.007	0.011	0.013	0.026	0.055	0.100	0.153	0.213	0.256	0.259	0.311	0.301	0.314	0.353	0.367	0.330	0.455	0.342	0.366	0.360
0.007	0.011	0.013	0.026	0.055	0.100	0.153	0.213	0.256	0.259	0.311	0.301	0.314	0.353	0.367	0.330	0.455	0.342	0.366	0.360
0.007	0.011	0.013	0.026	0.055	0.100	0.153	0.213	0.256	0.259	0.311	0.301	0.314	0.353	0.367	0.330	0.455	0.342	0.366	0.360
0.007	0.011	0.013	0.026	0.055	0.100	0.153	0.213	0.256	0.259	0.311	0.301	0.314	0.353	0.367	0.330	0.455	0.342	0.366	0.360
0.007	0.011	0.013	0.026	0.055	0.100	0.153	0.213	0.256	0.259	0.311	0.301	0.314	0.353	0.367	0.330	0.455	0.342	0.366	0.360
0.007	0.011	0.013	0.026	0.055	0.100	0.153	0.213	0.256	0.259	0.311	0.301	0.314	0.353	0.367	0.330	0.455	0.342	0.366	0.360
0.002	0.014	0.047	0.078	0.088	0.145	0.176	0.205	0.208	0.282	0.339	0.239	0.273	0.352	0.310	0.582	0.373	0.325	0.360	0.399
0.002	0.014	0.047	0.078	0.088	0.145	0.176	0.205	0.208	0.282	0.339	0.239	0.273	0.352	0.310	0.582	0.373	0.325	0.360	0.399
0.002	0.015	0.029	0.093	0.132	0.149	0.191	0.219	0.201	0.240	0.208	0.255	0.297	0.306	0.306	0.490	0.373	0.325	0.360	0.399
0.002	0.018	0.023	0.053	0.120	0.130	0.198	0.216	0.228	0.284	0.256	0.251	0.292	0.293	0.294	0.447	0.346	0.325	0.360	0.399
0.002	0.018	0.034	0.061	0.135	0.206	0.228	0.256	0.252	0.327	0.335	0.327	0.575	0.369	0.298	0.481	0.353	0.325	0.360	0.399
0.002	0.018	0.027	0.037	0.092	0.168	0.261	0.252	0.253	0.260	0.299	0.327	0.575	0.369	0.300	0.501	0.357	0.325	0.360	0.399
0.002	0.012	0.029	0.065	0.101	0.176	0.257	0.303	0.277	0.260	0.299	0.327	0.575	0.369	0.300	0.501	0.354	0.325	0.360	0.399
0.002	0.014	0.022	0.049	0.110	0.172	0.233	0.301	0.337	0.438	0.324	0.278	0.345	0.458	0.302	0.538	0.352	0.342	0.360	0.399
0.002	0.012	0.022	0.048	0.097	0.156	0.208	0.293	0.286	0.368	0.313	0.356	0.345	0.341	0.310	0.562	0.365	0.358	0.360	0.372
0.002	0.006	0.014	0.033	0.066	0.125	0.203	0.290	0.305	0.292	0.314	0.377	0.336	0.398	0.320	0.542	0.363	0.374	0.360	0.350
0.002	0.012	0.011	0.030	0.062	0.105	0.174	0.225	0.243	0.312	0.322	0.425	0.351	0.422	0.340	0.521	0.360	0.391	0.360	0.350
0.002	0.008	0.013	0.031	0.053	0.089	0.166	0.202	0.244	0.234	0.323	0.311	0.345	0.318	0.347	0.477	0.376	0.407	0.360	0.350
0.002	0.007	0.019	0.035	0.069	0.096	0.149	0.166	0.263	0.309	0.353	0.340	0.471	0.355	0.369	0.432	0.391	0.407	0.360	0.350
0.002	0.011	0.020	0.041	0.066	0.093	0.143	0.216	0.216	0.242	0.286	0.317	0.361	0.362	0.383	0.420	0.399	0.407	0.368	0.377
0.002	0.011	0.029	0.039	0.069	0.093	0.153	0.175	0.218	0.247	0.281	0.303	0.379	0.306	0.387	0.408	0.406	0.407	0.375	0.399
0.002	0.006	0.020	0.045	0.070	0.113	0.152	0.205	0.205	0.232	0.302	0.294	0.245	0.359	0.352	0.391	0.420	0.422	0.383	0.399
0.002	0.006	0.018	0.040	0.071	0.112	0.147	0.208	0.215	0.219	0.272	0.263	0.323	0.255	0.362	0.398	0.419	0.437	0.390	0.399
0.002	0.006	0.023	0.041	0.072	0.083	0.148	0.174	0.225	0.225	0.232	0.257	0.245	0.325	0.356	0.407	0.417	0.478	0.398	0.399
0.002	0.006	0.015	0.031	0.041	0.092	0.142	0.155	0.190	0.200	0.239	0.255	0.229	0.262	0.338	0.404	0.425	0.505	0.398	0.399
0.002	0.006	0.015	0.038	0.034	0.068	0.120	0.163	0.205	0.205	0.230	0.260	0.277	0.269	0.318	0.382	0.406	0.520	0.406	0.399
0.002	0.018	0.028	0.053	0.066	0.095	0.147	0.194	0.227	0.229	0.221	0.263	0.286	0.257	0.339	0.365	0.396	0.484	0.434	0.399
0.002	0.015	0.037	0.067	0.093	0.112	0.173	0.195	0.224	0.219	0.247	0.258	0.256	0.285	0.317	0.349	0.389	0.467	0.415	0.407
0.002	0.012	0.035	0.064	0.104	0.107	0.166	0.161	0.218	0.227	0.291	0.266	0.261	0.260	0.294	0.326	0.369	0.415	0.396	0.415
0.002	0.024	0.036	0.099	0.195	0.148	0.186	0.244	0.228	0.227	0.272	0.292	0.297	0.278	0.295	0.341	0.346	0.367	0.384	0.392
0.002	0.012	0.021	0.054	0.150	0.175	0.226	0.238	0.256	0.306	0.356	0.329	0.398	0.272	0.295	0.340	0.344	0.332	0.363	0.371
0.002	0.009	0.018	0.037	0.083	0.149	0.208	0.209	0.230	0.246	0.245	0.300	0.287	0.352	0.285	0.343	0.332	0.348	0.316	0.357
0.002	0.005	0.015	0.030	0.063	0.126	0.166	0.246	0.250	0.243	0.253	0.312	0.273	0.325	0.292	0.346	0.322	0.349	0.320	0.355
0.002	0.010	0.019	0.029	0.047	0.111	0.146	0.234	0.243	0.234	0.324	0.279	0.360	0.337	0.299	0.394	0.318	0.350	0.320	0.340
0.002	0.010	0.015	0.031	0.054	0.091	0.153	0.206	0.232	0.292	0.285	0.368	0.303	0.285	0.305	0.363	0.334	0.360	0.313	0.341
0.002	0.010	0.027	0.039	0.065	0.103	0.136	0.187	0.240	0.292	0.253	0.315	0.290	0.306	0.329	0.355	0.348	0.364	0.314	0.344
0.002	0.010	0.023	0.056	0.078	0.110	0.163	0.192	0.254	0.223	0.264	0.275	0.360	0.341	0.339	0.363	0.353	0.355	0.331	0.353
0.002	0.010	0.016	0.038	0.114	0.148	0.182	0.188	0.267	0.269	0.287	0.303	0.379	0.303	0.347	0.354	0.355	0.340	0.347	0.329
0.002	0.008	0.038	0.046	0.088	0.185	0.177	0.195	0.228	0.265	0.272	0.309	0.344	0.306	0.355	0.329	0.374	0.354	0.382	0.326
0.002	0.016	0.036	0.074	0.108	0.119	0.176	0.186	0.234	0.247	0.262	0.293	0.278	0.375	0.368	0.332	0.374	0.370	0.383	0.339
0.002	0.020	0.036	0.089	0.137	0.158	0.234	0.238	0.257	0.283	0.281	0.312	0.329	0.333	0.355	0.359	0.373	0.383	0.388	0.361
0.004	0.022	0.056	0.078	0.175	0.197	0.220	0.262	0.278	0.251	0.303	0.303	0.295	0.305	0.356	0.358	0.373	0.427	0.373	0.392
0.005	0.014	0.036	0.091	0.167	0.212	0.208	0.234	0.272	0.292	0.256	0.294	0.303	0.331	0.346	0.368	0.378	0.460	0.395	0.434
0.005	0.014	0.036	0.091	0.167	0.212	0.208	0.234	0.272	0.292	0.256	0.294	0.303	0.331	0.346	0.368	0.378	0.460	0.395	0.434

#	wt_pop	females	0.002	0.003	0.004	0.005	0.006	0.007	0.008	0.009	0.01	0.011	0.012	0.013	0.014	0.015	0.016	0.017	0.018	19	20																																									
0.009	0.015	0.030	0.059	0.112	0.183	0.267	0.363	0.439	0.489	0.577	0.570	0.612	0.667	0.714	0.790	0.862	0.939	0.889	0.815
0.009	0.015	0.030	0.059	0.112	0.183	0.267	0.363	0.439	0.489	0.577	0.570	0.612	0.667	0.714	0.790	0.862	0.939	0.889	0.815
0.009	0.015	0.030	0.059	0.112	0.183	0.267	0.363	0.439	0.489	0.577	0.570	0.612	0.667	0.714	0.790	0.862	0.939	0.889	0.815
0.009	0.015	0.030	0.059	0.112	0.183	0.267	0.363	0.439	0.489	0.577	0.570	0.612	0.667	0.714	0.790	0.862	0.939	0.889	0.815
0.009	0.015	0.030	0.059	0.112	0.183	0.267	0.363	0.439	0.489	0.577	0.570	0.612	0.667	0.714	0.790	0.862	0.939	0.889	0.815
0.009	0.015	0.030	0.059	0.112	0.183	0.267	0.363	0.439	0.489	0.577	0.570	0.612	0.667	0.714	0.790	0.862	0.939	0.889	0.815
0.009	0.015	0.030	0.059	0.112	0.183	0.267	0.363	0.439	0.489	0.577	0.570	0.612	0.667	0.714	0.790	0.862	0.939	0.889	0.815
0.009	0.018	0.052	0.077	0.101	0.153	0.212	0.282	0.391	0.421	0.538	0.494	0.643	0.614	0.908	0.969	0.935	0.935	0.948	0.880
0.009	0.013	0.032	0.102	0.154	0.200	0.277	0.312	0.431	0.418	0.497	0.466	0.608	0.630	0.817	0.864	0.992	1.080	1.022	0.880
0.009	0.014	0.029	0.060	0.133	0.205	0.249	0.331	0.421	0.473	0.588	0.543	0.584	0.799	0.729	0.803	0.963	1.022	0.983	0.880
0.009	0.021	0.033	0.068	0.152	0.249	0.330	0.397	0.511	0.503	0.615	0.620	0.539	0.615	0.717	0.757	0.896	1.013	0.993	0.910
0.009	0.015	0.029	0.044	0.104	0.188	0.295	0.369	0.430	0.510	0.545	0.515	0.611	0.547	0.720	0.777	0.875	1.015	0.970	0.864
0.009	0.015	0.034	0.065	0.115	0.205	0.339	0.494	0.521	0.487	0.614	0.598	0.634	0.746	0.647	0.755	0.866	1.020	0.956	0.864
0.009	0.015	0.028	0.048	0.117	0.192	0.311	0.419	0.414	0.508	0.604	0.708	0.615	0.647	0.631	0.731	0.806	0.913	0.881	0.830
0.009	0.016	0.025	0.055	0.093	0.175	0.236	0.380	0.495	0.559	0.609	0.564	0.566	0.723	0.661	0.727	0.801	0.908	0.870	0.830
0.009	0.009	0.015	0.039	0.082	0.145	0.235	0.335	0.431	0.547	0.612	0.620	0.614	0.685	0.680	0.793	0.838	0.896	0.835	0.794
0.009	0.009	0.022	0.031	0.072	0.117	0.184	0.306	0.349	0.462	0.549	0.574	0.705	0.667	0.694	0.802	0.856	0.855	0.798	0.819
0.009	0.009	0.018	0.037	0.058	0.095	0.166	0.218	0.332	0.416	0.445	0.544	0.585	0.628	0.716	0.767	0.841	0.826	0.795	0.806
0.009	0.009	0.022	0.031	0.082	0.108	0.182	0.228	0.305	0.410	0.534	0.629	0.555	0.645	0.720	0.790	0.854	0.851	0.828	0.826
0.009	0.009	0.025	0.047	0.075	0.105	0.174	0.207	0.325	0.430	0.442	0.544	0.555	0.656	0.696	0.788	0.870	0.838	0.803	0.813
0.009	0.009	0.025	0.039	0.072	0.112	0.157	0.218	0.268	0.390	0.410	0.465	0.681	0.673	0.666	0.729	0.869	0.803	0.785	0.812
0.009	0.007	0.022	0.053	0.072	0.128	0.171	0.245	0.281	0.354	0.448	0.514	0.520	0.621	0.638	0.686	0.856	0.780	0.821	0.813
0.009	0.016	0.021	0.045	0.082	0.102	0.173	0.199	0.238	0.344	0.393	0.418	0.468	0.665	0.632	0.660	0.808	0.782	0.824	0.810
0.009	0.016	0.023	0.049	0.072	0.115	0.173	0.198	0.226	0.318	0.339	0.393	0.420	0.556	0.604	0.659	0.791	0.758	0.811	0.808
0.009	0.016	0.017	0.029	0.045	0.086	0.114	0.178	0.237	0.245	0.320	0.387	0.437	0.489	0.591	0.646	0.745	0.737	0.803	0.838
0.009	0.016	0.000	0.033	0.062	0.094	0.136	0.200	0.245	0.293	0.339	0.406	0.410	0.472	0.560	0.617	0.687	0.735	0.816	0.851
0.009	0.016	0.040	0.082	0.080	0.114	0.169	0.230	0.236	0.298	0.336	0.370	0.439	0.462	0.520	0.584	0.641	0.751	0.786	0.851
0.002	0.012	0.037	0.075	0.120	0.130	0.185	0.205	0.322	0.325	0.378	0.378	0.440	0.462	0.502	0.575	0.637	0.692	0.723	0.838
0.002	0.012	0.037	0.075	0.120	0.130	0.185	0.205	0.322	0.325	0.378	0.378	0.440	0.462	0.503	0.526	0.601	0.660	0.672	0.826
0.002	0.033	0.035	0.089	0.175	0.203	0.430	0.268	0.293	0.432	0.418	0.479	0.458	0.457	0.502	0.527	0.565	0.622	0.699	0.761
0.002	0.015	0.024	0.055	0.134	0.244	0.230	0.307	0.326	0.381	0.435	0.494	0.432	0.501	0.508	0.522	0.559	0.572	0.640	0.697
0.002	0.011	0.022	0.039	0.087	0.156	0.222	0.264	0.346	0.368	0.375	0.492	0.472	0.531	0.515	0.517	0.551	0.527	0.607	0.666
0.002	0.007	0.020	0.033	0.062	0.123	0.205	0.237	0.342	0.369	0.458	0.451	0.486	0.525	0.518	0.519	0.560	0.536	0.614	0.654
0.004	0.014	0.019	0.039	0.052	0.123	0.157	0.326	0.336	0.477	0.437	0.568	0.499	0.595	0.494	0.528	0.565	0.541	0.618	0.648
0.004	0.014	0.016	0.033	0.054	0.101	0.161	0.254	0.313	0.316	0.391	0.432	0.456	0.443	0.501	0.531	0.570	0.557	0.578	0.650
0.004	0.014	0.022	0.049	0.072	0.117	0.151	0.232	0.307	0.347	0.453	0.461	0.449	0.534	0.521	0.539	0.567	0.573	0.564	0.655
0.004	0.014	0.031	0.087	0.123	0.138	0.174	0.221	0.299	0.359	0.421	0.447	0.485	0.537	0.521	0.578	0.595	0.626	0.519	0.649
0.004	0.014	0.028	0.032	0.140	0.147	0.189	0.254	0.304	0.365	0.447	0.519	0.540	0.642	0.530	0.593	0.623	0.651	0.517	0.631
0.004	0.009	0.039	0.095	0.112	0.153	0.227	0.224	0.319	0.358	0.409	0.500	0.528	0.539	0.554	0.622	0.629	0.690	0.525	0.606
0.004	0.013	0.031	0.066	0.103	0.193	0.169	0.130	0.316	0.330	0.376	0.459	0.536	0.570	0.573	0.617	0.681	0.698	0.483	0.573
0.004	0.016	0.033	0.092	0.138	0.267	0.273	0.308	0.322	0.394	0.455	0.504	0.509	0.565	0.578	0.628	0.715	0.742	0.535	0.605
0.000	0.024	0.069	0.071	0.194	0.184	0.252	0.216	0.393	0.414	0.460	0.484	0.494	0.528	0.588	0.603	0.702	0.696	0.609	0.644
0.004	0.035	0.102	0.172	0.276	0.287	0.318	0.371	0.500	0.462	0.486	0.527	0.509	0.555	0.585	0.630	0.709	0.790	0.681	0.716
0.004	0.035	0.102	0.172	0.276	0.287	0.318	0.371	0.500	0.462	0.486	0.527	0.509	0.555	0.585	0.630	0.709	0.790	0.681	0.716

#	wt_pop	males	0.002	0.003	0.004	0.005	0.006	0.007	0.008	0.009	0.01	0.011	0.012	0.013	0.014	0.015	0.016	0.017	0.018	19	20																																									
0.007	0.011	0.013	0.026	0.055	0.100	0.153	0.213	0.256	0.259	0.311	0.301	0.314	0.353	0.367	0.330	0.455	0.342	0.366	0.360
0.007	0.011	0.013	0.026	0.055	0.100	0.153	0.213	0.256	0.259	0.311	0.301	0.314	0.353	0.367	0.330	0.455	0.342	0.366	0.360
0.007	0.011	0.013	0.026	0.055	0.100	0.153	0.213	0.256	0.259	0.311	0.301	0.314	0.353	0.367	0.330	0.455	0.342	0.366	0.360
0.007	0.011	0.013	0.026	0.055	0.100	0.153	0.213	0.256	0.259	0.311	0.301	0.314	0.353	0.367	0.330	0.455	0.342	0.366	0.360
0.007	0.011	0.013	0.026	0.055	0.100	0.153	0.213	0.256	0.259	0.311	0.301	0.314	0.353	0.367	0.330	0.455	0.342	0.366	0.360
0.007	0.011	0.013	0.026	0.055	0.100	0.153	0.213	0.256	0.259	0.311	0.301	0.314	0.353	0.367	0.330	0.455	0.342	0.366	0.360
0.002	0.014	0.047	0.078	0.088	0.145	0.176	0.205	0.208	0.282	0.339	0.239	0.273	0.352	0.310	0.582	0.373	0.325	0.360	0.399
0.002	0.014	0.047	0.078	0.088	0.145	0.176	0.205	0.208	0.282	0.339	0.239	0.273	0.352	0.310	0.582	0.373	0.325	0.360	0.399
0.002	0.015	0.029	0.093	0.132	0.149	0.191	0.219	0.201	0.240	0.208	0.255	0.297	0.306	0.306	0.490	0.373	0.325	0.360	0.399
0.002	0.018	0.023	0.053	0.120	0.130	0.198	0.216	0.228	0.284	0.256	0.251	0.292	0.293	0.294	0.447	0.346	0.325	0.360	0.399
0.002	0.018	0.034	0.061	0.135	0.206	0.228	0.256	0.252	0.327	0.335	0.327	0.575	0.369	0.298	0.481	0.353	0.325	0.360	0.399
0.002	0.018	0.027	0.037	0.092	0.168	0.261	0.252	0.253	0.260	0.299	0.327	0.575	0.369	0.300	0.501	0.357	0.325	0.360	0.399
0.002	0.012	0.029	0.065	0.101	0.176	0.257	0.303	0.277	0.260	0.299	0.327	0.575	0.369	0.300	0.501	0.354	0.325	0.360	0.399
0.002	0.014	0.022	0.049	0.110	0.172	0.233	0.301	0.337	0.438	0.324	0.278	0.345	0.458	0.302	0.538	0.352	0.342	0.360	0.399
0.002	0.012	0.022	0.048	0.097	0.156	0.208	0.293	0.286	0.368	0.313	0.356	0.345	0.341	0.310	0.562	0.365	0.358	0.360	0.372
0.002	0.006	0.014	0.033	0.066	0.125	0.203	0.290	0.305	0.292	0.314	0.377	0.336	0.398	0.320	0.542	0.363	0.374	0.360	0.350
0.002	0.012	0.011	0.030	0.062	0.105	0.174	0.225	0.243	0.312	0.322	0.425	0.351	0.422	0.340	0.521	0.360	0.391	0.360	0.350
0.002	0.008	0.013	0.031	0.053	0.089	0.166	0.202	0.244	0.234	0.323	0.311	0.345	0.318	0.347	0.477	0.376	0.407	0.360	0.350
0.002	0.007	0.019	0.035	0.069	0.096	0.149	0.166	0.263	0.309	0.353	0.340	0.471	0.355	0.369	0.432	0.391	0.407	0.360	0.350
0.002	0.011	0.020	0.041	0.066	0.093	0.143	0.216	0.216	0.242	0.286	0.317	0.361	0.362	0.383	0.420	0.399	0.407	0.368	0.377
0.002	0.011	0.029	0.039	0.069	0.093	0.153	0.175	0.218	0.247	0.281	0.303	0.379	0.306	0.387	0.408	0.406	0.407	0.375	0.399
0.002	0.006	0.020	0.045	0.070	0.113	0.152	0.205	0.205	0.232	0.302	0.294	0.245	0.359	0.352	0.391	0.420	0.422	0.383	0.399
0.002	0.006	0.018	0.040	0.071	0.112	0.147	0.208	0.215	0.219	0.272	0.263	0.323	0.255	0.362	0.398	0.419	0.437	0.390	0.399
0.002	0.006	0.023	0.041	0.072	0.083	0.148	0.174	0.225	0.225	0.232	0.257	0.245	0.325	0.356	0.407	0.417	0.478	0.398	0.399
0.002	0.006	0.015	0.031	0.041	0.092	0.142	0.155	0.190	0.200	0.239	0.255	0.229	0.262	0.338	0.404	0.425	0.505	0.398	0.399
0.002	0.006	0.015	0.038	0.034	0.068	0.120	0.163	0.205	0.205	0.230	0.260	0.277	0.269	0.318	0.382	0.406	0.520	0.406	0.399
0.002	0.018	0.028	0.053	0.066	0.095	0.147	0.194	0.227	0.229	0.221	0.263	0.286	0.257	0.339	0.365	0.396	0.484	0.434	0.399
0.002	0.015	0.037	0.067	0.093	0.112	0.173	0.195	0.224	0.219	0.247	0.258	0.256	0.285	0.317	0.349	0.389	0.467	0.415	0.407
0.002	0.012	0.035	0.064	0.104	0.107	0.166	0.161	0.218	0.227	0.291	0.266	0.261	0.260	0.294	0.326	0.369	0.415	0.396	0.415
0.002	0.024	0.036	0.099	0.195	0.148	0.186	0.244	0.228	0.227	0.272	0.292	0.297	0.278	0.295	0.341	0.346	0.367	0.384	0.392
0.002	0.012	0.021	0.054	0.150	0.175	0.226	0.238	0.256	0.306	0.356	0.329	0.398	0.272	0.295	0.340	0.344	0.332	0.363	0.371
0.002	0.009	0.018	0.037	0.083	0.149	0.208	0.209	0.230	0.246	0.245	0.300	0.287	0.352	0.285	0.343	0.332	0.348	0.316	0.357
0.002	0.005	0.015	0.030	0.063	0.126	0.166	0.246	0.250	0.243	0.253	0.312	0.273	0.325	0.292	0.346	0.322	0.349	0.320	0.355
0.002	0.010	0.019	0.029	0.047	0.111	0.146	0.234	0.243	0.234	0.324	0.279	0.360	0.337	0.299	0.394	0.318	0.350	0.320	0.340
0.002	0.010	0.015	0.031	0.054	0.091	0.153	0.206	0.232	0.292	0.285	0.368	0.303	0.285	0.305	0.363	0.334	0.360	0.313	0.341
0.002	0.010	0.027	0.039	0.065	0.103	0.136	0.187	0.240	0.292	0.253	0.315	0.290	0.306	0.329	0.355	0.348	0.364	0.314	0.344
0.002	0.010	0.023	0.056	0.078	0.110	0.163	0.192	0.254	0.223	0.264	0.275	0.360	0.341	0.339	0.363	0.353	0.355	0.331	0.353
0.002	0.010	0.016	0.038	0.114	0.148	0.182	0.188	0.267	0.269	0.287	0.303	0.379	0.303	0.347	0.354	0.355	0.340	0.347	0.329
0.002	0.008	0.038	0.046	0.088	0.185	0.177	0.195	0.228	0.265	0.272	0.309	0.344	0.306	0.355	0.329	0.374	0.354	0.382	0.326
0.002	0.016	0.036	0.074	0.108	0.119	0.176	0.186	0.234	0.247	0.262	0.293	0.278	0.375	0.368	0.332	0.374	0.370	0.383	0.339
0.002	0.020	0.036	0.089	0.137	0.158	0.234	0.238	0.257	0.283	0.281	0.312	0.329	0.333	0.355	0.359	0.373	0.383	0.388	0.361
0.004	0.022	0.056	0.078	0.175	0.197	0.220	0.262	0.278	0.251	0.303	0.303	0.295	0.305	0.356	0.358	0.373	0.427	0.373	0.392
0.005	0.014	0.036	0.091	0.167	0.212	0.208	0.234	0.272	0.292	0.256	0.294	0.303	0.331	0.346	0.368	0.378	0.460	0.395	0.434
0.005	0.014	0.036	0.091	0.167	0.212	0.208	0.234	0.272	0.292	0.256	0.294	0.303	0.331	0.346	0.368	0.378	0.460	0.395	0.434

#	maturity	(1	nages)																																																											
0	0	0	0	0.001	0.008	0.061	0.2	0.505	0.75	0.888	0.929	0.955	0.979	0.983	0.991	0.996	0.997	0.997	0.997																																											
0	0	0	0	0.001	0.008	0.061	0.2	0.505	0.75	0.888	0.929	0.955	0.979	0.983	0.991	0.996	0.997	0.997	0.997																																											
0	0	0	0	0.001	0.008	0.061	0.2	0.505	0.75	0.888	0.929	0.955	0.979	0.983	0.991	0.996	0.997	0.997	0.997																																											
0	0	0	0	0.001	0.008	0.061	0.2	0.505	0.75	0.888	0.929	0.955	0.979	0.983	0.991	0.996	0.997	0.997	0.997																																											
0	0	0	0	0.001	0.008	0.061	0.2	0.505	0.75	0.888	0.929	0.955	0.979	0.983	0.991	0.996	0.997	0.997	0.997																																											
0	0	0	0	0.001	0.008	0.061	0.2	0.505	0.75	0.888	0.929	0.955	0.979	0.983	0.991	0.996	0.997	0.997	0.997																																											
0	0	0	0	0.001	0.008	0.061	0.2	0.505	0.75	0.888	0.929	0.955	0.979	0.983	0.991	0.996	0.997	0.997	0.997																																											
0	0	0	0	0.001	0.008	0.061	0.2	0.505	0.75	0.888	0.929	0.955	0.979	0.983	0.991	0.996	0.997	0.997	0.997																																											
0	0	0	0	0.001	0.008	0.061	0.2	0.505	0.75	0.888	0.929	0.955	0.979	0.983	0.991	0.996	0.997	0.997	0.997																																											
0	0	0	0	0.001	0.008	0.061	0.2	0.505	0.75	0.888	0.929	0.955	0.979	0.983	0.991	0.996	0.997	0.997	0.997																																											
0	0	0	0	0.001	0.008	0.061	0.2	0.505	0.75	0.888	0.929	0.955	0.979	0.983	0.991	0.996	0.997	0.997	0.997																																											
0	0	0	0	0.001	0.008	0.061	0.2	0.505	0.75	0.888	0.929	0.955	0.979	0.983	0.991	0.996	0.997	0.997	0.997																																											
0	0	0	0	0.001	0.008	0.061	0.2	0.505	0.75	0.888	0.929	0.955	0.979	0.983	0.991	0.996	0.997	0.997	0.997																																											
0	0	0	0	0.001	0.008	0.061	0.2	0.505	0.75	0.888	0.929	0.955	0.979	0.983	0.991	0.996	0.997	0.997	0.997																																											
0	0	0	0	0.001	0.008	0.061	0.2	0.505	0.75	0.888	0.929	0.955	0.979	0.983	0.991	0.996	0.997	0.997	0.997																																											
0	0	0	0	0.001	0.008	0.061	0.2	0.505	0.75	0.888	0.929	0.955	0.979	0.983	0.991	0.996	0.997	0.997	0.997																																											
0	0	0	0	0.001	0.008	0.061	0.2	0.505	0.75	0.888	0.929	0.955	0.979	0.983	0.991	0.996	0.997	0.997	0.997																																											
0	0	0	0	0.001	0.008	0.061	0.2	0.505	0.75	0.888	0.929	0.955	0.979	0.983	0.991	0.996	0.997	0.997	0.997																																											
0	0	0	0	0.001	0.008	0.061	0.2	0.505	0.75	0.888	0.929	0.955	0.979	0.983	0.991	0.996	0.997	0.997	0.997																																											
0	0	0	0	0.001	0.008	0.061	0.2	0.505	0.75	0.888	0.929	0.955	0.979	0.983	0.991	0.996	0.997	0.997	0.997																																											
0	0	0	0	0.001	0.008	0.061	0.2	0.505	0.75	0.888	0.929	0.955	0.979	0.983	0.991	0.996	0.997	0.997	0.997																																											
0	0	0	0	0.001	0.008	0.061	0.2	0.505	0.75	0.888	0.929	0.955	0.979	0.983	0.991	0.996	0.997	0.997	0.997																																											
0	0	0	0	0.001	0.008	0.061	0.2	0.505	0.75	0.888	0.929	0.955	0.979	0.983	0.991	0.996	0.997	0.997	0.997																																											
0	0	0	0	0.001	0.008	0.061	0.2	0.505	0.75	0.888	0.929	0.955	0.979	0.983	0.991	0.996	0.997	0.997	0.997																																											
0	0	0	0	0.001	0.008	0.061	0.2	0.505	0.75	0.888	0.929	0.955	0.979	0.983	0.991	0.996	0.997	0.997	0.997																																											
0	0	0	0	0.001	0.008	0.061	0.2	0.505	0.75	0.888	0.929	0.955	0.979	0.983	0.991	0.996	0.997	0.997	0.997																																											
0	0	0	0	0.001	0.008	0.061	0.2	0.505	0.75	0.888	0.929	0.955	0.979	0.983	0.991	0.996	0.997	0.997	0.997																																											
0	0	0	0	0.001	0.008	0.061	0.2	0.505	0.75	0.888	0.929	0.955	0.979	0.983	0.991	0.996	0.997	0.997	0.997																																											
0	0	0	0	0.001	0.008	0.061	0.2	0.505	0.75	0.888	0.929	0.955	0.979	0.983	0.991	0.996	0.997	0.997	0.997																																											
0	0	0	0	0.001	0.008	0.061	0.2	0.505	0.75	0.888	0.929	0.955	0.979	0.983	0.991	0.996	0.997	0.997	0.997																																											
0	0	0	0	0.001	0.008	0.061	0.2	0.505	0.75	0.888	0.929	0.955	0.979	0.983	0.991	0.996	0.997	0.997	0.997																																											
0	0	0	0	0.001	0.008	0.061	0.2	0.505	0.75	0.888	0.929	0.955	0.979	0.983	0.991	0.996	0.997	0.997	0.997																																											
0	0	0	0	0.001	0.008	0.061	0.2	0.505	0.75	0.888	0.929	0.955	0.979	0.983	0.991	0.996	0.997	0.997	0.997																																											
0	0	0	0	0.001	0.008	0.061	0.2	0.505	0.75	0.888	0.929	0.955	0.979	0.983	0.991	0.996	0.997	0.997	0.997																																											
0	0	0	0	0.001	0.008	0.061	0.2	0.505	0.75	0.888	0.929	0.955	0.979	0.983	0.991	0.996	0.997	0.997	0.997																																											
0	0	0	0	0.001	0.008	0.061	0.2	0.505	0.75	0.888	0.929	0.955	0.979	0.983	0.991	0.996	0.997	0.997	0.997																																											
0	0	0	0	0.001	0.008	0.061	0.2	0.505	0.75	0.888	0.929	0.955	0.979	0.983	0.991	0.996	0.997	0.997	0.997																																											
0	0	0	0	0.001	0.008	0.061	0.2	0.505	0.75	0.888	0.929	0.955	0.979	0.983	0.991	0.996	0.997	0.997	0.997																																											
0	0	0	0	0.001	0.008	0.061	0.2	0.505	0.75	0.888	0.929	0.955	0.979	0.983	0.991	0.996	0.997	0.997	0.997																																											
0	0	0	0	0.001	0.008	0.061	0.2	0.505	0.75	0.888	0.929	0.955	0.979	0.983	0.991	0.996	0.997	0.997	0.997																																											
0	0	0	0	0.001	0.008	0.061	0.2	0.505	0.75	0.888	0.929	0.955	0.979	0.983	0.991	0.996	0.997	0.997	0.997																																											
0	0	0	0	0.001	0.008	0.061	0.2	0.505	0.75	0.888	0.929	0.955	0.979	0.983	0.991	0.996	0.997	0.997	0.997
0	0	0	0	0.001	0.008	0.061	0.2	0.505	0.75	0.888	0.929	0.955	0.979	0.983	0.991	0.996	0.997	0.997	0.997
0	0	0	0	0.001	0.008	0.061	0.2	0.505	0.75	0.888	0.929	0.955	0.979	0.983	0.991	0.996	0.997	0.997	0.997
#	old	schedule																																																												
#0	0.006	0.003	0.0123	0.039	0.098	0.198	0.33	0.47	0.59	0.68	0.746	0.795	0.83	0.856	0.875	0.889	0.9	0.908	0.915																																											
#	init_age_comp	Flag	whether	initial	age	comp	independent	or	not	(0	=	NOT)																																																		
1																																																														
#	Number	of	q	(catchability)	environmental	covariates	(by	number	of	surveys)																																																				
0																																																														
#	average	annual	survey	bottom	temperature	for	depths	<	100	m																																																				
#	this	was	2016	values	-0.485366064	0.679368526	-0.2881911	-0.115117834	-0.808865556	0.805881419	-0.16712192	0.576663634	0.05322118	0.472773539	-0.556679973	0.694985969	-1.026804427	-0.848045179	0.998177496	0.189028646	1.063370056	-1.984156804	-0.334650356	0.083279729	0.962112921	1.418313515	1.048452954	1.118213854	-0.829789498	-0.845586547	-1.390876275	-1.31641683	-1.362549595	-0.04915038	-1.679885119	-0.724469274	0.938956834	0.992215226	2.496840197	0.221867036																						
#1.840697216	3.005431805	2.037872179	2.210945445	1.517197723	3.131944699	2.158941359	2.902726913	2.37928446	2.798836818	1.769383306	3.021049248	1.299258852	1.4780181	3.324240775	2.515091925	3.389433335	0.341906476	1.991412923	2.409343008	3.288176201	3.744376795	3.374516233	3.444277133	1.496273781	1.480476732	0.935187004	1.009646449	0.963513684	2.2769129	0.64617816	1.601594006	3.265020113	3.318278506	4.822903476	2.547930315	4.479971933
#-0.405404086	0.759330503	-0.208229122	-0.035155857	-0.728903579	0.885843397	-0.087159943	0.656625611	0.133183158	0.552735517	-0.476717995	0.774947946	-0.94684245	-0.768083202	1.078139474	0.268990623	1.143332034	-1.904194826	-0.254688379	0.163241706	1.042074899	1.498275493	1.128414931	1.198175831	-0.749827521	-0.76562457	-1.310914298	-1.236454853	-1.282587617	0.030811598	-1.599923142	-0.644507296	1.018918812	1.072177204																													
#-0.479027005	0.685707584	-0.281852042	-0.108778776	-0.802526498	0.812220478	-0.160782862	0.583002692	0.059560238	0.479112597	-0.550340915	0.701325027	-1.020465369	-0.841706121	1.004516554	0.195367704	1.069709114	-1.977817745	-0.328311298	0.089618787	0.968451979	1.424652574	1.054792012	1.124552912	-0.82345044	-0.839247489	-1.384537217	-1.310077772	-1.356210537	-0.042811321	-1.673546061	-0.718130215	0.945295892	0.998554285	2.503179255																												
#-0.372913868	0.791820721	-0.175738904	-0.002665638	-0.69641336	0.918333615	-0.054669724	0.689115829	0.165673376	0.585225735	-0.444227777	0.807438165	-0.914352231	-0.735592984	1.110629692	0.301480842	1.175822252	-1.871704608	-0.222198161	0.195731924	1.074565117	1.530765711	1.160905149	1.230666049	-0.717337303	-0.733134351	-1.278424079	-1.203964634	-1.250097399	0.063301816	-1.567432923	-0.612017078	1.05140903																														
#-0.410515233	0.754219356	-0.21334027	-0.040267004	-0.734014726	0.88073225	-0.09227109	0.651514464	0.128072011	0.547624369	-0.481829143	0.769836799	-0.951953597	-0.773194349	1.073028326	0.263879476	1.138220886	-1.909305973	-0.259799526	0.158130559	1.036963752	1.493164346	1.123303784	1.193064684	-0.754938668	-0.770735717	-1.316025445	-1.241566	-1.287698765	0.025700451																																	
#-0.358739934	0.805994655	-0.16156497	0.011508296	-0.682239426	0.932507549	-0.040495791	0.703289763	0.17984731	0.599399669	-0.430053843	0.821612099	-0.900178298	-0.72141905	1.124803626	0.315654776	1.189996186	-1.857530674	-0.208024227	0.209905858	1.088739051	1.544939645	1.175079083	1.244839983	-0.703163369	-0.718960418	-1.264250145	-1.1897907	-1.235923465	0.07747575	-1.55325899																																
#	spawnmo																																																													
2																																																														
#	Survey	1	month																																																											
7																																																														
#	Sample	size	for	wts	at	age	1982-2010	20-Jan																																																						
2	24	40	49	87	77	57	79	39	44	42	53	53	41	19	16	12	4	4	16																																											
0	1	3	29	43	94	95	45	60	45	38	61	55	43	51	20	13	10	0	20																																											
0	0	11	55	82	79	79	61	53	56	58	38	42	43	53	34	21	12	5	34																																											
0	0	5	33	89	125	60	80	67	38	45	41	37	40	44	42	24	20	3	42																																											
0	0	2	9	40	86	162	53	66	48	46	34	39	30	35	27	32	11	12	27																																											
0	0	1	20	26	173	89	122	45	39	42	31	34	22	24	29	24	23	25	29																																											
0	0	2	3	52	7	146	69	51	12	19	15	18	31	19	10	12	12	16	10																																											
0	0	1	6	27	121	31	199	89	59	13	16	27	19	28	17	10	8	22	17																																											
0	0	2	18	27	62	151	31	187	58	56	12	13	17	9	26	21	13	14	26																																											
0	0	1	20	44	19	45	134	15	170	38	57	11	17	12	19	24	18	7	19																																											
0	0	1	31	57	54	23	26	91	11	98	14	32	11	14	19	12	18	12	19																																											
0	0	3	11	36	58	32	21	21	111	8	93	15	17	8	9	13	16	8	9																																											
0	2	6	9	17	45	78	45	32	21	94	1	61	5	25	10	5	8	16	10																																											
0	0	3	35	33	26	79	67	22	21	7	85	3	96	13	12	18	11	14	12																																											
0	0	5	16	122	36	28	44	43	28	17	21	71	14	89	15	12	16	15	15																																											
0	0	10	40	51	84	21	18	37	18	11	16	12	46	6	30	7	11	8	30																																											
0	0	7	15	41	49	101	31	27	32	35	33	15	16	21	9	40	20	14	9																																											
0	0	2	32	48	55	57	176	33	25	57	42	26	12	16	32	20	41	21	32																																											
0	0	1	4	29	23	28	63	92	20	30	25	21	12	15	16	24	24	30	16																																											
0	2	1	15	31	80	42	59	64	88	34	11	21	13	11	17	11	21	8	17																																											
0	0	11	22	28	45	120	56	55	43	75	32	15	32	19	20	14	15	23	20																																											
0	0	6	24	43	42	41	158	35	44	24	36	17	9	20	18	13	11	14	18																																											
1	13	24	42	89	81	42	40	112	24	15	20	24	12	5	20	19	12	9	20																																											
0	6	27	48	31	71	59	26	47	94	15	12	15	20	10	7	16	11	12	7																																											
0	1	20	40	44	28	48	34	18	22	41	9	10	9	8	9	3	8	12	9																																											
0	1	13	105	73	79	47	83	39	19	32	57	15	19	16	12	14	18	16	12																																											
0	0	4	16	119	102	99	68	75	34	21	35	53	16	11	11	20	11	13	11																																											
0	1	7	18	27	144	90	95	48	39	38	18	17	35	13	9	7	10	14	9																																											
0	0	9	45	70	66	149	82	80	32	35	21	15	16	23	14	8	14	21	11																																											
0	0	9	45	70	66	149	82	80	32	35	21	15	16	23	14	8	14	21	11																																											
0	0	9	45	70	66	149	82	80	32	35	21	15	16	23	14	8	14	21	11																																											
#	May	SST	anomalies	from	Pribs	1954	-	2010	(same	length	as	model)																																																		
#0.756785714	0.426785714	0.156785714	1.486785714	1.516785714	0.766785714	1.086785714	0.926785714	0.836785714	0.456785714	0.726785714	0.716785714	0.646785714	1.556785714	0.886785714	1.096785714	0.826785714	-0.643214286	-0.243214286	0.046785714	0.786785714	-0.183214286	-0.803214286	0.916785714	1.486785714	1.556785714	1.316785714	1.916785714	-0.413214286	0.806785714	-0.413214286	-0.623214286	-0.553214286	0.686785714	0.116785714	0.266785714	0.126785714	-0.003214286	-0.273214286	1.046785714	-0.143214286	-0.433214286	0.706785714	-0.163214286	-0.163214286	-0.903214286	-0.053214286	0.356785714	0.566785714	1.396785714	1.166785714	0.976785714	-0.833214286	-0.903214286	-1.533214286	-0.813214286	-1.443214286						
#Lagged	ahead	one	year	(1953-2009	1953	is	approximate	)																																																						
#0.75	0.756785714	0.426785714	0.156785714	1.486785714	1.516785714	0.766785714	1.086785714	0.926785714	0.836785714	0.456785714	0.726785714	0.716785714	0.646785714	1.556785714	0.886785714	1.096785714	0.826785714	-0.643214286	-0.243214286	0.046785714	0.786785714	-0.183214286	-0.803214286	0.916785714	1.486785714	1.556785714	1.316785714	1.916785714	-0.413214286	0.806785714	-0.413214286	-0.623214286	-0.553214286	0.686785714	0.116785714	0.266785714	0.126785714	-0.003214286	-0.273214286	1.046785714	-0.143214286	-0.433214286	0.706785714	-0.163214286	-0.163214286	-0.903214286	-0.053214286	0.356785714	0.566785714	1.396785714	1.166785714	0.976785714	-0.833214286	-0.903214286	-1.533214286	-0.813214286	#	-1.443214286				
0.4	0.413157895	0.083157895	-0.186842105	1.143157895	1.173157895	0.423157895	0.743157895	0.583157895	0.493157895	0.113157895	0.383157895	0.373157895	0.303157895	1.213157895	0.543157895	0.753157895	0.483157895	-0.986842105	-0.586842105	-0.296842105	0.443157895	-0.526842105	-1.146842105	0.573157895	1.143157895	1.213157895	0.973157895	1.573157895	-0.756842105	0.463157895	-0.756842105	-0.966842105	-0.896842105	0.343157895	-0.226842105	-0.076842105	-0.216842105	-0.346842105	-0.616842105	0.703157895	-0.486842105	-0.776842105	0.363157895	
#0.4685337	0.477175671	0.056902953	-0.286956543	1.406869864	1.445076474	0.489911208	0.897448388	0.693679798	0.579059966	0.095109564	0.43896906	0.426233523	0.337084765	1.496018622	0.64273765	0.910183925	0.566324429	-1.305799494	-0.796378018	-0.427047448	0.515382281	-0.719964797	-1.509568084	0.680944261	1.406869864	1.496018622	1.190365736	1.95449795	-1.012882145	0.540853355	-1.012882145	-1.28032842	-1.191179662	0.388026912	-0.33789869	-0.146865637	-0.325163153	-0.490725133	-0.834584629	0.84650624	-0.669022649	-1.038353219	0.413497986	-0.694493723	-0.694493723	-1.636923453	-0.554402817	-0.032245805	0.23520047	1.292250032	0.999332683	0.757357482	-1.547774695	-1.636923453	-2.439262277	-1.522303621						
##	1.356433978	1.201009251	1.073843566	1.700252313	1.714381833	1.361143818	1.511858705	1.436501262	1.3941127	1.215138772	1.342304458	1.337594617	1.304625736	1.733221194	1.417661901	1.516568545	1.38940286	0.69705635	0.885449958	1.022035324	1.370563499	0.913708999	0.621698907	1.431791421	1.700252313	1.733221194	1.620185029	1.902775442	0.805382675	1.379983179	0.805382675	0.70647603	0.739444912	1.323465097	1.055004205	1.125651808	1.059714045	0.998486123	0.871320437	1.493019344	0.93254836	0.795962994	1.332884777	0.92312868	0.92312868	0.574600505	0.974936922	1.16804037	1.266947014	1.657863751	1.549537426	1.460050463	0.607569386	0.574600505	0.277880572	0.616989066	0.320269134					
123456
																																																														
