#endyr_in
2021
#nages
20
#a_lw_f
0.0059
#b_lw_f
3.205
#a_lw_m
0.0091
#b_lw_m
3.068
#nfsh
1
#obs_catch
 12.562 14.69 24.697 24.145 44.153 185.321 456.103 553.742 420.703 85.81 111.777 53.81 102.353 162.228 84.189 167.134 133.079 160.399 47.856 78.24 42.235 64.69 56.221 58.373 138.433 99.019 87.391 97.301 95.712 108.385 159.526 227.107 208.597 181.428 223.156 153.165 83.97 117.303 145.386 105.81 140.05 124.752 129.66 182.814 101.155 69.234 84.07 63.578 74.986 79.806 75.511 94.385 99.16 120.964 148.894 107.513 118.624 151.158 147.187 164.944 156.772 126.937 135.348 132.265 131.541 128.061 133.789 95.195
#nyrs_fsh_age_c
 11
#nyrs_fsh_age_s
 46
#yrs_fsh_age_c
 1964 1965 1966 1967 1968 1969 1970 1971 1972 1973 1974
#yrs_fsh_age_s
 1975 1976 1977 1978 1979 1980 1981 1982 1983 1984 1985 1986 1987 1988 1989 1990 1991 1992 1993 1994 1995 1996 1997 1998 1999 2000 2001 2002 2003 2004 2005 2006 2007 2008 2009 2010 2011 2012 2013 2014 2015 2016 2017 2018 2019 2020
#oac_fsh_c
 0 0 0 0.118147 0.200274 0.0511491 0.135509 0.237231 0.056408 0.0639723 0.0680066 0.0469707 0.0149125 0.00605144 0.00115265 0.000216123 0 0 0 0
 0 0 0 0 0.00040008 0.00630126 0.0225045 0.176835 0.354171 0.0882176 0.112222 0.124025 0.080016 0.0246049 0.0085017 0.00120024 0.0010002 0 0 0
 0 0 0 0 0 0.0018 0.032 0.0963 0.2171 0.343 0.0776 0.0809 0.0848 0.0492 0.0148 0.0013 0.0012 0 0 0
 0 0 0 0.0001 0.0001 0.0178 0.049 0.1279 0.1894 0.2082 0.2708 0.0375 0.0314 0.0317 0.0253 0.0093 0.0015 0 0 0
 0 0 0 0 0.0006 0.0033 0.071 0.0748 0.1691 0.1893 0.1898 0.1643 0.0492 0.028 0.0242 0.0164 0.0094 0.0062 0.0044 0
 0 0 0 0 0.00130013 0.010101 0.00840084 0.117612 0.115812 0.210921 0.19722 0.180018 0.0938094 0.0305031 0.0112011 0.00730073 0.00970097 0.00220022 0.00390039 0
 0 0 0 0 0.0005001 0.0247049 0.120524 0.176735 0.204441 0.0588118 0.0961192 0.132727 0.0817163 0.0935187 0.00610122 0.00410082 0 0 0 0
 0 0 0 0 0.00029997 0.0367963 0.238376 0.149385 0.147685 0.151385 0.0389961 0.0706929 0.0641936 0.0707929 0.0290971 0.00229977 0 0 0 0
 0 0 0 0.0002 0.0076 0.0648 0.1315 0.2045 0.0754 0.0495 0.3996 0.0274 0.0214 0.0139 0 0.0024 0 0 0.0018 0
 0 0 0 0 0.0064 0.0336 0.2127 0.2054 0.14 0.0911 0.094 0.0887 0.0672 0.0323 0.0164 0.0032 0.0077 0 0.0013 0
 0 0 0 0.0104589 0.0738528 0.117352 0.284401 0.253593 0.0669691 0.0577998 0.035121 0.0383182 0.0300294 0.0161864 0.00453576 0.00715938 0.00422448 0 0 0
#oac_fsh_s
 0 0 0 0 0.00666356 0.012909 0.047129 0.139821 0.0939928 0.0547293 0.0222744 0.0218566 0.019831 0.00301373 0.00683328 0.00325838 0.00206475 0 0 0.000311381 0 0 0 0 0.00566625 0.0469953 0.0942636 0.237398 0.123943 0.0198541 0.009104 0.00518254 0.0168531 0.00152021 0.00266531 0.00171024 0.000155476 0 0 0
 0 0 4.37e-05 8.74e-05 0.0100472 0.0412527 0.0366932 0.0668625 0.172109 0.100102 0.0666315 0.0127044 0.00545106 0.00338733 0.00844961 0.0036744 0.00121315 0.00108834 0.0002621 0.000606575 0 0 0 0 0.00724936 0.0208946 0.0549888 0.0445175 0.1396 0.114664 0.0352277 0.0205977 0.0206627 0.00249966 0.00688499 0.000708642 0.000436834 0.000227154 0.000174734 0
 0 0.000842689 0.00187942 0.029733 0.0446464 0.0842922 0.0663113 0.160199 0.106405 0.0238372 0.00925893 0.00690681 0.00164438 0.000608572 0.000571561 0.000303226 0.000301714 7.61e-05 6.22e-05 0 0 0 0 0.000694981 0.00183309 0.0101871 0.0344401 0.0816946 0.074429 0.115935 0.0903992 0.0356908 0.00739169 0.00373723 0.00438642 0.000853777 0.00014553 0.00017955 2.27e-05 0.00010017
 0 0 0 0.00145558 0.0138006 0.0124169 0.0542314 0.125302 0.119456 0.0934874 0.0941172 0.0321642 0.0146484 0.00702123 0.00349613 0.00174576 0.000817626 0.000758188 9.25e-05 0.000912441 0 0 1.71e-05 0.00104848 0.00677691 0.00981085 0.0522342 0.0866075 0.0664646 0.067903 0.0745604 0.0279504 0.0176598 0.00928024 0.00212263 0.00138183 0.000193694 6.09e-05 0 4.27e-06
 0 0 0 0.000429591 0.00925921 0.0358048 0.0254345 0.0686349 0.117792 0.122297 0.0777669 0.061458 0.0299388 0.0114721 0.00629308 0.00256011 0.00250384 0.000992888 0.000308966 0.000197112 0 0 8.07e-06 0.000415004 0.00656584 0.0254599 0.0301928 0.0596704 0.113372 0.0705381 0.0621479 0.0363654 0.0165077 0.00293671 0.001616 0.000825781 0.000226746 8.07e-06 0 0
 0 0 0 0.00126937 0.0073772 0.0449599 0.0634584 0.0384263 0.0614723 0.107321 0.102172 0.0687873 0.0712926 0.0433459 0.0213862 0.0131519 0.00783657 0.0060904 0.00541095 0.011306 0 0 0 0.000214682 0.00683075 0.0216663 0.0356202 0.0201953 0.0283409 0.0469489 0.0531429 0.0460345 0.0323535 0.0138163 0.00549484 0.00689967 0.00342429 0.00173894 0.00102956 0.00118405
 0 0 0 0.00473645 0.0134841 0.010163 0.0568331 0.0646945 0.0349895 0.0524264 0.0944082 0.10631 0.072017 0.0493987 0.015657 0.00891419 0.00248212 0.00208559 0.00102022 0.000973525 0 0 0 0.00728747 0.0140145 0.0146693 0.0434336 0.0371213 0.0323961 0.046852 0.0711593 0.0591346 0.0448646 0.0234567 0.010513 0.00201491 0.00217065 0.000250122 6.86e-05 0
 0 0 0.000151085 0.00187731 0.00810401 0.0227648 0.0269043 0.0737983 0.055269 0.0485215 0.0924929 0.0909057 0.0521012 0.0282311 0.0163694 0.00607414 0.000726219 0.000689738 0 0.000212047 0 0 0.000185018 0.00298013 0.0105232 0.0396088 0.0387013 0.0609405 0.0492052 0.0502529 0.0716969 0.0724254 0.0434219 0.0224424 0.00918654 0.0016591 0.00043606 0.000666437 0.000296442 0.000178952
 0 0 0 0.00186278 0.00624524 0.0144491 0.0657238 0.046928 0.0782055 0.0447307 0.0478318 0.0745562 0.0645677 0.0520751 0.0299784 0.0156761 0.00531605 0.00442354 0.00230982 0.000593102 0 0.000124542 0.000351648 0.00280429 0.00371149 0.0174694 0.0611665 0.0298828 0.0604467 0.0476716 0.0387982 0.0561049 0.0496637 0.0331098 0.0236384 0.0113709 0.0060584 0.000978021 0 0.00117582
 0 0 0 0 0.00163677 0.00821496 0.0285779 0.0376662 0.0511063 0.094122 0.0414825 0.0617437 0.0482948 0.0599832 0.0263714 0.0120179 0.0015803 0.0121502 0.00275383 0.000418929 0 0 0 0.000284633 0.00190194 0.010909 0.0136729 0.0629196 0.0355584 0.0801082 0.0369546 0.0490322 0.0541329 0.0970455 0.0420359 0.01666 0.00851332 0.000913747 0.00123644 0
 0 0 8.04e-06 0.000655611 0.00434221 0.0109309 0.0161082 0.023427 0.058415 0.0527529 0.0678079 0.0600698 0.0547655 0.0631577 0.0454724 0.0146366 0.00752966 0.00326425 0.00131377 0 0 0 0.000146237 0.000303053 0.00518708 0.00734138 0.0217091 0.0306406 0.0570963 0.0636979 0.0749501 0.0619464 0.0695272 0.0556577 0.0307646 0.0201816 0.0111591 0.00425294 0.000399928 0.000381547
 0 0 0.000186903 0.000168552 0.00298796 0.00698896 0.0323923 0.0314346 0.0395895 0.0919772 0.0672467 0.0607452 0.0438149 0.0311325 0.0375104 0.0280896 0.0185327 0.021806 0.0139233 0.00757912 0 0 0 0.00085638 0.00165901 0.00973457 0.0342391 0.0240202 0.052355 0.0597509 0.0447429 0.0404437 0.0430883 0.0231492 0.0391889 0.0420099 0.0203928 0.00866055 0.0121877 0.00741455
 0 0 0.000543501 0.00159564 0.00308754 0.00667853 0.0118318 0.029186 0.0185976 0.0376016 0.0495609 0.0547211 0.0605536 0.0476138 0.0266742 0.0291873 0.0241699 0.0284025 0.0190708 0.0139678 0 0 0.00043277 0.00132167 0.00372055 0.00368611 0.0161336 0.051986 0.035455 0.0456619 0.0439795 0.050565 0.0577747 0.0441465 0.0164145 0.0311729 0.038996 0.0223818 0.0281117 0.0450156
 0 0 7.87e-05 0.00125499 0.00527023 0.000625339 0.0182769 0.0281277 0.0686159 0.0213822 0.0383496 0.0546085 0.0367695 0.0627157 0.0529455 0.0230174 0.0240368 0.0347681 0.02067 0.04456 0 0 0 0.00250842 0.00553685 0.000774255 0.0255496 0.0351718 0.0855324 0.0239471 0.0373099 0.0427386 0.0235714 0.0497467 0.0355821 0.0133499 0.0156114 0.0142757 0.0167936 0.0359273
 0 0 0 0 0 0.00249413 0.00274324 0.0387209 0.0500923 0.0490742 0.0321247 0.034103 0.0547855 0.0248967 0.0500106 0.0491253 0.0259397 0.026973 0.0264744 0.0665766 0 0 0 0 0 0.0018423 0.00239929 0.0449326 0.0383461 0.0583862 0.0180811 0.0205747 0.0368172 0.0294743 0.028645 0.0308035 0.0187475 0.0206968 0.0438579 0.0722612
 0 0 0 0 0 0 0.0224666 0.00815539 0.125012 0.0341472 0.0553075 0.033338 0.0166065 0.0136786 0.00796562 0.0835848 0 0.00995702 0.00796562 0.0696104 0 0 0 0 0 0.002471 0.0463296 0.00823721 0.176855 0.0248271 0.0503588 0.0213465 0.0266137 0.0397132 0.00299446 0.0412348 0.0175522 0.00598893 0.0117584 0.0359238
 0 0 0 0 0 0 0.0125704 0.0654806 0.0101404 0.109814 0.0435022 0.0365282 0.00980061 0.0335948 0.0415767 0.0235669 0.0197811 0.0243748 0.00746513 0.0356903 0 0 0 0 0 0 0.0126493 0.0945268 0.00652753 0.188588 0.0302493 0.0630534 0.00898808 0.0136229 0.0236769 0.0174922 0.0240221 0.00811924 0.0023572 0.0322408
 0 0 0 0.00136283 0.00446032 0.00686195 0.0064187 0.023683 0.0892718 0.021297 0.143097 0.0443824 0.0365272 0.0138509 0.028136 0.0193199 0.0181064 0.022211 0.0156905 0.0627129 0 0 0 0.00190415 0.00307356 0.00585446 0.00719863 0.0317165 0.102235 0.0303557 0.138374 0.0237693 0.0205494 0.0166314 0.00646542 0.00982564 0.00856276 0.00944618 0.00462933 0.0220189
 0 0 0 0 0.0129959 0.00895416 0.0173082 0.0121584 0.0182508 0.0917406 0.00778821 0.116645 0.0295067 0.0339449 0.0206326 0.0292172 0.0172104 0.0297804 0.0281438 0.102951 0 0 0 0 0.0111296 0.0129098 0.0177102 0.0113418 0.0142924 0.0787096 0.0140535 0.103982 0.0180937 0.024945 0.00817669 0.0150738 0.0217834 0.00496463 0.0139828 0.0516225
 0 0 8.93e-05 0.000298723 0.00275637 0.00592534 0.0213073 0.0320691 0.0288851 0.0337872 0.156905 0.00121938 0.0995047 0.0101897 0.0427668 0.0213572 0.00983987 0.0242776 0.0214439 0.0731873 0 3.66e-05 0.000102526 0.000302556 0.00167256 0.00795098 0.0227802 0.0377789 0.0266473 0.0219135 0.10745 0.00544898 0.0887259 0.00991648 0.0275117 0.00713554 0.00773183 0.00598966 0.00877783 0.0263177
 0 0 0 0 0 0 0.0384098 0.0576043 0.0246115 0.0145195 0.01781 0.103743 0.00232277 0.155149 0.0143347 0.0267054 0.0190554 0.0160035 0.0152164 0.0710193 0 0 0 0 0.00150402 0.00597586 0.0295081 0.0558855 0.0269018 0.0129277 0.0157697 0.100365 0.00197707 0.0995308 0.00955122 0.0146697 0.00574261 0.00787594 0.00352116 0.0317894
 0 0 0 0.00285809 0.0181021 0.0045571 0.0137889 0.0370174 0.0604256 0.0226116 0.0285004 0.031203 0.0710085 0.00809119 0.106797 0.011795 0.0172152 0.0142428 0.00799892 0.0655991 0 0 0.00150241 0.00300012 0.0225993 0.00858302 0.0164034 0.0577967 0.0406378 0.022154 0.00729215 0.028485 0.100305 0.0248397 0.0672143 0.0127196 0.0144065 0.00317226 0.0087662 0.03831
 0 0 0.000149497 0.00333 0.00724853 0.0181914 0.0183884 0.0233964 0.0613059 0.0306034 0.0172734 0.0299328 0.0314299 0.0972236 0.00860991 0.0586156 0.0141571 0.0192818 0.0127597 0.0571726 0 0 0.000267113 0.00289037 0.00796221 0.0164171 0.0150659 0.0197129 0.0476843 0.0381732 0.0295762 0.0359286 0.0195699 0.0991381 0.0158775 0.0501802 0.00666166 0.0255708 0.0161477 0.0441063
 0 0 0.000183667 0.00409114 0.00890532 0.0223494 0.0225914 0.028744 0.0753185 0.0375983 0.0212216 0.0367745 0.0386138 0.119446 0.0105779 0.0720132 0.0173929 0.0236891 0.0156761 0.0702405 0 0 0 0 0 0.00279598 0.0168161 0.0238318 0.0235627 0.0511948 0.040458 0.0298859 0.00856678 0.018843 0.031479 0.0100797 0.0303466 0.0162451 0.0143321 0.0561353
 0 0 0 0 0 0.00335852 0.0101297 0.0179269 0.0264966 0.0241017 0.084164 0.0482659 0.0275904 0.0381095 0.0448177 0.0652562 0.0589709 0.0517185 0.0253706 0.0967892 0 0 0 0 0.000238944 0.00218036 0.0042761 0.0183075 0.0109262 0.0153372 0.0428697 0.0488159 0.0258555 0.0224748 0.0315312 0.039397 0.0234262 0.033682 0.0158306 0.0417846
 0 0 0 0 0.00360313 0.00192969 0.00376164 0.0141599 0.0535563 0.0298803 0.0258419 0.0671597 0.0784612 0.0478855 0.0157857 0.0366588 0.0561759 0.0279357 0.0366948 0.0942831 0 0 0 0 0 0.00147278 0.00147278 0.0175153 0.0477448 0.0132207 0.021986 0.0530567 0.0256392 0.030158 0.0206979 0.0456443 0.0314445 0.0221286 0.0271359 0.0469093
 0 0 0 0 0.00244663 0.0150777 0.0143112 0.0237323 0.0472066 0.0779132 0.0493651 0.0446619 0.0730204 0.0511304 0.0376964 0.0204207 0.031572 0.0367935 0.0143495 0.0819172 0 0 0 0 0 0 0.00577203 0.0167058 0.0130072 0.0326641 0.0294941 0.0148593 0.024517 0.0291635 0.0347449 0.0182397 0.0161957 0.0544017 0.0252443 0.0633759
 0 0 0 0 0 0.000992841 0.009038 0.0214027 0.0324506 0.0367285 0.0626136 0.0427002 0.0331846 0.0430465 0.0471509 0.0213529 0.0247354 0.0237638 0.0384481 0.124244 0 0 9.47e-05 0.000402665 0 0 0.00447353 0.0239243 0.0254492 0.0416594 0.085114 0.0263877 0.0171612 0.045882 0.0144859 0.0143493 0.00929469 0.0223983 0.038329 0.0687409
 0 0 0 0 0 0.0109815 0.00431772 0.0455595 0.0449777 0.0251808 0.0431759 0.0820554 0.0349546 0.0216646 0.0190413 0.0274721 0.0202442 0.0186049 0.0148581 0.135399 0 0 0 0 0.00185266 0 0.00669881 0.0750463 0.0419189 0.0261764 0.0237526 0.0416122 0.0174497 0.0184622 0.027994 0.0236077 0.019848 0.0139262 0.0236816 0.089485
 0 0 0 0 0.00276048 0.00734652 0.0147276 0.0100941 0.100391 0.0450509 0.0310809 0.0226282 0.0480557 0.0193362 0.0136531 0.0454984 0.0265119 0.0231555 0.0103445 0.127315 0 0 0 0 0 0.00723688 0.00714702 0.019191 0.0921051 0.0184592 0.0162834 0.0204349 0.0347537 0.0136309 0.00922765 0.0190599 0.0317439 0.014339 0.0133462 0.135092
 0 0 0 0 0.00838861 0.0143129 0.0178447 0.0265758 0.0300911 0.0788368 0.0292565 0.0332962 0.0354174 0.0552483 0.0293441 0.00640123 0.0106934 0.0314581 0.0168767 0.128501 0 0 0 0.00176599 0.000862925 0.0158952 0.0105159 0.04206 0.024372 0.0785371 0.0216281 0.020873 0.0270139 0.0367973 0.0157554 0.00731504 0.0152467 0.0178263 0.00967379 0.101318
 0 0 0 0 0.0100302 0.0260337 0.0670937 0.0542864 0.0349798 0.0375518 0.137637 0.0226905 0.00377981 0.012613 0.0326687 0.0134685 0.00842797 0.0131758 0.0163236 0.0616612 0 0 0 0.00120301 0 0.0071579 0.0626584 0.0532201 0.0335272 0.0505333 0.0553038 0.0238577 0.012281 0.0214223 0.0291847 0.0100615 0.0210499 0.0150215 0.012859 0.0382367
 0 0 0 0 0.00206467 0.0190064 0.012352 0.042653 0.0327254 0.0215031 0.0404725 0.0802288 0.0299304 0.0298109 0.0265068 0.032684 0.0126326 0.015318 0.0205213 0.115967 0 0 0 0.000702545 0.00499978 0.0130422 0.0161226 0.0663592 0.0286053 0.0266786 0.0499292 0.0576526 0.0222472 0.0161841 0.0303732 0.0168162 0.0148534 0.0186661 0.0153896 0.0670014
 0 0 0 0 0.00589903 0.0118543 0.0172039 0.044925 0.0444579 0.05187 0.027555 0.0303547 0.0692416 0.0373718 0.0205555 0.025764 0.0345128 0.0174602 0.0181291 0.104337 0 0 0 0 0.00490779 0.01148 0.022859 0.0298507 0.0614877 0.0211967 0.0328052 0.0167029 0.0743876 0.014425 0.0226249 0.0157673 0.021397 0.0144673 0.0141832 0.0599654
 0 0 0 0 0 0.00756757 0.0233209 0.0339182 0.06191 0.0643779 0.0349954 0.0523816 0.0362733 0.0474543 0.0316213 0.0252083 0.0178449 0.0281998 0.0220663 0.102029 0 0 0 0 5.9e-05 0.0104843 0.0129917 0.0355376 0.0279341 0.047826 0.0268523 0.0143958 0.0234338 0.0426621 0.0158003 0.0211685 0.0214078 0.0203606 0.0186887 0.0712285
 0 0 0 0 0 0.00844004 0.0361395 0.0297682 0.0436194 0.0423008 0.0398652 0.0319952 0.0396737 0.0407859 0.0553193 0.027523 0.0233385 0.025571 0.0206748 0.102642 0 0 0 0 0.000410891 0 0.0632507 0.0293501 0.0559542 0.0213654 0.0470893 0.0429654 0.0219586 0.0128257 0.0241103 0.010095 0.00809796 0.0159672 0.0136599 0.0652427
 0 0 0 0 0 0.0048243 0.0221647 0.0494592 0.0379424 0.0485614 0.0389792 0.0603586 0.0306759 0.0285367 0.029269 0.0397753 0.0194939 0.0223608 0.025859 0.0915487 0 0 0 0 0.00061283 0.0111394 0.016056 0.0693875 0.0347827 0.0324479 0.032999 0.0413155 0.014718 0.0128728 0.0130406 0.0340391 0.0243266 0.00780417 0.0166643 0.0879845
 0 0 0 0 0 0.00698449 0.0245893 0.0328142 0.0499536 0.043481 0.0477432 0.015987 0.0494029 0.0210555 0.0081633 0.0233878 0.0287667 0.011014 0.0136467 0.103623 0 0 0 0 0.00666254 0.00349861 0.0249691 0.035604 0.0815235 0.040097 0.0305704 0.0295806 0.0404353 0.036768 0.00980121 0.015054 0.0485035 0.0164069 0.0175194 0.0823929
 0 0 0 0 0 0.00107029 0.00503398 0.0206175 0.0369692 0.0656906 0.0615732 0.0687843 0.0523608 0.0371654 0.0196298 0.0312709 0.0256674 0.0246988 0.0142052 0.0733315 0 0 0 0 0 0.00183157 0.0200613 0.00485949 0.0337341 0.0846385 0.0476567 0.0587991 0.0438572 0.0366367 0.025688 0.0134999 0.0160977 0.0203548 0.00871053 0.0455053
 0 0 0 0 0 0.00207137 0.00823004 0.0219965 0.0407442 0.0451186 0.0457177 0.0647117 0.0366316 0.031889 0.0424373 0.0256921 0.0118644 0.0202379 0.0277035 0.115772 0 0 0 0 0.000420513 0.000342418 0.0168137 0.0392781 0.0263018 0.0352512 0.058367 0.0238517 0.0350615 0.040527 0.0371682 0.0110566 0.00914443 0.0118551 0.0269964 0.0867464
 0 0 0 0 0 0.00339223 0.00934641 0.0198049 0.0237336 0.0395191 0.0293857 0.0805108 0.0378293 0.0436813 0.034662 0.0395592 0.0193074 0.013468 0.0158154 0.133376 0 0 0 0 0 0.0026169 0.00600616 0.0267739 0.0415237 0.0239689 0.0179562 0.0480989 0.0245648 0.0469498 0.0215619 0.039233 0.010778 0.00770381 0.014629 0.124244
 0 0 0 0 0 0 0.0169526 0.0377876 0.0417693 0.0344446 0.0398381 0.031147 0.0603654 0.0276533 0.0215132 0.0125626 0.0301046 0.0244596 0.010436 0.142611 0 0 0 0 0 0 0.0225648 0.0267337 0.0323719 0.0452748 0.0416382 0.0171739 0.048608 0.0281715 0.0231118 0.0120528 0.0267705 0.0175382 0.00950241 0.116843
 0 0 0 0.00167835 0.00229543 0.00267578 0.0104803 0.0823522 0.0592052 0.0456031 0.0603071 0.026057 0.0122905 0.0359235 0.0228575 0.0209077 0.00914318 0.0137331 0.0073844 0.0547556 0 0 0 0 0 0.00128706 0.00929655 0.0439858 0.0393916 0.0239946 0.0232353 0.0170406 0.0143766 0.0577845 0.0255488 0.0263726 0.024716 0.031437 0.00593915 0.187944
 0 0 0 0 0 0.00854373 0.00711949 0.0165112 0.0701381 0.0675659 0.0400941 0.0278394 0.035558 0.0394141 0.0397246 0.0219225 0.0254199 0.0230506 0.0208273 0.113412 0 0 0 0 0.00184072 0.00368145 0.00436999 0.0156502 0.0885468 0.0465308 0.0444269 0.0452321 0.00958788 0.0226225 0.0234785 0.0169281 0.0170456 0.0123407 0.0101544 0.0804229
 0 0 0 0.00318542 0.00716878 0.00479861 0.0140481 0.0068767 0.0319622 0.0813271 0.066675 0.044558 0.0307036 0.0390667 0.0291247 0.0314219 0.0212471 0.0253158 0.0186232 0.115189 0 0 0 0 0.00337856 0.00469857 0.016579 0.00693856 0.0368575 0.0703137 0.0470176 0.0239368 0.0261386 0.0213245 0.0160063 0.0338184 0.0155119 0.00959464 0.00923661 0.0873569
 0 0 0 0 0.00666311 0.0222464 0.0309036 0.0240406 0.0102346 0.0474535 0.0906966 0.0578003 0.0321398 0.0245039 0.0303464 0.0320859 0.0276566 0.0224594 0.0238603 0.0950576 0 0 0 0 0.0134171 0.0146917 0.0175533 0.0242128 0.0179611 0.0438955 0.0776017 0.0353607 0.0287768 0.0101488 0.0118973 0.0161872 0.0149573 0.0106195 0.00788657 0.0766842
#wt_fsh_in
 0 4 15 34 60 91 125 160 195 230 263 294 322 348 372 393 412 429 444 481 0 4 15 34 60 91 125 160 195 230 263 294 322 348 372 393 412 429 444 481
 0 4 15 34 60 91 125 160 195 230 263 294 322 348 372 393 412 429 444 481 0 4 15 34 60 91 125 160 195 230 263 294 322 348 372 393 412 429 444 481
 0 4 15 34 60 91 125 160 195 230 263 294 322 348 372 393 412 429 444 481 0 4 15 34 60 91 125 160 195 230 263 294 322 348 372 393 412 429 444 481
 0 4 15 34 60 91 125 160 195 230 263 294 322 348 372 393 412 429 444 481 0 4 15 34 60 91 125 160 195 230 263 294 322 348 372 393 412 429 444 481
 0 4 15 34 60 91 125 160 195 230 263 294 322 348 372 393 412 429 444 481 0 4 15 34 60 91 125 160 195 230 263 294 322 348 372 393 412 429 444 481
 0 4 15 34 60 91 125 160 195 230 263 294 322 348 372 393 412 429 444 481 0 4 15 34 60 91 125 160 195 230 263 294 322 348 372 393 412 429 444 481
 0 4 15 34 60 91 125 160 195 230 263 294 322 348 372 393 412 429 444 481 0 4 15 34 60 91 125 160 195 230 263 294 322 348 372 393 412 429 444 481
 0 4 15 34 60 91 125 160 195 230 263 294 322 348 372 393 412 429 444 481 0 4 15 34 60 91 125 160 195 230 263 294 322 348 372 393 412 429 444 481
 0 4 15 34 60 91 125 160 195 230 263 294 322 348 372 393 412 429 444 481 0 4 15 34 60 91 125 160 195 230 263 294 322 348 372 393 412 429 444 481
 0 4 15 34 60 91 125 160 195 230 263 294 322 348 372 393 412 429 444 481 0 4 15 34 60 91 125 160 195 230 263 294 322 348 372 393 412 429 444 481
 0 4 15 34 60 91 125 160 195 230 263 294 322 348 372 393 412 429 444 481 0 4 15 34 60 91 125 160 195 230 263 294 322 348 372 393 412 429 444 481
 0 4 15 34 60 91 125 160 195 230 263 294 322 348 372 393 412 429 444 481 0 4 15 34 60 91 125 160 195 230 263 294 322 348 372 393 412 429 444 481
 0 4 15 34 60 91 125 160 195 230 263 294 322 348 372 393 412 429 444 481 0 4 15 34 60 91 125 160 195 230 263 294 322 348 372 393 412 429 444 481
 0 4 15 34 60 91 125 160 195 230 263 294 322 348 372 393 412 429 444 481 0 4 15 34 60 91 125 160 195 230 263 294 322 348 372 393 412 429 444 481
 0 4 15 34 60 91 125 160 195 230 263 294 322 348 372 393 412 429 444 481 0 4 15 34 60 91 125 160 195 230 263 294 322 348 372 393 412 429 444 481
 0 4 15 34 60 91 125 160 195 230 263 294 322 348 372 393 412 429 444 481 0 4 15 34 60 91 125 160 195 230 263 294 322 348 372 393 412 429 444 481
 0 4 15 34 60 91 125 160 195 230 263 294 322 348 372 393 412 429 444 481 0 4 15 34 60 91 125 160 195 230 263 294 322 348 372 393 412 429 444 481
 0 4 15 34 60 91 125 160 195 230 263 294 322 348 372 393 412 429 444 481 0 4 15 34 60 91 125 160 195 230 263 294 322 348 372 393 412 429 444 481
 0 4 15 34 60 91 125 160 195 230 263 294 322 348 372 393 412 429 444 481 0 4 15 34 60 91 125 160 195 230 263 294 322 348 372 393 412 429 444 481
 0 4 15 34 60 91 125 160 195 230 263 294 322 348 372 393 412 429 444 481 0 4 15 34 60 91 125 160 195 230 263 294 322 348 372 393 412 429 444 481
 0 4 15 34 60 91 125 160 195 230 263 294 322 348 372 393 412 429 444 481 0 4 15 34 60 91 125 160 195 230 263 294 322 348 372 393 412 429 444 481
 6 8 20 31 55 84 124 165 217 266 301 341 374 407 428 443 480 483 499 590 4 14 18 32 54 85 120 156 193 225 253 280 303 324 330 344 355 366 390 423
 6 8 20 31 55 84 124 165 217 266 301 341 374 407 428 443 480 483 499 590 4 14 18 32 54 85 120 156 193 225 253 280 303 324 330 344 355 366 390 423
 6 8 20 31 55 84 124 165 217 266 301 341 374 407 428 443 480 483 499 590 4 14 18 32 54 85 120 156 193 225 253 280 303 324 330 344 355 366 390 423
 6 8 20 31 55 84 124 165 217 266 301 341 374 407 428 443 480 483 499 590 4 14 18 32 54 85 120 156 193 225 253 280 303 324 330 344 355 366 390 423
 6 8 20 31 55 84 124 165 217 266 301 341 374 407 428 443 480 483 499 590 4 14 18 32 54 85 120 156 193 225 253 280 303 324 330 344 355 366 390 423
 6 8 20 31 55 84 124 165 217 266 301 341 374 407 428 443 480 483 499 590 4 14 18 32 54 85 120 156 193 225 253 280 303 324 330 344 355 366 390 423
 6 8 20 31 55 84 124 165 217 266 301 341 374 407 428 443 480 483 499 590 4 14 18 32 54 85 120 156 193 225 253 280 303 324 330 344 355 366 390 423
 6 8 20 31 55 84 124 165 217 266 301 341 374 407 428 443 480 483 499 590 4 14 18 32 54 85 120 156 193 225 253 280 303 324 330 344 355 366 390 423
 6 8 20 31 55 84 124 165 217 266 301 341 374 407 428 443 480 483 499 590 4 14 18 32 54 85 120 156 193 225 253 280 303 324 330 344 355 366 390 423
 6 8 20 31 55 84 124 165 217 266 301 341 374 407 428 443 480 483 499 590 4 14 18 32 54 85 120 156 193 225 253 280 303 324 330 344 355 366 390 423
 6 8 20 31 55 84 124 165 217 266 301 341 374 407 428 443 480 483 499 590 4 14 18 32 54 85 120 156 193 225 253 280 303 324 330 344 355 366 390 423
 6 8 20 31 55 84 124 165 217 266 301 341 374 407 428 443 480 483 499 590 4 14 18 32 54 85 120 156 193 225 253 280 303 324 330 344 355 366 390 423
 6 8 20 31 55 84 124 165 217 266 301 341 374 407 428 443 480 483 499 590 4 14 18 32 54 85 120 156 193 225 253 280 303 324 330 344 355 366 390 423
 6 8 20 31 55 84 124 165 217 266 301 341 374 407 428 443 480 483 499 590 4 14 18 32 54 85 120 156 193 225 253 280 303 324 330 344 355 366 390 423
 6 8 20 31 55 84 124 165 217 266 301 341 374 407 428 443 480 483 499 590 4 14 18 32 54 85 120 156 193 225 253 280 303 324 330 344 355 366 390 423
 6 8 20 31 55 84 124 165 217 266 301 341 374 407 428 443 480 483 499 590 4 14 18 32 54 85 120 156 193 225 253 280 303 324 330 344 355 366 390 423
 6 8 20 31 55 84 171 241 316 315 346 404 409 458 430 457 584 524 481 549 4 14 18 32 54 85 160 210 216 264 279 321 321 339 341 360 377 474 386 383
 6 8 20 31 55 84 156 170 237 248 317 386 417 411 480 468 451 543 491 544 4 14 18 32 54 85 104 175 200 261 285 327 360 343 391 397 387 421 397 455
 6 8 20 31 55 84 176 205 234 279 323 343 348 417 431 437 460 440 472 510 4 14 18 32 54 85 147 194 191 242 292 281 310 345 330 396 362 396 365 405
 6 8 20 31 55 84 206 214 241 283 302 250 344 417 354 470 440 454 442 479 4 14 18 32 54 85 145 176 237 266 263 258 284 301 315 348 349 353 374 383
 6 8 20 31 55 84 123 182 222 210 316 292 271 373 412 426 438 478 459 509 4 14 18 32 54 85 126 152 197 197 293 267 290 310 363 334 346 368 454 375
 6 8 20 31 55 84 118 178 226 261 359 348 406 390 414 470 469 682 524 520 4 14 18 32 54 85 204 174 211 288 180 302 316 360 366 467 433 453 451 427
 6 8 20 31 55 84 141 142 214 260 270 281 374 368 357 410 443 467 563 502 4 14 18 32 54 85 134 155 202 202 249 245 303 325 358 331 419 404 402 399
 6 8 20 31 55 84 133 176 220 242 285 259 283 290 355 393 407 394 405 453 4 14 18 32 54 85 104 148 175 200 238 218 227 295 304 359 303 363 353 378
 6 8 20 31 55 84 173 216 213 264 305 307 329 333 371 398 418 448 403 480 4 14 18 32 54 85 129 194 168 226 257 271 284 277 309 331 344 342 340 412
 6 8 20 31 55 84 188 194 209 225 257 320 347 383 382 427 408 389 465 474 4 14 18 32 54 85 117 168 193 231 256 239 296 278 329 306 327 339 336 386
 6 8 20 31 55 84 206 215 253 274 316 320 344 379 397 354 394 410 460 454 4 14 18 32 54 85 199 200 210 221 255 252 289 288 291 273 318 357 369 337
 6 8 20 31 55 84 114 188 257 256 296 319 355 370 392 428 457 424 432 484 4 14 18 32 54 85 142 195 240 228 248 323 334 332 312 320 351 303 372 388
 6 8 20 31 55 84 174 181 267 292 363 370 405 453 465 459 501 511 485 542 4 14 18 32 54 85 153 176 214 249 301 319 327 347 354 361 361 421 381 429
 6 8 20 31 55 84 224 278 251 304 399 424 398 390 442 492 518 494 479 594 4 14 18 32 54 85 162 172 230 257 300 298 349 351 368 374 358 378 341 425
 6 8 20 31 55 84 193 296 281 280 331 390 439 449 495 528 497 493 503 628 4 14 18 32 54 85 183 199 238 254 313 303 367 358 328 370 419 395 370 448
 6 8 20 31 55 84 203 233 266 275 336 384 463 442 472 461 511 544 543 569 4 14 18 32 54 85 165 192 259 242 307 257 313 293 347 355 351 376 390 437
 6 8 20 31 55 84 217 197 268 277 331 328 394 427 466 522 471 563 576 590 4 14 18 32 54 85 201 218 228 273 287 286 313 322 359 372 374 404 403 434
 6 8 20 31 55 133 181 221 260 282 344 340 354 393 449 433 442 406 511 483 0 4 15 34 60 134 207 214 219 264 288 323 305 309 321 375 368 365 397 403
 6 8 20 31 55 133 195 313 397 382 373 379 453 420 417 470 454 562 475 638 0 4 15 34 60 134 160 193 247 253 260 312 335 337 339 368 354 414 364 404
 6 8 20 31 55 133 191 249 286 320 346 405 395 391 446 470 505 492 525 535 0 4 15 34 60 134 172 236 251 295 283 306 340 334 361 352 371 383 424 418
 6 8 20 31 55 133 226 223 274 336 374 391 439 431 418 461 456 441 475 551 0 4 15 34 60 134 200 206 250 278 282 330 341 396 351 376 363 398 396 410
 6 8 20 31 55 133 169 260 288 310 345 357 382 462 449 441 483 514 478 521 0 4 15 34 60 134 164 221 252 297 329 332 333 348 420 355 369 396 358 423
 6 8 20 31 55 133 200 316 273 329 376 377 396 423 463 488 536 485 515 569 0 4 15 34 60 134 172 213 254 289 308 310 363 390 328 404 372 384 386 450
 6 8 20 31 55 133 177 251 300 321 366 388 422 426 479 462 489 461 505 550 0 4 15 34 60 134 182 236 267 263 354 318 335 356 377 383 372 414 408 416
 6 8 20 31 55 133 194 275 287 355 412 413 448 465 466 500 481 490 542 562 0 4 15 34 60 134 169 249 266 317 353 359 350 362 384 393 378 504 403 422
 6 8 20 31 55 133 208 252 295 328 396 439 428 407 449 477 436 489 535 536 0 4 15 34 60 134 156 223 247 288 306 343 363 377 369 361 399 418 368 412
 6 8 20 31 55 133 170 217 277 362 368 450 470 461 437 472 530 529 574 545 0 4 15 34 60 134 178 210 246 307 343 358 365 376 380 395 417 429 414 429
 6 8 20 31 55 133 252 235 250 353 405 471 438 448 519 489 497 582 533 569 0 4 15 34 60 134 222 185 243 271 341 339 371 411 418 441 415 455 477 442
 6 8 20 31 55 133 216 266 286 317 371 425 432 487 539 512 518 543 552 566 0 4 15 34 60 134 190 213 221 277 286 324 401 364 468 403 415 427 419 432
 6 8 20 31 55 133 208 249 279 343 390 440 443 454 482 490 492 527 547 555 0 4 15 34 60 134 191 241 257 293 312 328 341 358 360 368 376 410 383 413
 6 8 19 35 192 220 278 286 317 378 395 425 449 484 525 501 531 561 607 606 0 8 20 35 186 218 252 236 292 310 327 357 374 396 371 408 370 428 503 473
#nsmpl_fsh_c
 200 200 200 200 200 200 200 200 200 200 200
#nsmpl_fsh_s
 200 200 200 200 200 200 200 200 200 200 200 200 200 200 200 200 200 200 200 200 200 200 200 200 200 200 200 200 200 200 200 200 200 200 200 200 200 200 200 200 200 200 200 200 200 200
#nsrv
1
#nyrs_srv
 39
#yrs_srv
 1982 1983 1984 1985 1986 1987 1988 1989 1990 1991 1992 1993 1994 1995 1996 1997 1998 1999 2000 2001 2002 2003 2004 2005 2006 2007 2008 2009 2010 2011 2012 2013 2014 2015 2016 2017 2018 2019 2021
#mo_srv
 7
#obs_srv
 3523.2 3845.15 3497.49 2626.94 2008.24 2656.55 2300.37 2434.76 2341.24 2722.71 2191.95 2654.16 2791.88 2113.36 2336.8 2350.44 2547.87 1345.31 1707.28 1822.44 2006.96 2298.72 2744.03 2879.58 2347.09 2307.87 2213.25 1838.98 2425.27 2410.23 2226.96 2421.01 2680.59 2077.62 3263.27 2940.73 2182.98 2186.01 1777.77
#obs_se_srv
 180.369 173.488 153.443 120.208 94.7199 130.842 108.451 117.102 110.28 122.405 117.302 118.215 130.158 101.344 106.531 107.569 109.123 65.5431 79.0172 84.3519 93.9153 105.395 127.347 137.059 111.153 109.14 108.188 93.7757 137.552 129.99 115.224 120.069 135.135 102.562 147.908 131.01 92.9588 99.8089 82.8767
#nyrs_srv_age_c
 0
#nyrs_srv_age_s
 41
#yrs_srv_age_c

#yrs_srv_age_s
 1979 1980 1981 1982 1983 1984 1985 1986 1987 1988 1989 1990 1991 1992 1993 1994 1995 1996 1997 1998 1999 2000 2001 2002 2003 2004 2005 2006 2007 2008 2009 2010 2011 2012 2013 2014 2015 2016 2017 2018 2019
#nsmpl_srv_c

#nsmpl_srv_s
 200 200 200 200 200 200 200 200 200 200 200 200 200 200 200 200 200 200 200 200 200 200 200 200 200 200 200 200 200 200 200 200 200 200 200 200 200 200 200 200 200
#oac_srv_c

#oac_srv_s
 0 0.0022272 0.0119039 0.015836 0.0468018 0.0651952 0.040843 0.0587061 0.0846845 0.0662308 0.0558742 0.0232111 0.0289605 0.00623183 0.00375282 0.00311567 0.000489755 0.000946578 0.00014186 0 0 0.00219953 0.0121772 0.015084 0.0412899 0.0403148 0.0320323 0.061687 0.0896005 0.0638676 0.0429614 0.0369053 0.0261051 0.0057294 0.00805423 0.00302783 0.00370331 0.000107619 0 0
 0 7.21e-05 0.00706671 0.0263998 0.0399363 0.0617006 0.0814198 0.0318911 0.0510207 0.0678904 0.050202 0.0590683 0.0219818 0.00872449 0.00253518 0.00174524 0.000428658 0.000977318 0.000166583 0.000173349 0 0.0015474 0.00604179 0.0235958 0.0488073 0.0658241 0.0942446 0.0352958 0.0430552 0.0475017 0.043829 0.0342802 0.0285611 0.0113655 0.001418 0.000631852 0.000513693 0 1.45e-05 7.22e-05
 0 0 0.00148699 0.0147004 0.0633896 0.052264 0.099843 0.0872913 0.0196924 0.0360238 0.056211 0.039804 0.0234885 0.0127092 0.00413182 0.00174832 0.00113998 0.000896568 0.0007097 0.000676265 0 0 0.00375629 0.0151277 0.079098 0.0483616 0.096737 0.0648558 0.029783 0.0280759 0.0412769 0.0403419 0.0201225 0.00500057 0.00624826 0.0041354 0.000492028 0 0 0.000380374
 0 0.00181777 0.00888508 0.0168765 0.0586538 0.0719057 0.0689535 0.0784234 0.0408442 0.0401292 0.04027 0.0340888 0.0198106 0.0119183 0.00771405 0.00246657 0.00163514 0.0012467 0.00109879 8.15e-05 0.000245943 0.00430531 0.00936348 0.0207328 0.0861869 0.0862402 0.0512857 0.0809929 0.0311647 0.0374972 0.0224438 0.0228153 0.0233504 0.014647 0.00038593 0.00114308 0.000348727 0 3.12e-05 0
 0 0 0.000281981 0.00347733 0.00911363 0.0444243 0.0836349 0.0499055 0.0630297 0.0553827 0.0445976 0.0683563 0.0512776 0.0174388 0.00947054 0.00357241 0.00161921 0.0012961 0 0.000277689 0 0 3.09e-05 0.003863 0.0108407 0.0428608 0.10237 0.0478374 0.0620666 0.040033 0.0413978 0.0427496 0.0334829 0.0251676 0.0325457 0.00455379 0.00268871 0.000355137 0 0
 0 0 0.00373006 0.0195703 0.0186206 0.0301103 0.052497 0.0592799 0.0783246 0.0760784 0.06633 0.0381525 0.0411105 0.0338499 0.0168481 0.0122571 0.00534097 0.00286222 0.000231216 0.000964 0 0 0.00475813 0.0173679 0.0227713 0.0350135 0.0517618 0.058476 0.0431551 0.0555124 0.0506311 0.0252247 0.0267026 0.0141722 0.0222417 0.00858168 0.00392682 0.000597985 0.00175185 0.00119582
 0 0 0.000307687 0.00995099 0.0417589 0.0554121 0.0383532 0.0596222 0.086414 0.0416394 0.0489227 0.0514784 0.0362659 0.0281093 0.0303074 0.0193625 0.00743553 0.00294296 0.00046146 0.00110183 0 0 0.00390426 0.0162526 0.0395641 0.05276 0.0248094 0.0615155 0.049793 0.0378628 0.0425396 0.0339936 0.0211023 0.0245458 0.0148056 0.0105543 0.00159265 0.00245863 0.000121661 0.00197779
 0 0 0.00097044 0.00300171 0.0275517 0.0439905 0.0839915 0.0351354 0.0723012 0.0654739 0.0475322 0.0357427 0.0400462 0.0247002 0.0315588 0.0171713 0.0193392 0.00750979 0.00331957 0.00250154 0 0 0.00158561 0.00597259 0.0136515 0.0470721 0.0821216 0.0329959 0.0411591 0.0357883 0.0422489 0.0266069 0.025821 0.0145037 0.0265227 0.0102894 0.0171626 0.00712583 0.00555208 0.0019822
 0 0 0 0.00674508 0.0115914 0.0775783 0.0442095 0.0814754 0.0250629 0.0363622 0.0579102 0.0343721 0.0433391 0.0234376 0.0260885 0.0238835 0.017399 0.0164139 0.0185205 0.0141274 0 0 0.000453446 0.00393839 0.0102897 0.08098 0.0451131 0.0650331 0.0429803 0.0316554 0.0267298 0.0203239 0.0142445 0.0102631 0.0137067 0.0178329 0.0212404 0.016832 0.0120086 0.00785795
 0 0 0 0.000667702 0.0367862 0.00705895 0.148529 0.0556391 0.0553699 0.0183281 0.0237476 0.0348696 0.0206728 0.0358208 0.027118 0.0217239 0.0167302 0.0117215 0.0151975 0.0444325 0 0 0.000161117 0.00102014 0.0432221 0.00484985 0.115565 0.0549491 0.0440393 0.00842304 0.0185888 0.00274513 0.0175993 0.0333752 0.018808 0.00274513 0.0115023 0.0097411 0.00981667 0.0284348
 0 0 0 0.0014992 0.0101826 0.074582 0.02432 0.138835 0.0615731 0.0463419 0.00772149 0.0186028 0.0319797 0.0243432 0.0247498 0.0190527 0.00856079 0.00492469 0.0178299 0.0273469 0 0 0.000218193 0.00243401 0.018798 0.0818663 0.0183494 0.13558 0.0532187 0.0370638 0.0139881 0.00517077 0.0107454 0.00556219 0.0211953 0.00368279 0.00397708 0.00402824 0.00758517 0.0340904
 0 0 0 0.00769956 0.0112441 0.0359202 0.117953 0.0212842 0.139142 0.0451848 0.0533281 0.0112097 0.00794954 0.0118787 0.00864435 0.0255369 0.014021 0.0049835 0.00738213 0.0405463 0 0 0.0011622 0.00524096 0.013347 0.035023 0.0982875 0.021557 0.126592 0.0351553 0.0291149 0.00438532 0.00717321 0.00736719 0.00264665 0.00603184 0.00804087 0.0107961 0.00679766 0.0173731
 0 0 0.00100621 0.0132931 0.0259879 0.0128619 0.0424879 0.0940343 0.0158028 0.132502 0.0223161 0.0550313 0.0065726 0.0134284 0.00909877 0.012896 0.0171679 0.0145249 0.00567916 0.0472729 0 0 0 0.010764 0.0371519 0.0146148 0.0289023 0.109692 0.00710171 0.119309 0.0344592 0.0256211 0.00779812 0.00673651 0.00631545 0.00553656 0.00956126 0.00193885 0.000377925 0.0321556
 0 0 0.00198462 0.0253851 0.0497863 0.0534439 0.0218269 0.0293921 0.0963421 0.00969932 0.0847128 0.00774375 0.0316998 0.0132738 0.0140318 0.0174112 0.0111068 0.0104525 0.0114281 0.0404537 0 0 0 0.0149457 0.0456534 0.0581317 0.0269237 0.0231766 0.0833442 0.0117212 0.0931958 0.0197883 0.0218781 0.00120596 0.00128086 0.00628202 0.00399772 0.0111393 0.00228526 0.0448755
 0 0 0.00244932 0.0101812 0.0364506 0.0646622 0.0442603 0.0273772 0.0228887 0.134002 0.00795166 0.0883109 0.0159671 0.0168421 0.00699725 0.00688896 0.00928206 0.0116077 0.00600462 0.0418754 0 0 0.00205391 0.00533094 0.0237971 0.065869 0.0400542 0.0283978 0.0251364 0.111756 0.00708498 0.0858472 0.00535567 0.00540458 0.00514094 0 0.00491831 0.00807641 0 0.0217768
 0 0 0.00502489 0.0088992 0.0209272 0.0486283 0.0849758 0.0521056 0.0452176 0.0267122 0.109886 0.0484688 0.00412284 0.0257052 0.0133743 0.00392759 0.00754807 0.0152427 0.00648434 0.0259466 0 0.00039776 0.00203669 0.00666828 0.0155885 0.040082 0.089452 0.0616029 0.0288806 0.0179252 0.0771985 0.00241519 0.058388 0.00429806 0.0123932 0.00103932 0.00345451 0.00227473 0.00835164 0.0143557
 0 0 0.00229722 0.0185736 0.0350453 0.02205 0.10801 0.0762136 0.0333627 0.0164112 0.00302969 0.0770311 0.00249264 0.0681523 0.0126459 0.00973841 0.0117723 0.00360261 0.00665827 0.0402363 0 0 0 0.0205223 0.0145699 0.0328136 0.0810605 0.0686808 0.0114536 0.021811 0.00911215 0.058041 0.00162857 0.0732629 0.00597619 0.00297045 0.00936629 0.00316094 0.00670066 0.0315461
 0 0 0.0016904 0.0163459 0.0859602 0.0306147 0.0296285 0.0461291 0.0548842 0.0218591 0.0154683 0.0160821 0.0639391 0.012366 0.0676849 0.00494457 0.0031919 0.0102866 0.00506863 0.0472464 0 0 0.00812085 0.0100724 0.0889789 0.0258951 0.024108 0.0451475 0.0365852 0.0351264 0.015021 0.0147943 0.0424337 0.00644797 0.0477478 0.0133302 0.0101343 0.00177915 0.00811896 0.0327676
 0 0 0.00199419 0.0361518 0.0560978 0.0809732 0.0285854 0.0266989 0.0564857 0.0255104 0.0126841 0.0196916 0.0205294 0.0557867 0.00490991 0.0350812 0.00842194 0.0110002 0.00726759 0.0328577 0 0 0.00106962 0.0239292 0.0474877 0.0890617 0.0202056 0.0204961 0.0498017 0.0273687 0.0216921 0.0238998 0.0121135 0.057441 0.00879621 0.0294953 0.00345583 0.0134248 0.00876053 0.0207726
 0 0 0.00106503 0.00847363 0.0485956 0.0426491 0.0914218 0.0263842 0.0206658 0.037615 0.0419441 0.0374861 0.0172486 0.0178816 0.0268879 0.00676563 0.042574 0.0225594 0.0111401 0.0422868 0 0 0.00491867 0.00708797 0.0356202 0.0578346 0.0845011 0.0161394 0.0229897 0.0206897 0.0276459 0.0351184 0.0142303 0.0159928 0.0194042 0.0115076 0.0270874 0.0159522 0.00906463 0.030571
 0 0 0.000557093 0.0112814 0.0342859 0.0303042 0.0320949 0.125949 0.0179884 0.0185502 0.0425205 0.0329192 0.0322731 0.012537 0.0177177 0.0304046 0.0182209 0.0216359 0.0109418 0.0228856 0 0 0.000943588 0.017411 0.0246568 0.0389495 0.0421154 0.0997153 0.0253225 0.0163135 0.0534643 0.0466156 0.0129396 0.00925024 0.0048969 0.0206193 0.00607636 0.0223 0.0157424 0.0296003
 0 0 0.00171642 0.00826865 0.037613 0.0315512 0.0462213 0.0674155 0.0816338 0.0287966 0.0300229 0.0360214 0.0332944 0.00989154 0.0177604 0.0220311 0.0166163 0.0134808 0.0265638 0.0302287 0 0 0 0.00539503 0.0332327 0.0393075 0.0217408 0.0773367 0.0885579 0.0118778 0.0326019 0.0201947 0.0116352 0.0139932 0.0118337 0.010043 0.0231624 0.0199127 0.015994 0.0240531
 0 0 0.000174987 0.00888215 0.0299865 0.0655627 0.0311307 0.0505749 0.0521111 0.0820741 0.0468986 0.0103885 0.0240377 0.0193065 0.0159751 0.023699 0.0139275 0.0195747 0.00561807 0.038327 0 0 0 0.0108892 0.0176487 0.0818764 0.042853 0.0471446 0.0447783 0.0705269 0.0260773 0.0109535 0.0198445 0.00822121 0.00914933 0.0175495 0.00756769 0.00964095 0.00375178 0.0332774
 0 0 0.00191947 0.0146086 0.0202421 0.0303992 0.0925705 0.0412151 0.034498 0.0272739 0.0544286 0.0263552 0.0107817 0.0365682 0.0137999 0.0181195 0.017297 0.00985053 0.0176944 0.05096 0 0 0.00686818 0.00862208 0.0188261 0.036736 0.0902222 0.0378857 0.0395781 0.0311372 0.0526282 0.0230759 0.0143256 0.0261887 0.0191718 0.0158232 0.00251262 0.0100004 0.0115394 0.0362769
 0 0 0.00177671 0.0137375 0.0287248 0.0298563 0.0341311 0.136087 0.0267969 0.0331764 0.0340435 0.0298605 0.012203 0.0136775 0.020196 0.019941 0.0102561 0.010294 0.0111968 0.0804247 0 0 0.00284818 0.0112879 0.0211927 0.0307193 0.0298849 0.127818 0.028327 0.0432563 0.00632373 0.0337766 0.0205686 0.00119779 0.00847714 0.00678985 0.0127525 0.00678985 0.00777633 0.053834
 0 0.00107185 0.0035239 0.020552 0.0460741 0.0600295 0.0472547 0.0232683 0.103528 0.0236418 0.0227406 0.0233989 0.0234816 0.0113544 0.00213622 0.0179313 0.019566 0.0111707 0.0105715 0.0679257 0 0.000439227 0.00673372 0.0122375 0.0501921 0.047911 0.0213388 0.0423084 0.106328 0.0282102 0.00872346 0.0209369 0.0238932 0.0109896 0.00508128 0.0266562 0.0110445 0.00719498 0.00291831 0.0276417
 0 0 0.00549717 0.0173508 0.0202095 0.0625616 0.0449801 0.0221771 0.0506696 0.0867447 0.0203691 0.0149454 0.0198794 0.0336852 0.0177069 0.00552255 0.0191612 0.022413 0.0105526 0.0864389 0 0 0.0050494 0.0173098 0.0193963 0.049306 0.0495504 0.0211951 0.0299185 0.101097 0.0127963 0.0147594 0.0126192 0.0137872 0.00719704 0.00965566 0.0132535 0.00930796 0.00710023 0.0458364
 0 0 0.00803694 0.0360755 0.0448953 0.0330205 0.0757831 0.0561819 0.021058 0.0388746 0.088154 0.0158896 0.0158697 0.00844323 0.0186621 0.0209686 0.000236163 0.0107482 0.00840734 0.0420113 0 0 0.0120563 0.020669 0.0415853 0.0396256 0.0603005 0.0469904 0.0343808 0.035616 0.0458724 0.0139083 0.0185006 0.0106885 0.00464397 0.00137418 0.00653955 0.00983996 0.0204246 0.0336681
 0 0 0 0 0.00206467 0.0190064 0.012352 0.042653 0.0327254 0.0198263 0.0404725 0.0802288 0.0299304 0.0298109 0.0265068 0.032684 0.0126326 0.015318 0.0205213 0.117644 0 0 0 0.000702545 0.00499978 0.0130422 0.0161226 0.0648739 0.0286053 0.0267714 0.0499292 0.0563403 0.0222471 0.0161841 0.0306517 0.0168162 0.0149463 0.0189446 0.0155753 0.0688706
 0 0 0.00266074 0.0129158 0.0829532 0.0699606 0.06155 0.0404801 0.0400315 0.0223402 0.0131648 0.0292432 0.0394049 0.0172125 0.00891318 0.00961166 0.0133937 0.00872165 0.00836214 0.0520786 0 0 0.00116343 0.0112054 0.0746139 0.0521131 0.0544593 0.0388199 0.0510511 0.0253785 0.0162629 0.020831 0.0371429 0.00708672 0.00742654 0.00391172 0.0116579 0.00450603 0.00542584 0.0439455
 0 0.000629526 0.00448513 0.0243928 0.024391 0.141929 0.0728323 0.0583404 0.0309972 0.0251689 0.0261007 0.0154339 0.0165298 0.023459 0.0105775 0.00515386 0.000204839 0.00703011 0.00816352 0.0377446 0 0 0.00775049 0.0172521 0.034527 0.11312 0.0552353 0.06631 0.029638 0.0298273 0.0259136 0.00934581 0.00371744 0.0233203 0.00357909 0.00345386 0.00607846 0.00174762 0.0064354 0.0291841
 0 0 0.00332826 0.033121 0.0390188 0.0442509 0.0904197 0.0559792 0.052185 0.0332503 0.0338731 0.0156207 0.016794 0.013642 0.0174386 0.0100036 0.00497223 0.0114848 0.00602062 0.0466555 0 0 0.0078421 0.0201278 0.0422433 0.0374312 0.104268 0.0466641 0.0514933 0.0173238 0.019066 0.0160602 0.00530649 0.0117764 0.0152815 0.00792707 0.00539138 0.00365563 0.0140575 0.0460262
 0 0 0.00154667 0.026315 0.0583211 0.0764582 0.0501337 0.0832522 0.0444154 0.0494271 0.0221065 0.0244753 0.016089 0.015359 0.0156502 0.0201429 0.0106591 0.00629016 0.00474378 0.0453362 0 5.76e-05 0.000744414 0.0162086 0.0416456 0.0521725 0.0387241 0.0856686 0.0431074 0.0242935 0.0190711 0.00838067 0.00875274 0.014751 0.0111168 0.0169417 0.0104041 0.00374232 0.00524158 0.0282541
 0 0.00132624 0.00662419 0.0305249 0.0524772 0.0670967 0.0390249 0.0323316 0.100267 0.0340832 0.0445445 0.0141632 0.0207876 0.00492754 0.0200108 0.0170587 0.019879 0.00960158 0.00695186 0.0364335 0 0 0.00922229 0.036504 0.0469171 0.0458129 0.0364118 0.0317807 0.0566434 0.0396041 0.0239052 0.0130553 0.0089353 0.0120673 0.00454157 0.0133264 0.00786582 0 0.00333756 0.0519546
 0 0 0.000554343 0.0112301 0.0342235 0.0534346 0.0676153 0.0325911 0.0280748 0.0520487 0.0516486 0.0456027 0.0151803 0.0171496 0.0168935 0.0169102 0.0120102 0.0258889 0.0147658 0.0453194 0 0 0.000839715 0.0116631 0.0465617 0.0488434 0.0612848 0.0268555 0.0341067 0.0566075 0.025408 0.0255008 0.00422763 0.0113188 0.0127085 0.015011 0.00236354 0.0164846 0.0104029 0.0486701
 0 0 0 0.00452662 0.0516458 0.0470701 0.0304679 0.0514867 0.0283679 0.0280221 0.0641827 0.0418149 0.01967 0.0177031 0.0280382 0.00422156 0.015002 0.00765769 0.0251149 0.0677458 0 0 0 0.00104537 0.0448655 0.0486499 0.0350923 0.0415321 0.038086 0.030786 0.049073 0.0252816 0.0236446 0.0024348 0.0235127 0.0115362 0.0131603 0.00301969 0.0136673 0.0618745
 0 0 0.00352962 0.000507817 0.0260812 0.0726799 0.0544626 0.0479223 0.0447647 0.038809 0.0232216 0.043931 0.0402385 0.0209898 0.0154227 0.0125206 0.0105376 0.00968672 0.0145151 0.0687567 0 0.000121405 0.0044769 0.00557948 0.0203912 0.0664295 0.0517852 0.0469255 0.0486341 0.0495283 0.00744238 0.0279933 0.0203826 0.0125139 0.00011662 0.0124516 0.0172257 0.00185853 0.000805917 0.0567606
 0 0.000107496 0.00377051 0.00829767 0.00528533 0.0191225 0.0866728 0.0659552 0.0470501 0.0424071 0.0350003 0.0167539 0.0285673 0.0267845 0.0163588 0.0189742 0.0197993 0.0195021 0.00533465 0.0751672 0 0 0.00505051 0.00989603 0.00236289 0.0165361 0.0821362 0.0634583 0.0468733 0.0427755 0.0146117 0.0136738 0.0264298 0.0210304 0.0102824 0.00408922 0.0106497 0.0101218 0.00530945 0.0738021
 0 0.00171827 0.00812304 0.0392885 0.0390039 0.0125594 0.0327308 0.103137 0.0496332 0.0345945 0.0388801 0.0234974 0.0153007 0.0208722 0.0206065 0.0152819 0.0121404 0.0145068 0.00715346 0.0601244 0 0.00101719 0.0123667 0.0238214 0.0408014 0.010978 0.0268007 0.0906655 0.0513145 0.0319736 0.0283457 0.0200405 0.0110678 0.0222196 0.0159754 0.00381924 0.00124113 0.00750946 0.00539414 0.0454962
 0 0 0.00809205 0.0297307 0.0427712 0.0290285 0.0149573 0.0432437 0.104678 0.0532844 0.0377801 0.0132769 0.0124589 0.00678749 0.0203289 0.0162436 0.0169109 0.0151417 0.0122013 0.0819097 0 0 0.00644762 0.0284593 0.03068 0.0373317 0.0117536 0.0384749 0.0852517 0.0424835 0.0307295 0.0155942 0.0125458 0.0119261 0.0122467 0.0112787 0.00482242 0.00900863 0.00174007 0.0504
 0 0.000246765 0.0195581 0.0330846 0.0487723 0.0247567 0.0381684 0.0125535 0.0333401 0.0865135 0.0568012 0.0205759 0.0253482 0.0198429 0.0194737 0.0113945 0.00702005 0.0111822 0.00619309 0.0550747 0 0 0.0215664 0.0399131 0.0377435 0.0163991 0.0423314 0.0166395 0.0235153 0.0776398 0.042793 0.0205933 0.0245691 0.0133157 0.0108174 0.00850435 0.0149714 0.00607097 0.00564256 0.047074
#wt_srv_f_in
 6 7 17 34 62 89 130 178 218 259 305 348 393 437 473 514 579 602 655 664
 6 7 17 34 62 89 130 178 218 259 305 348 393 437 473 514 579 602 655 664
 6 7 17 34 62 89 130 178 218 259 305 348 393 437 473 514 579 602 655 664
 6 7 17 34 62 89 130 178 218 259 305 348 393 437 473 514 579 602 655 664
 6 7 17 34 62 89 130 178 218 259 305 348 393 437 473 514 579 602 655 664
 6 7 17 34 62 89 130 178 218 259 305 348 393 437 473 514 579 602 655 664
 6 7 17 34 62 89 130 178 218 259 305 348 393 437 473 514 579 602 655 664
 6 7 17 34 62 89 130 178 218 259 305 348 393 437 473 514 579 602 655 664
 6 7 17 34 62 89 130 178 218 259 305 348 393 437 473 514 579 602 655 664
 6 7 17 34 62 89 130 178 218 259 305 348 393 437 473 514 579 602 655 664
 6 7 17 34 62 89 130 178 218 259 305 348 393 437 473 514 579 602 655 664
 6 7 17 34 62 89 130 178 218 259 305 348 393 437 473 514 579 602 655 664
 6 7 17 34 62 89 130 178 218 259 305 348 393 437 473 514 579 602 655 664
 6 7 17 34 62 89 130 178 218 259 305 348 393 437 473 514 579 602 655 664
 6 7 17 34 62 89 130 178 218 259 305 348 393 437 473 514 579 602 655 664
 6 7 17 34 62 89 130 178 218 259 305 348 393 437 473 514 579 602 655 664
 6 7 17 34 62 89 130 178 218 259 305 348 393 437 473 514 579 602 655 664
 6 7 15 42 65 130 156 227 258 270 305 475 489 526 623 690 787 679 679 674
 6 7 15 69 177 194 227 227 255 285 399 360 384 447 477 571 554 575 583 674
 6 7 52 47 50 69 132 318 318 424 387 399 415 498 440 623 554 575 583 674
 6 7 15 26 41 56 144 152 222 264 350 380 415 458 507 536 612 833 866 674
 6 5 12 19 38 71 121 164 227 302 353 353 391 424 489 480 561 640 662 674
 6 3 7 26 39 66 90 149 177 224 285 322 332 339 376 285 353 507 583 571
 6 4 12 30 42 56 83 121 158 194 238 298 372 432 440 522 554 575 583 674
 6 7 15 17 68 84 123 134 189 180 184 249 391 332 361 399 475 575 583 674
 6 13 16 29 51 88 109 147 191 224 261 350 343 471 480 436 720 522 781 674
 6 7 13 29 54 77 114 144 187 222 285 295 395 440 536 597 623 541 651 679
 6 7 7 26 59 95 147 171 206 222 261 325 407 419 503 541 522 556 546 634
 6 6 19 37 69 97 142 187 241 264 270 343 424 475 471 531 651 561 522 866
 6 2 15 24 54 85 147 177 194 249 264 311 368 458 531 602 662 685 583 738
 6 7 28 41 62 95 125 160 216 249 325 384 384 432 536 561 618 623 696 750
 6 7 17 22 51 80 154 180 238 285 325 339 419 432 489 566 634 651 623 679
 6 7 28 23 35 75 105 160 222 270 365 365 387 475 436 512 536 517 640 656
 6 7 15 21 51 60 122 169 234 329 313 444 418 462 394 542 472 525 577 598
 6 3 8 13 26 49 83 118 216 273 302 368 458 449 411 445 517 566 546 541
 6 7 15 31 59 66 114 140 204 276 332 399 458 471 484 503 475 607 498 556
 6 7 15 23 31 62 101 134 201 246 325 484 480 453 475 493 526 571 581 612
 6 7 17 21 60 58 101 147 173 244 318 391 462 466 541 522 541 591 503 607
 6 7 22 30 54 81 121 191 187 285 311 285 353 445 561 498 526 581 512 618
 6 7 28 36 58 87 168 182 246 273 305 361 384 480 489 618 541 546 629 623
 6 6 46 55 65 93 131 154 253 269 294 360 409 346 463 497 445 457 524 544
 6 7 20 26 52 85 127 168 230 298 336 353 453 424 432 484 480 673 566 634
 6 7 17 42 55 94 128 173 211 230 318 339 368 440 432 503 571 571 576 623
 6 7 35 32 72 84 152 194 232 261 292 399 384 411 498 480 561 440 546 640
 6 7 14 25 48 103 113 173 216 261 273 311 391 436 424 432 498 440 576 607
 6 7 10 17 33 63 106 136 220 260 276 312 320 361 393 425 474 535 525 687
 6 7 14 33 36 99 110 192 211 231 294 308 378 395 419 458 491 522 505 609
 6 4 8 31 39 62 99 148 190 242 284 383 392 436 424 442 474 528 530 663
 6 7 19 27 45 66 105 156 229 246 276 343 328 394 451 480 504 552 560 631
 6 7 14 29 56 87 127 171 224 299 313 357 413 454 417 505 374 600 575 652
 4 8 14 38 64 101 163 162 243 300 328 359 440 524 551 476 485 500 500 654
 6 4 21 40 72 114 156 217 236 284 349 356 377 464 509 505 612 472 620 693
 6 6 16 36 76 114 149 206 236 303 308 360 368 592 493 495 1010 568 618 740
 6 7 16 38 70 113 170 196 239 330 304 351 361 406 456 466 558 568 683 662
 6 7 24 31 57 106 140 203 239 281 309 345 395 432 422 501 567 555 594 660
 6 6 10 22 51 88 142 182 248 321 334 377 434 429 433 575 874 556 565 697
 6 2 16 25 57 84 136 186 218 343 337 403 446 460 517 557 594 620 744 795
 6 7 12 30 49 110 145 210 264 318 329 405 419 441 448 621 534 516 623 696
 6 6 11 27 53 91 146 167 258 317 367 321 452 529 502 514 562 654 598 730
 6 7 12 21 40 102 131 195 275 318 366 399 415 474 473 518 550 555 606 702
 6 7 15 16 37 85 145 201 252 306 368 360 428 421 495 592 536 577 570 715
 6 7 15 12 40 62 130 215 262 355 418 437 411 484 474 596 647 593 531 731
 6 12 25 37 69 86 130 211 329 378 417 415 517 465 509 522 581 580 618 723
 4 9 19 51 69 118 143 187 273 366 382 436 536 503 553 647 601 701 585 824
 6 7 22 39 88 111 163 236 248 346 421 447 504 478 526 606 586 571 717 677
 6 6 21 47 92 160 180 254 277 346 404 583 503 505 570 680 701 673 698 720
 6 8 20 37 72 107 149 221 278 358 408 464 494 487 526 610 623 624 630 735
 6 8 20 37 72 107 149 221 278 358 408 464 494 487 526 610 623 624 630 735
#wt_srv_m_in
 2 8 16 34 54 96 120 140 168 232 237 267 310 333 317 399 409 438 441 495
 2 8 16 34 54 96 120 140 168 232 237 267 310 333 317 399 409 438 441 495
 2 8 16 34 54 96 120 140 168 232 237 267 310 333 317 399 409 438 441 495
 2 8 16 34 54 96 120 140 168 232 237 267 310 333 317 399 409 438 441 495
 2 8 16 34 54 96 120 140 168 232 237 267 310 333 317 399 409 438 441 495
 2 8 16 34 54 96 120 140 168 232 237 267 310 333 317 399 409 438 441 495
 2 8 16 34 54 96 120 140 168 232 237 267 310 333 317 399 409 438 441 495
 2 8 16 34 54 96 120 140 168 232 237 267 310 333 317 399 409 438 441 495
 2 8 16 34 54 96 120 140 168 232 237 267 310 333 317 399 409 438 441 495
 2 8 16 34 54 96 120 140 168 232 237 267 310 333 317 399 409 438 441 495
 2 8 16 34 54 96 120 140 168 232 237 267 310 333 317 399 409 438 441 495
 2 8 16 34 54 96 120 140 168 232 237 267 310 333 317 399 409 438 441 495
 2 8 16 34 54 96 120 140 168 232 237 267 310 333 317 399 409 438 441 495
 2 8 16 34 54 96 120 140 168 232 237 267 310 333 317 399 409 438 441 495
 2 8 16 34 54 96 120 140 168 232 237 267 310 333 317 399 409 438 441 495
 2 8 16 34 54 96 120 140 168 232 237 267 310 333 317 399 409 438 441 495
 2 8 16 34 54 96 120 140 168 232 237 267 310 333 317 399 409 438 441 495
 2 8 17 43 76 123 175 150 224 377 279 325 414 442 351 624 541 414 421 471
 2 8 17 76 104 232 224 224 184 377 253 250 309 332 351 380 391 414 421 471
 2 8 17 48 48 83 139 149 184 227 253 325 377 332 351 380 391 414 421 471
 2 8 17 24 38 77 104 128 152 188 262 262 262 288 211 342 391 414 421 471
 2 7 15 22 35 67 108 144 199 253 288 279 325 329 407 446 458 692 454 471
 1 5 11 23 48 66 95 125 158 181 204 259 253 377 259 454 541 414 421 471
 2 6 15 28 39 54 79 101 133 164 186 219 259 300 199 380 391 414 421 471
 2 8 14 22 55 113 89 116 144 177 204 234 325 300 403 309 391 414 421 471
 2 11 18 29 48 60 76 107 125 183 219 256 291 316 285 332 313 377 421 639
 2 6 15 30 51 86 111 152 173 192 226 264 285 316 349 342 279 414 589 541
 2 8 7 25 61 101 130 135 154 183 221 242 267 316 339 374 359 414 421 403
 4 10 24 40 77 113 137 144 170 195 219 262 267 309 454 403 395 414 541 471
 2 8 5 24 50 83 142 150 150 179 224 253 279 313 303 374 388 377 421 471
 2 8 22 35 59 101 123 173 216 202 221 242 282 313 313 325 349 414 342 377
 2 8 23 29 60 91 132 173 207 232 240 273 297 316 325 356 442 422 541 384
 2 8 19 29 36 60 96 156 199 229 237 240 297 276 303 346 316 325 366 377
 2 8 12 20 29 59 107 156 210 223 266 261 337 370 338 337 338 323 371 412
 2 8 10 14 36 62 75 135 183 237 250 309 322 319 356 309 316 325 384 399
 2 8 11 27 41 68 142 139 186 237 256 359 359 366 319 332 414 294 411 377
 2 8 16 23 38 58 96 126 179 211 267 342 366 352 359 332 377 377 370 403
 2 8 17 27 49 75 105 137 186 216 270 267 342 388 335 430 399 309 541 430
 2 8 17 27 50 81 99 132 183 209 245 262 332 519 414 422 403 399 454 414
 2 8 19 43 56 84 132 150 224 226 242 285 407 332 359 380 388 377 421 388
 2 28 25 54 66 84 112 184 198 207 261 350 322 363 350 406 402 488 361 401
 2 8 17 31 57 84 116 160 181 211 256 264 342 309 332 426 381 426 438 458
 2 8 19 35 58 98 128 164 190 221 226 294 313 309 342 349 356 426 384 454
 2 8 14 36 61 77 150 158 186 242 232 250 264 322 384 363 395 388 359 454
 2 8 15 25 49 88 126 156 204 202 259 259 309 306 329 359 370 384 407 422
 2 8 10 14 33 58 93 121 161 158 224 270 249 242 400 346 420 398 388 428
 2 8 33 30 34 71 105 157 162 244 218 245 266 272 288 335 304 342 364 393
 2 8 17 22 32 49 95 151 170 196 244 259 296 299 313 307 362 436 447 410
 2 8 17 22 53 58 91 146 204 213 232 257 274 309 345 362 334 383 440 423
 2 8 27 39 53 83 112 170 189 250 265 308 267 443 382 370 360 367 381 469
 2 8 14 36 59 95 150 158 207 260 321 311 311 368 469 384 414 392 465 464
 2 4 19 40 72 115 134 162 206 265 291 334 395 312 310 364 391 374 418 446
 2 8 18 32 67 118 144 183 207 237 233 318 350 417 452 438 352 343 380 449
 2 8 17 33 67 105 139 177 208 244 287 282 302 351 408 369 339 381 400 473
 2 8 8 27 50 95 121 181 192 244 270 298 312 346 384 405 373 399 436 481
 2 8 10 20 42 85 128 155 200 287 276 316 399 338 430 308 439 384 369 472
 2 8 13 24 48 80 141 167 183 302 315 322 356 414 402 401 417 512 461 501
 2 4 11 31 56 88 133 188 227 262 341 302 398 338 381 445 409 416 440 523
 2 8 12 27 53 88 126 183 216 256 283 320 292 422 420 387 431 414 355 475
 2 8 12 20 41 77 131 189 228 267 269 346 275 371 383 420 456 407 395 487
 2 8 17 30 39 86 154 188 243 292 313 311 321 332 424 466 429 527 492 495
 2 6 19 25 38 64 135 202 230 321 361 386 368 367 684 432 445 537 563 494
 2 8 33 46 50 83 127 190 260 332 327 340 406 394 416 409 443 474 375 505
 2 8 21 46 76 102 110 170 247 311 347 367 404 380 466 483 614 577 496 573
 2 8 23 45 89 95 161 178 221 276 316 403 384 435 421 386 424 431 548 484
 2 8 20 48 97 126 195 206 237 280 324 384 377 384 431 464 434 454 464 507
 2 8 23 42 70 94 146 189 239 304 335 376 388 392 484 435 472 495 489 513
 2 8 23 42 70 94 146 189 239 304 335 376 388 392 484 435 472 495 489 513
#wt_pop_f_in
 6 7 17 34 62 89 130 178 218 259 305 348 393 437 473 514 579 602 655 664
 6 7 17 34 62 89 130 178 218 259 305 348 393 437 473 514 579 602 655 664
 6 7 17 34 62 89 130 178 218 259 305 348 393 437 473 514 579 602 655 664
 6 7 17 34 62 89 130 178 218 259 305 348 393 437 473 514 579 602 655 664
 6 7 17 34 62 89 130 178 218 259 305 348 393 437 473 514 579 602 655 664
 6 7 17 34 62 89 130 178 218 259 305 348 393 437 473 514 579 602 655 664
 6 7 17 34 62 89 130 178 218 259 305 348 393 437 473 514 579 602 655 664
 6 7 17 34 62 89 130 178 218 259 305 348 393 437 473 514 579 602 655 664
 6 7 17 34 62 89 130 178 218 259 305 348 393 437 473 514 579 602 655 664
 6 7 17 34 62 89 130 178 218 259 305 348 393 437 473 514 579 602 655 664
 6 7 17 34 62 89 130 178 218 259 305 348 393 437 473 514 579 602 655 664
 6 7 17 34 62 89 130 178 218 259 305 348 393 437 473 514 579 602 655 664
 6 7 17 34 62 89 130 178 218 259 305 348 393 437 473 514 579 602 655 664
 6 7 17 34 62 89 130 178 218 259 305 348 393 437 473 514 579 602 655 664
 6 7 17 34 62 89 130 178 218 259 305 348 393 437 473 514 579 602 655 664
 6 7 17 34 62 89 130 178 218 259 305 348 393 437 473 514 579 602 655 664
 6 7 17 34 62 89 130 178 218 259 305 348 393 437 473 514 579 602 655 664
 6 7 15 42 65 130 156 227 258 270 305 475 489 526 623 690 787 679 679 674
 6 7 15 69 177 194 227 227 255 285 399 360 384 447 477 571 554 575 583 674
 6 7 52 47 50 69 132 318 318 424 387 399 415 498 440 623 554 575 583 674
 6 7 15 26 41 56 144 152 222 264 350 380 415 458 507 536 612 833 866 674
 6 5 12 19 38 71 121 164 227 302 353 353 391 424 489 480 561 640 662 674
 6 3 7 26 39 66 90 149 177 224 285 322 332 339 376 285 353 507 583 571
 6 4 12 30 42 56 83 121 158 194 238 298 372 432 440 522 554 575 583 674
 6 7 15 17 68 84 123 134 189 180 184 249 391 332 361 399 475 575 583 674
 6 13 16 29 51 88 109 147 191 224 261 350 343 471 480 436 720 522 781 674
 6 7 13 29 54 77 114 144 187 222 285 295 395 440 536 597 623 541 651 679
 6 7 7 26 59 95 147 171 206 222 261 325 407 419 503 541 522 556 546 634
 6 6 19 37 69 97 142 187 241 264 270 343 424 475 471 531 651 561 522 866
 6 2 15 24 54 85 147 177 194 249 264 311 368 458 531 602 662 685 583 738
 6 7 28 41 62 95 125 160 216 249 325 384 384 432 536 561 618 623 696 750
 6 7 17 22 51 80 154 180 238 285 325 339 419 432 489 566 634 651 623 679
 6 7 28 23 35 75 105 160 222 270 365 365 387 475 436 512 536 517 640 656
 6 7 15 21 51 60 122 169 234 329 313 444 418 462 394 542 472 525 577 598
 6 3 8 13 26 49 83 118 216 273 302 368 458 449 411 445 517 566 546 541
 6 7 15 31 59 66 114 140 204 276 332 399 458 471 484 503 475 607 498 556
 6 7 15 23 31 62 101 134 201 246 325 484 480 453 475 493 526 571 581 612
 6 7 17 21 60 58 101 147 173 244 318 391 462 466 541 522 541 591 503 607
 6 7 22 30 54 81 121 191 187 285 311 285 353 445 561 498 526 581 512 618
 6 7 28 36 58 87 168 182 246 273 305 361 384 480 489 618 541 546 629 623
 6 6 46 55 65 93 131 154 253 269 294 360 409 346 463 497 445 457 524 544
 6 7 20 26 52 85 127 168 230 298 336 353 453 424 432 484 480 673 566 634
 6 7 17 42 55 94 128 173 211 230 318 339 368 440 432 503 571 571 576 623
 6 7 35 32 72 84 152 194 232 261 292 399 384 411 498 480 561 440 546 640
 6 7 14 25 48 103 113 173 216 261 273 311 391 436 424 432 498 440 576 607
 6 7 10 17 33 63 106 136 220 260 276 312 320 361 393 425 474 535 525 687
 6 7 14 33 36 99 110 192 211 231 294 308 378 395 419 458 491 522 505 609
 6 4 8 31 39 62 99 148 190 242 284 383 392 436 424 442 474 528 530 663
 6 7 19 27 45 66 105 156 229 246 276 343 328 394 451 480 504 552 560 631
 6 7 14 29 56 87 127 171 224 299 313 357 413 454 417 505 374 600 575 652
 4 8 14 38 64 101 163 162 243 300 328 359 440 524 551 476 485 500 500 654
 6 4 21 40 72 114 156 217 236 284 349 356 377 464 509 505 612 472 620 693
 6 6 16 36 76 114 149 206 236 303 308 360 368 592 493 495 1010 568 618 740
 6 7 16 38 70 113 170 196 239 330 304 351 361 406 456 466 558 568 683 662
 6 7 24 31 57 106 140 203 239 281 309 345 395 432 422 501 567 555 594 660
 6 6 10 22 51 88 142 182 248 321 334 377 434 429 433 575 874 556 565 697
 6 2 16 25 57 84 136 186 218 343 337 403 446 460 517 557 594 620 744 795
 6 7 12 30 49 110 145 210 264 318 329 405 419 441 448 621 534 516 623 696
 6 6 11 27 53 91 146 167 258 317 367 321 452 529 502 514 562 654 598 730
 6 7 12 21 40 102 131 195 275 318 366 399 415 474 473 518 550 555 606 702
 6 7 15 16 37 85 145 201 252 306 368 360 428 421 495 592 536 577 570 715
 6 7 15 12 40 62 130 215 262 355 418 437 411 484 474 596 647 593 531 731
 6 12 25 37 69 86 130 211 329 378 417 415 517 465 509 522 581 580 618 723
 4 9 19 51 69 118 143 187 273 366 382 436 536 503 553 647 601 701 585 824
 6 7 22 39 88 111 163 236 248 346 421 447 504 478 526 606 586 571 717 677
 6 6 21 47 92 160 180 254 277 346 404 583 503 505 570 680 701 673 698 720
 6 8 20 37 72 107 149 221 278 358 408 464 494 487 526 610 623 624 630 735
 6 8 20 37 72 107 149 221 278 358 408 464 494 487 526 610 623 624 630 735
#wt_pop_m_in
 2 8 16 34 54 96 120 140 168 232 237 267 310 333 317 399 409 438 441 495
 2 8 16 34 54 96 120 140 168 232 237 267 310 333 317 399 409 438 441 495
 2 8 16 34 54 96 120 140 168 232 237 267 310 333 317 399 409 438 441 495
 2 8 16 34 54 96 120 140 168 232 237 267 310 333 317 399 409 438 441 495
 2 8 16 34 54 96 120 140 168 232 237 267 310 333 317 399 409 438 441 495
 2 8 16 34 54 96 120 140 168 232 237 267 310 333 317 399 409 438 441 495
 2 8 16 34 54 96 120 140 168 232 237 267 310 333 317 399 409 438 441 495
 2 8 16 34 54 96 120 140 168 232 237 267 310 333 317 399 409 438 441 495
 2 8 16 34 54 96 120 140 168 232 237 267 310 333 317 399 409 438 441 495
 2 8 16 34 54 96 120 140 168 232 237 267 310 333 317 399 409 438 441 495
 2 8 16 34 54 96 120 140 168 232 237 267 310 333 317 399 409 438 441 495
 2 8 16 34 54 96 120 140 168 232 237 267 310 333 317 399 409 438 441 495
 2 8 16 34 54 96 120 140 168 232 237 267 310 333 317 399 409 438 441 495
 2 8 16 34 54 96 120 140 168 232 237 267 310 333 317 399 409 438 441 495
 2 8 16 34 54 96 120 140 168 232 237 267 310 333 317 399 409 438 441 495
 2 8 16 34 54 96 120 140 168 232 237 267 310 333 317 399 409 438 441 495
 2 8 16 34 54 96 120 140 168 232 237 267 310 333 317 399 409 438 441 495
 2 8 17 43 76 123 175 150 224 377 279 325 414 442 351 624 541 414 421 471
 2 8 17 76 104 232 224 224 184 377 253 250 309 332 351 380 391 414 421 471
 2 8 17 48 48 83 139 149 184 227 253 325 377 332 351 380 391 414 421 471
 2 8 17 24 38 77 104 128 152 188 262 262 262 288 211 342 391 414 421 471
 2 7 15 22 35 67 108 144 199 253 288 279 325 329 407 446 458 692 454 471
 1 5 11 23 48 66 95 125 158 181 204 259 253 377 259 454 541 414 421 471
 2 6 15 28 39 54 79 101 133 164 186 219 259 300 199 380 391 414 421 471
 2 8 14 22 55 113 89 116 144 177 204 234 325 300 403 309 391 414 421 471
 2 11 18 29 48 60 76 107 125 183 219 256 291 316 285 332 313 377 421 639
 2 6 15 30 51 86 111 152 173 192 226 264 285 316 349 342 279 414 589 541
 2 8 7 25 61 101 130 135 154 183 221 242 267 316 339 374 359 414 421 403
 4 10 24 40 77 113 137 144 170 195 219 262 267 309 454 403 395 414 541 471
 2 8 5 24 50 83 142 150 150 179 224 253 279 313 303 374 388 377 421 471
 2 8 22 35 59 101 123 173 216 202 221 242 282 313 313 325 349 414 342 377
 2 8 23 29 60 91 132 173 207 232 240 273 297 316 325 356 442 422 541 384
 2 8 19 29 36 60 96 156 199 229 237 240 297 276 303 346 316 325 366 377
 2 8 12 20 29 59 107 156 210 223 266 261 337 370 338 337 338 323 371 412
 2 8 10 14 36 62 75 135 183 237 250 309 322 319 356 309 316 325 384 399
 2 8 11 27 41 68 142 139 186 237 256 359 359 366 319 332 414 294 411 377
 2 8 16 23 38 58 96 126 179 211 267 342 366 352 359 332 377 377 370 403
 2 8 17 27 49 75 105 137 186 216 270 267 342 388 335 430 399 309 541 430
 2 8 17 27 50 81 99 132 183 209 245 262 332 519 414 422 403 399 454 414
 2 8 19 43 56 84 132 150 224 226 242 285 407 332 359 380 388 377 421 388
 2 28 25 54 66 84 112 184 198 207 261 350 322 363 350 406 402 488 361 401
 2 8 17 31 57 84 116 160 181 211 256 264 342 309 332 426 381 426 438 458
 2 8 19 35 58 98 128 164 190 221 226 294 313 309 342 349 356 426 384 454
 2 8 14 36 61 77 150 158 186 242 232 250 264 322 384 363 395 388 359 454
 2 8 15 25 49 88 126 156 204 202 259 259 309 306 329 359 370 384 407 422
 2 8 10 14 33 58 93 121 161 158 224 270 249 242 400 346 420 398 388 428
 2 8 33 30 34 71 105 157 162 244 218 245 266 272 288 335 304 342 364 393
 2 8 17 22 32 49 95 151 170 196 244 259 296 299 313 307 362 436 447 410
 2 8 17 22 53 58 91 146 204 213 232 257 274 309 345 362 334 383 440 423
 2 8 27 39 53 83 112 170 189 250 265 308 267 443 382 370 360 367 381 469
 2 8 14 36 59 95 150 158 207 260 321 311 311 368 469 384 414 392 465 464
 2 4 19 40 72 115 134 162 206 265 291 334 395 312 310 364 391 374 418 446
 2 8 18 32 67 118 144 183 207 237 233 318 350 417 452 438 352 343 380 449
 2 8 17 33 67 105 139 177 208 244 287 282 302 351 408 369 339 381 400 473
 2 8 8 27 50 95 121 181 192 244 270 298 312 346 384 405 373 399 436 481
 2 8 10 20 42 85 128 155 200 287 276 316 399 338 430 308 439 384 369 472
 2 8 13 24 48 80 141 167 183 302 315 322 356 414 402 401 417 512 461 501
 2 4 11 31 56 88 133 188 227 262 341 302 398 338 381 445 409 416 440 523
 2 8 12 27 53 88 126 183 216 256 283 320 292 422 420 387 431 414 355 475
 2 8 12 20 41 77 131 189 228 267 269 346 275 371 383 420 456 407 395 487
 2 8 17 30 39 86 154 188 243 292 313 311 321 332 424 466 429 527 492 495
 2 6 19 25 38 64 135 202 230 321 361 386 368 367 684 432 445 537 563 494
 2 8 33 46 50 83 127 190 260 332 327 340 406 394 416 409 443 474 375 505
 2 8 21 46 76 102 110 170 247 311 347 367 404 380 466 483 614 577 496 573
 2 8 23 45 89 95 161 178 221 276 316 403 384 435 421 386 424 431 548 484
 2 8 20 48 97 126 195 206 237 280 324 384 377 384 431 464 434 454 464 507
 2 8 23 42 70 94 146 189 239 304 335 376 388 392 484 435 472 495 489 513
 2 8 23 42 70 94 146 189 239 304 335 376 388 392 484 435 472 495 489 513
#maturity
 0.0001 0.0003 0.0008 0.0018 0.0042 0.011 0.0382 0.097 0.2134 0.4134 0.6459 0.825 0.9195 0.9675 0.9855 0.996 0.9985 1 1 1
 0.0001 0.0003 0.0008 0.0018 0.0042 0.011 0.0382 0.097 0.2134 0.4134 0.6459 0.825 0.9195 0.9675 0.9855 0.996 0.9985 1 1 1
 0.0001 0.0003 0.0008 0.0018 0.0042 0.011 0.0382 0.097 0.2134 0.4134 0.6459 0.825 0.9195 0.9675 0.9855 0.996 0.9985 1 1 1
 0.0001 0.0003 0.0008 0.0018 0.0042 0.011 0.0382 0.097 0.2134 0.4134 0.6459 0.825 0.9195 0.9675 0.9855 0.996 0.9985 1 1 1
 0.0001 0.0003 0.0008 0.0018 0.0042 0.011 0.0382 0.097 0.2134 0.4134 0.6459 0.825 0.9195 0.9675 0.9855 0.996 0.9985 1 1 1
 0.0001 0.0003 0.0008 0.0018 0.0042 0.011 0.0382 0.097 0.2134 0.4134 0.6459 0.825 0.9195 0.9675 0.9855 0.996 0.9985 1 1 1
 0.0001 0.0003 0.0008 0.0018 0.0042 0.011 0.0382 0.097 0.2134 0.4134 0.6459 0.825 0.9195 0.9675 0.9855 0.996 0.9985 1 1 1
 0.0001 0.0003 0.0008 0.0018 0.0042 0.011 0.0382 0.097 0.2134 0.4134 0.6459 0.825 0.9195 0.9675 0.9855 0.996 0.9985 1 1 1
 0.0001 0.0003 0.0008 0.0018 0.0042 0.011 0.0382 0.097 0.2134 0.4134 0.6459 0.825 0.9195 0.9675 0.9855 0.996 0.9985 1 1 1
 0.0001 0.0003 0.0008 0.0018 0.0042 0.011 0.0382 0.097 0.2134 0.4134 0.6459 0.825 0.9195 0.9675 0.9855 0.996 0.9985 1 1 1
 0.0001 0.0003 0.0008 0.0018 0.0042 0.011 0.0382 0.097 0.2134 0.4134 0.6459 0.825 0.9195 0.9675 0.9855 0.996 0.9985 1 1 1
 0.0001 0.0003 0.0008 0.0018 0.0042 0.011 0.0382 0.097 0.2134 0.4134 0.6459 0.825 0.9195 0.9675 0.9855 0.996 0.9985 1 1 1
 0.0001 0.0003 0.0008 0.0018 0.0042 0.011 0.0382 0.097 0.2134 0.4134 0.6459 0.825 0.9195 0.9675 0.9855 0.996 0.9985 1 1 1
 0.0001 0.0003 0.0008 0.0018 0.0042 0.011 0.0382 0.097 0.2134 0.4134 0.6459 0.825 0.9195 0.9675 0.9855 0.996 0.9985 1 1 1
 0.0001 0.0003 0.0008 0.0018 0.0042 0.011 0.0382 0.097 0.2134 0.4134 0.6459 0.825 0.9195 0.9675 0.9855 0.996 0.9985 1 1 1
 0.0001 0.0003 0.0008 0.0018 0.0042 0.011 0.0382 0.097 0.2134 0.4134 0.6459 0.825 0.9195 0.9675 0.9855 0.996 0.9985 1 1 1
 0.0001 0.0003 0.0008 0.0018 0.0042 0.011 0.0382 0.097 0.2134 0.4134 0.6459 0.825 0.9195 0.9675 0.9855 0.996 0.9985 1 1 1
 0.0001 0.0003 0.0008 0.0018 0.0042 0.011 0.0382 0.097 0.2134 0.4134 0.6459 0.825 0.9195 0.9675 0.9855 0.996 0.9985 1 1 1
 0.0001 0.0003 0.0008 0.0018 0.0042 0.011 0.0382 0.097 0.2134 0.4134 0.6459 0.825 0.9195 0.9675 0.9855 0.996 0.9985 1 1 1
 0.0001 0.0003 0.0008 0.0018 0.0042 0.011 0.0382 0.097 0.2134 0.4134 0.6459 0.825 0.9195 0.9675 0.9855 0.996 0.9985 1 1 1
 0.0001 0.0003 0.0008 0.0018 0.0042 0.011 0.0382 0.097 0.2134 0.4134 0.6459 0.825 0.9195 0.9675 0.9855 0.996 0.9985 1 1 1
 0.0001 0.0003 0.0008 0.0018 0.0042 0.011 0.0382 0.097 0.2134 0.4134 0.6459 0.825 0.9195 0.9675 0.9855 0.996 0.9985 1 1 1
 0.0001 0.0003 0.0008 0.0018 0.0042 0.011 0.0382 0.097 0.2134 0.4134 0.6459 0.825 0.9195 0.9675 0.9855 0.996 0.9985 1 1 1
 0.0001 0.0003 0.0008 0.0018 0.0042 0.011 0.0382 0.097 0.2134 0.4134 0.6459 0.825 0.9195 0.9675 0.9855 0.996 0.9985 1 1 1
 0.0001 0.0003 0.0008 0.0018 0.0042 0.011 0.0382 0.097 0.2134 0.4134 0.6459 0.825 0.9195 0.9675 0.9855 0.996 0.9985 1 1 1
 0.0001 0.0003 0.0008 0.0018 0.0042 0.011 0.0382 0.097 0.2134 0.4134 0.6459 0.825 0.9195 0.9675 0.9855 0.996 0.9985 1 1 1
 0.0001 0.0003 0.0008 0.0018 0.0042 0.011 0.0382 0.097 0.2134 0.4134 0.6459 0.825 0.9195 0.9675 0.9855 0.996 0.9985 1 1 1
 0.0001 0.0003 0.0008 0.0018 0.0042 0.011 0.0382 0.097 0.2134 0.4134 0.6459 0.825 0.9195 0.9675 0.9855 0.996 0.9985 1 1 1
 0.0001 0.0003 0.0008 0.0018 0.0042 0.011 0.0382 0.097 0.2134 0.4134 0.6459 0.825 0.9195 0.9675 0.9855 0.996 0.9985 1 1 1
 0.0001 0.0003 0.0008 0.0018 0.0042 0.011 0.0382 0.097 0.2134 0.4134 0.6459 0.825 0.9195 0.9675 0.9855 0.996 0.9985 1 1 1
 0.0001 0.0003 0.0008 0.0018 0.0042 0.011 0.0382 0.097 0.2134 0.4134 0.6459 0.825 0.9195 0.9675 0.9855 0.996 0.9985 1 1 1
 0.0001 0.0003 0.0008 0.0018 0.0042 0.011 0.0382 0.097 0.2134 0.4134 0.6459 0.825 0.9195 0.9675 0.9855 0.996 0.9985 1 1 1
 0.0001 0.0003 0.0008 0.0018 0.0042 0.011 0.0382 0.097 0.2134 0.4134 0.6459 0.825 0.9195 0.9675 0.9855 0.996 0.9985 1 1 1
 0.0001 0.0003 0.0008 0.0018 0.0042 0.011 0.0382 0.097 0.2134 0.4134 0.6459 0.825 0.9195 0.9675 0.9855 0.996 0.9985 1 1 1
 0.0001 0.0003 0.0008 0.0018 0.0042 0.011 0.0382 0.097 0.2134 0.4134 0.6459 0.825 0.9195 0.9675 0.9855 0.996 0.9985 1 1 1
 0.0001 0.0003 0.0008 0.0018 0.0042 0.011 0.0382 0.097 0.2134 0.4134 0.6459 0.825 0.9195 0.9675 0.9855 0.996 0.9985 1 1 1
 0.0001 0.0003 0.0008 0.0018 0.0042 0.011 0.0382 0.097 0.2134 0.4134 0.6459 0.825 0.9195 0.9675 0.9855 0.996 0.9985 1 1 1
 0.0001 0.0003 0.0008 0.0018 0.0042 0.011 0.0382 0.097 0.2134 0.4134 0.6459 0.825 0.9195 0.9675 0.9855 0.996 0.9985 1 1 1
 0.0001 0.0003 0.0008 0.0018 0.0042 0.011 0.0382 0.097 0.2134 0.4134 0.6459 0.825 0.9195 0.9675 0.9855 0.996 0.9985 1 1 1
 0.0001 0.0003 0.0008 0.0018 0.0042 0.011 0.0382 0.097 0.2134 0.4134 0.6459 0.825 0.9195 0.9675 0.9855 0.996 0.9985 1 1 1
 0.0001 0.0003 0.0008 0.0018 0.0042 0.011 0.0382 0.097 0.2134 0.4134 0.6459 0.825 0.9195 0.9675 0.9855 0.996 0.9985 1 1 1
 0.0001 0.0003 0.0008 0.0018 0.0042 0.011 0.0382 0.097 0.2134 0.4134 0.6459 0.825 0.9195 0.9675 0.9855 0.996 0.9985 1 1 1
 0.0001 0.0003 0.0008 0.0018 0.0042 0.011 0.0382 0.097 0.2134 0.4134 0.6459 0.825 0.9195 0.9675 0.9855 0.996 0.9985 1 1 1
 0.0001 0.0003 0.0008 0.0018 0.0042 0.011 0.0382 0.097 0.2134 0.4134 0.6459 0.825 0.9195 0.9675 0.9855 0.996 0.9985 1 1 1
 0.0001 0.0003 0.0008 0.0018 0.0042 0.011 0.0382 0.097 0.2134 0.4134 0.6459 0.825 0.9195 0.9675 0.9855 0.996 0.9985 1 1 1
 0.0001 0.0003 0.0008 0.0018 0.0042 0.011 0.0382 0.097 0.2134 0.4134 0.6459 0.825 0.9195 0.9675 0.9855 0.996 0.9985 1 1 1
 0.0001 0.0003 0.0008 0.0018 0.0042 0.011 0.0382 0.097 0.2134 0.4134 0.6459 0.825 0.9195 0.9675 0.9855 0.996 0.9985 1 1 1
 0.0001 0.0003 0.0008 0.0018 0.0042 0.011 0.0382 0.097 0.2134 0.4134 0.6459 0.825 0.9195 0.9675 0.9855 0.996 0.9985 1 1 1
 0.0001 0.0003 0.0008 0.0018 0.0042 0.011 0.0382 0.097 0.2134 0.4134 0.6459 0.825 0.9195 0.9675 0.9855 0.996 0.9985 1 1 1
 0.0001 0.0003 0.0008 0.0018 0.0042 0.011 0.0382 0.097 0.2134 0.4134 0.6459 0.825 0.9195 0.9675 0.9855 0.996 0.9985 1 1 1
 0.0001 0.0003 0.0008 0.0018 0.0042 0.011 0.0382 0.097 0.2134 0.4134 0.6459 0.825 0.9195 0.9675 0.9855 0.996 0.9985 1 1 1
 0.0001 0.0003 0.0008 0.0018 0.0042 0.011 0.0382 0.097 0.2134 0.4134 0.6459 0.825 0.9195 0.9675 0.9855 0.996 0.9985 1 1 1
 0.0001 0.0003 0.0008 0.0018 0.0042 0.011 0.0382 0.097 0.2134 0.4134 0.6459 0.825 0.9195 0.9675 0.9855 0.996 0.9985 1 1 1
 0.0001 0.0003 0.0008 0.0018 0.0042 0.011 0.0382 0.097 0.2134 0.4134 0.6459 0.825 0.9195 0.9675 0.9855 0.996 0.9985 1 1 1
 0.0001 0.0003 0.0008 0.0018 0.0042 0.011 0.0382 0.097 0.2134 0.4134 0.6459 0.825 0.9195 0.9675 0.9855 0.996 0.9985 1 1 1
 0.0001 0.0003 0.0008 0.0018 0.0042 0.011 0.0382 0.097 0.2134 0.4134 0.6459 0.825 0.9195 0.9675 0.9855 0.996 0.9985 1 1 1
 0.0001 0.0003 0.0008 0.0018 0.0042 0.011 0.0382 0.097 0.2134 0.4134 0.6459 0.825 0.9195 0.9675 0.9855 0.996 0.9985 1 1 1
 0.0001 0.0003 0.0008 0.0018 0.0042 0.011 0.0382 0.097 0.2134 0.4134 0.6459 0.825 0.9195 0.9675 0.9855 0.996 0.9985 1 1 1
 0.0001 0.0003 0.0008 0.0018 0.0042 0.011 0.0382 0.097 0.2134 0.4134 0.6459 0.825 0.9195 0.9675 0.9855 0.996 0.9985 1 1 1
 0.0001 0.0003 0.0008 0.0018 0.0042 0.011 0.0382 0.097 0.2134 0.4134 0.6459 0.825 0.9195 0.9675 0.9855 0.996 0.9985 1 1 1
 0.0001 0.0003 0.0008 0.0018 0.0042 0.011 0.0382 0.097 0.2134 0.4134 0.6459 0.825 0.9195 0.9675 0.9855 0.996 0.9985 1 1 1
 0.0001 0.0003 0.0008 0.0018 0.0042 0.011 0.0382 0.097 0.2134 0.4134 0.6459 0.825 0.9195 0.9675 0.9855 0.996 0.9985 1 1 1
 0.0001 0.0003 0.0008 0.0018 0.0042 0.011 0.0382 0.097 0.2134 0.4134 0.6459 0.825 0.9195 0.9675 0.9855 0.996 0.9985 1 1 1
 0.0001 0.0003 0.0008 0.0018 0.0042 0.011 0.0382 0.097 0.2134 0.4134 0.6459 0.825 0.9195 0.9675 0.9855 0.996 0.9985 1 1 1
 0.0001 0.0003 0.0008 0.0018 0.0042 0.011 0.0382 0.097 0.2134 0.4134 0.6459 0.825 0.9195 0.9675 0.9855 0.996 0.9985 1 1 1
 0.0001 0.0003 0.0008 0.0018 0.0042 0.011 0.0382 0.097 0.2134 0.4134 0.6459 0.825 0.9195 0.9675 0.9855 0.996 0.9985 1 1 1
 0.0001 0.0003 0.0008 0.0018 0.0042 0.011 0.0382 0.097 0.2134 0.4134 0.6459 0.825 0.9195 0.9675 0.9855 0.996 0.9985 1 1 1
 0.0001 0.0003 0.0008 0.0018 0.0042 0.011 0.0382 0.097 0.2134 0.4134 0.6459 0.825 0.9195 0.9675 0.9855 0.996 0.9985 1 1 1
#init_age_comp
1
#n_env_cov
 3
#env_cov
 -0.638038 0.526697 -0.440863 -0.267789 -0.961537 0.65321 -0.319793 0.423992 -0.0994503 0.320102 -0.709351 0.542315 -1.17948 -1.00072 0.845506 0.0363572 0.910699 -2.13683 -0.487322 -0.0693917 0.809441 1.26564 0.895781 0.965542 -0.982461 -0.998258 -1.54355 -1.46909 -1.51522 -0.201822 -1.83256 -0.877141 0.786285 0.839544 2.34417 0.0691956 2.00124 2.35446 1.14047
 -5.58974 3.41026 5.41026 4.41026 -0.589744 -7.58974 0.410256 2.41026 0.410256 3.41026 1.41026 0.410256 -0.589744 0.410256 4.41026 3.41026 5.41026 -11.5897 -11.5897 -5.58974 -1.58974 -1.58974 1.41026 -0.589744 -1.58974 7.41026 0.410256 -1.58974 3.41026 1.41026 0.410256 5.41026 4.41026 -1.58974 -3.58974 0.410256 -0.589744 -0.589744 -3.58974
 3.36565 1.59536 -2.586 -1.38184 0.366244 -5.15851 -0.332013 0.821114 -0.241616 0.890814 -1.20118 0.0216721 0.494772 -0.611366 3.52808 -0.0768286 4.7263 24.5645 5.44712 0.187066 -1.48762 -2.21286 1.06247 -0.770238 1.36105 -7.59816 -0.834066 2.13466 -5.36811 -0.485436 -0.952634 -4.94637 3.2669 -1.53548 -8.61578 -0.172428 -1.38103 -1.58934 -4.29483
#spawnmo
5
#srv_mo
 7
#n_wts
 2 24 40 49 87 77 57 79 39 44 42 53 53 41 19 16 12 4 4 16
 0 1 3 29 43 94 95 45 60 45 38 61 55 43 51 20 13 10 0 20
 0 0 11 55 82 79 79 61 53 56 58 38 42 43 53 34 21 12 5 34
 0 0 5 33 89 125 60 80 67 38 45 41 37 40 44 42 24 20 3 42
 0 0 2 9 40 86 162 53 66 48 46 34 39 30 35 27 32 11 12 27
 0 0 1 20 26 173 89 122 45 39 42 31 34 22 24 29 24 23 25 29
 0 0 2 3 52 7 146 69 51 12 19 15 18 31 19 10 12 12 16 10
 0 0 1 6 27 121 31 199 89 59 13 16 27 19 28 17 10 8 22 17
 0 0 2 18 27 62 151 31 187 58 56 12 13 17 9 26 21 13 14 26
 0 0 1 20 44 19 45 134 15 170 38 57 11 17 12 19 24 18 7 19
 0 0 1 31 57 54 23 26 91 11 98 14 32 11 14 19 12 18 12 19
 0 0 3 11 36 58 32 21 21 111 8 93 15 17 8 9 13 16 8 9
 0 2 6 9 17 45 78 45 32 21 94 1 61 5 25 10 5 8 16 10
 0 0 3 35 33 26 79 67 22 21 7 85 3 96 13 12 18 11 14 12
 0 0 5 16 122 36 28 44 43 28 17 21 71 14 89 15 12 16 15 15
 0 0 10 40 51 84 21 18 37 18 11 16 12 46 6 30 7 11 8 30
 0 0 7 15 41 49 101 31 27 32 35 33 15 16 21 9 40 20 14 9
 0 0 2 32 48 55 57 176 33 25 57 42 26 12 16 32 20 41 21 32
 0 0 1 4 29 23 28 63 92 20 30 25 21 12 15 16 24 24 30 16
 0 2 1 15 31 80 42 59 64 88 34 11 21 13 11 17 11 21 8 17
 0 0 11 22 28 45 120 56 55 43 75 32 15 32 19 20 14 15 23 20
 0 0 6 24 43 42 41 158 35 44 24 36 17 9 20 18 13 11 14 18
 1 13 24 42 89 81 42 40 112 24 15 20 24 12 5 20 19 12 9 20
 0 6 27 48 31 71 59 26 47 94 15 12 15 20 10 7 16 11 12 7
 0 1 20 40 44 28 48 34 18 22 41 9 10 9 8 9 3 8 12 9
 0 1 13 105 73 79 47 83 39 19 32 57 15 19 16 12 14 18 16 12
 0 0 4 16 119 102 99 68 75 34 21 35 53 16 11 11 20 11 13 11
 0 1 7 18 27 144 90 95 48 39 38 18 17 35 13 9 7 10 14 9
 0 0 9 45 70 66 149 82 80 32 35 21 15 16 23 14 8 14 21 11
 0 0 9 45 70 66 149 82 80 32 35 21 15 16 23 14 8 14 21 11
 0 0 9 45 70 66 149 82 80 32 35 21 15 16 23 14 8 14 21 11
#growth_cov
 0 0 0 0 0 0 0 0 0 0 0 0 0 0 0 0 0 0 0 0 0 0 0 0 0 0 0 0 0 0 0 0 0 0 0 0 0 0 0 0 0 0 0 0 0 0 0 0 0 0 0 0 0 0 0 0 0 0 0 0 0 0 0 0 0 0 0 0
